,sample_1,sample_2,sample_3,sample_4
MAR03905,95.2,153.6,569.6,365.0
MAR03907,83.6,119.9,315.0,1034.2
MAR04097,11.7,18.4,108.1,54.4
MAR04099,19.4,55.300000000000004,53.8,44.099999999999994
MAR04108,11.7,18.4,108.1,54.4
MAR04133,11.7,18.4,108.1,54.4
MAR04281_f,725.4000000000001,2781.5,562.8,3315.8
MAR04388_f,725.4000000000001,2781.5,562.8,3315.8
MAR04283,107.0,6.1,0.1,0.7
MAR08357,192.5,362.70000000000005,1478.0,1356.0
MAR04379,149.7,141.4,66.2,159.0
MAR04301,149.7,141.4,66.2,159.0
MAR04355,97.30000000000001,239.79999999999998,3410.5,5342.099999999999
MAR04358,832.4,528.6,3.8,206.4
MAR04360,27.2,21.5,24.1,17.0
MAR04363_f,548.4,670.0,357.8,1029.8
MAR04365_f,124.5,331.9,136.5,270.6
MAR04368_f,173.1,344.2,211.4,528.2
MAR04370,81.6,98.30000000000001,97.7,79.80000000000001
MAR04371,124.5,331.9,136.5,270.6
MAR04372,81.6,98.30000000000001,97.7,79.80000000000001
MAR04373_f,1034.7,2695.4,2146.8,6752.7
MAR04375_f,138.10000000000002,335.09999999999997,3415.0,5423.499999999999
MAR04377,52.5,58.4,590.8,628.6
MAR04381_f,52.5,83.0,106.6,98.5
MAR04391_f,377.3,1189.4,608.4,1501.3
MAR04394,38.9,21.5,0.8,17.900000000000002
MAR04396_f,17.5,58.300000000000004,224.0,66.8
MAR04521,42.8,9.2,5.8,30.3
MAR06412,3.9,46.1,15.3,28.1
MAR07745_f,62.2,15.4,51.6,196.9
MAR07747,-1.0,-1.0,-1.0,-1.0
MAR08360,70.0,166.0,435.1,224.8
MAR08652,42.8,9.2,5.8,30.3
MAR08757,-1.0,-1.0,-1.0,-1.0
MAR03989,15.5,15.399999999999999,33.4,85.0
MAR04122,21.4,46.1,239.0,78.4
MAR04837,-1.0,-1.0,-1.0,-1.0
MAR05395,35.0,30.7,13.8,18.3
MAR05396,35.0,30.7,13.8,18.3
MAR09727,13.6,9.2,219.7,8.0
MAR05397,27.2,21.5,64.9,45.7
MAR05398,35.0,15.299999999999999,63.5,17.1
MAR05399,13.6,18.4,91.0,17.5
MAR05400,13.6,18.4,91.0,17.5
MAR05401,35.0,15.299999999999999,63.5,17.1
MAR08568,-1.0,-1.0,-1.0,-1.0
MAR08569,-1.0,-1.0,-1.0,-1.0
MAR08570,-1.0,-1.0,-1.0,-1.0
MAR08571,-1.0,-1.0,-1.0,-1.0
MAR08572,-1.0,-1.0,-1.0,-1.0
MAR08573,-1.0,-1.0,-1.0,-1.0
MAR08574,-1.0,-1.0,-1.0,-1.0
MAR08575,-1.0,-1.0,-1.0,-1.0
MAR08576,-1.0,-1.0,-1.0,-1.0
MAR08577,-1.0,-1.0,-1.0,-1.0
MAR08578,-1.0,-1.0,-1.0,-1.0
MAR08579,-1.0,-1.0,-1.0,-1.0
MAR08581,-1.0,-1.0,-1.0,-1.0
MAR08591,1.9,9.2,11.1,6.6
MAR08592,11.7,3.1,18.7,17.3
MAR08580,-1.0,-1.0,-1.0,-1.0
MAR08582,-1.0,-1.0,-1.0,-1.0
MAR08587,1.9,9.2,11.1,6.6
MAR08589,11.7,3.1,18.7,17.3
MAR08583,-1.0,-1.0,-1.0,-1.0
MAR08584,-1.0,-1.0,-1.0,-1.0
MAR08585,11.7,9.2,0.9,6.0
MAR03944,48.6,196.7,597.8,277.0
MAR04128_f,42.8,27.7,40.8,67.5
MAR04130,21.4,46.1,144.8,131.9
MAR04131_f,9.7,18.4,74.8,42.7
MAR04132,9.7,18.4,74.8,42.7
MAR04303,13.6,12.299999999999999,29.799999999999997,23.9
MAR04414,25.299999999999997,67.6,151.5,144.0
MAR04415,3.9,3.1,0.9,14.1
MAR04416,182.8,494.79999999999995,626.5,666.0
MAR04774_f,149.7,141.4,66.2,159.0
MAR04775_f,149.7,141.4,66.2,159.0
MAR04831_f,-1.0,-1.0,-1.0,-1.0
MAR04832_f,3.9,3.1,0.9,14.1
MAR07674,149.8,9.2,175.2,49.6
MAR08761,21.4,67.6,387.6,741.7
MAR08762_f,138.10000000000002,335.09999999999997,3415.0,5423.499999999999
MAR08764,-1.0,-1.0,-1.0,-1.0
MAR08766_f,657.4,92.2,3.2,63.7
MAR08767,9.7,18.4,74.8,42.7
MAR00454,-1.0,-1.0,-1.0,-1.0
MAR04297,15.6,30.7,6.3,25.8
MAR04310,21.4,67.6,387.6,741.7
MAR04315_f,15.6,12.3,268.0,148.1
MAR04316_f,657.4,92.2,3.2,63.7
MAR04317,72.0,42.9,201.9,122.79999999999998
MAR04318,72.0,42.9,201.9,122.79999999999998
MAR04319,38.9,21.5,0.8,17.900000000000002
MAR04320,72.0,42.9,201.9,122.79999999999998
MAR04356,138.10000000000002,335.09999999999997,3415.0,5423.499999999999
MAR04383_f,13.6,12.3,18.8,29.5
MAR04385,44.7,101.4,126.8,142.79999999999998
MAR04386,23.3,30.8,49.7,27.799999999999997
MAR04387,17.5,27.7,27.1,19.4
MAR04399,44.7,86.1,17.1,41.0
MAR04400,11.7,43.0,73.0,78.0
MAR04401,9.7,18.4,9.3,13.3
MAR04402_f,-1.0,-1.0,-1.0,-1.0
MAR04403,-1.0,-1.0,-1.0,-1.0
MAR04490,38.9,21.5,0.8,17.900000000000002
MAR04706,15.6,30.7,6.3,25.8
MAR08768,11.7,43.0,73.0,78.0
MAR04590,163.4,651.6,4143.6,2642.2
MAR04591,44.7,61.4,113.6,122.9
MAR04592_f,657.4,92.2,3.2,63.7
MAR04593,15.6,12.3,268.0,148.1
MAR04594,-1.0,-1.0,-1.0,-1.0
MAR04595_f,-1.0,-1.0,-1.0,-1.0
MAR08341,811.0,405.70000000000005,420.9,1619.9
MAR08342_f,-1.0,-1.0,-1.0,-1.0
MAR08344_f,83.6,119.9,315.0,1034.2
MAR08352_f,54.5,316.6,334.2,736.6
MAR08353_f,-1.0,-1.0,-1.0,-1.0
MAR08726,15.6,33.8,37.7,92.6
MAR08727,44.7,18.4,75.8,47.0
MAR08728,-1.0,-1.0,-1.0,-1.0
MAR08729,81.7,33.8,11.3,16.0
MAR06537_f,83.6,119.9,315.0,1034.2
MAR01568,107.0,6.1,0.1,0.7
MAR03853,175.1,371.9,189.60000000000002,312.1
MAR03854,657.4,92.2,3.2,63.7
MAR03855,657.4,92.2,3.2,63.7
MAR03857,50.6,122.9,237.1,413.7
MAR03859,9.7,24.6,88.0,119.0
MAR04087,13.6,61.5,12.2,22.700000000000003
MAR04089,1.9,3.1,6.8,11.7
MAR04091,13.6,61.5,12.2,22.700000000000003
MAR04093,-1.0,-1.0,-1.0,-1.0
MAR04095,-1.0,-1.0,-1.0,-1.0
MAR04101,64.2,387.3,1050.8,2045.9
MAR04103,15.6,15.4,307.6,138.6
MAR04143,-1.0,-1.0,-1.0,-1.0
MAR04193,832.4,528.6,3.8,206.4
MAR08497,811.0,405.70000000000005,420.9,1619.9
MAR08498,-1.0,-1.0,-1.0,-1.0
MAR08499,-1.0,-1.0,-1.0,-1.0
MAR08500,811.0,405.70000000000005,420.9,1619.9
MAR08501,44.7,166.0,949.2,698.0
MAR08502_f,68.0,132.1,545.5,348.0
MAR08503,214.0,184.4,380.7,539.4000000000001
MAR08504,192.5,362.70000000000005,1478.0,1356.0
MAR08506,192.5,362.70000000000005,1478.0,1356.0
MAR08507,95.2,153.6,569.6,365.0
MAR08508,95.2,153.6,569.6,365.0
MAR08509,811.0,405.70000000000005,420.9,1619.9
MAR08511,50.6,122.9,237.1,413.7
MAR08512_f,9.7,24.6,88.0,119.0
MAR08514,9.7,24.6,88.0,119.0
MAR08516,25.3,95.3,20.4,90.1
MAR08517,-1.0,-1.0,-1.0,-1.0
MAR04280_f,435.6,2511.0,11.4,2857.5
MAR00153,31.099999999999998,73.7,161.9,98.5
MAR03212,120.5,353.5,1001.8,803.8
MAR03797,31.099999999999998,73.7,161.9,98.5
MAR03800,1.9,3.1,1.2,1.5
MAR04105,19.4,33.8,43.4,18.8
MAR04106,19.4,33.8,43.4,18.8
MAR04107,19.4,33.8,43.4,18.8
MAR04282,62.2,122.9,540.4,777.0
MAR04331_f,31.099999999999998,73.7,161.9,98.5
MAR04459,31.099999999999998,73.7,161.9,98.5
MAR04460,31.099999999999998,73.7,161.9,98.5
MAR04464,-1.0,-1.0,-1.0,-1.0
MAR04497,-1.0,-1.0,-1.0,-1.0
MAR04741,35.0,92.2,135.3,349.4
MAR08078,-1.0,-1.0,-1.0,-1.0
MAR09803_f,-1.0,-1.0,-1.0,-1.0
MAR09804_f,653.5,746.8999999999999,1867.7999999999997,2095.9
MAR00718,-1.0,-1.0,-1.0,-1.0
MAR00719,25.3,64.5,115.2,101.4
MAR01434_f,21.4,27.7,225.1,41.6
MAR01436,3.9,12.3,3.3,5.7
MAR03163,120.5,353.5,1001.8,803.8
MAR04461_f,134.2,261.3,208.0,802.6
MAR04604,40.8,15.4,441.9,18.5
MAR05351_f,435.6,2511.0,11.4,2857.5
MAR07709_f,79.7,150.6,825.2,234.6
MAR04052,62.300000000000004,86.0,63.800000000000004,34.6
MAR04304,11.7,30.7,0.7,17.3
MAR04350_f,15.6,33.8,37.7,92.6
MAR04351_f,21.4,6.1,6.2,18.1
MAR04352_f,21.4,6.1,6.2,18.1
MAR04354_f,5.8,6.1,10.8,10.7
MAR04398_f,11.7,61.5,52.8,118.9
MAR04404_f,68.1,67.6,77.3,211.5
MAR04473,25.3,61.5,63.4,60.8
MAR04474,25.3,61.5,63.4,60.8
MAR04476_f,3.9,52.2,55.3,174.2
MAR04477_f,15.6,36.9,18.6,48.9
MAR04501_f,68.1,67.6,77.3,211.5
MAR04565_f,142.0,221.3,181.1,293.1
MAR04567,149.7,141.4,66.2,159.0
MAR09799_f,-1.0,-1.0,-1.0,-1.0
MAR09800_f,21.4,67.6,387.6,741.7
MAR04623,-1.0,-1.0,-1.0,-1.0
MAR04625,54.5,98.3,100.8,211.3
MAR04710_f,5.8,6.1,10.8,10.7
MAR04841_f,107.0,6.1,0.1,0.7
MAR08074,15.6,33.8,37.7,92.6
MAR08653_f,54.5,98.3,100.8,211.3
MAR03998,29.1,15.399999999999999,128.1,49.0
MAR04000,11.7,9.2,0.8,11.7
MAR04002_f,235.29999999999998,627.0000000000001,796.0999999999999,1310.7
MAR04004_f,235.29999999999998,627.0000000000001,796.0999999999999,1310.7
MAR04010,138.20000000000002,218.2,108.6,306.0
MAR04081,138.20000000000002,218.2,108.6,306.0
MAR04082,138.20000000000002,218.2,108.6,306.0
MAR04012,38.9,86.10000000000001,154.0,67.8
MAR04014,50.599999999999994,30.800000000000004,5.1,54.7
MAR04020_f,212.0,531.7,379.5,784.4
MAR04022,11.7,9.2,0.8,11.7
MAR04038_f,21.4,24.6,25.1,47.4
MAR04040,46.599999999999994,73.69999999999999,25.7,93.5
MAR04042,60.3,89.1,34.5,97.1
MAR04046,9.7,15.4,10.6,18.9
MAR04048,50.599999999999994,30.800000000000004,5.1,54.7
MAR04080,15.5,33.8,15.100000000000001,5.199999999999999
MAR04085,103.1,375.0,348.6,647.4
MAR04086,103.1,375.0,348.6,647.4
MAR04134,29.1,15.399999999999999,128.1,49.0
MAR04135_f,212.0,531.7,379.5,784.4
MAR04168,44.7,49.2,35.9,97.8
MAR04171,832.4,528.6,3.8,206.4
MAR04290,1.9,3.1,0.7,0.1
MAR04406,-1.0,-1.0,-1.0,-1.0
MAR04412_f,70.0,95.3,108.39999999999999,97.0
MAR04417,138.20000000000002,218.2,108.6,306.0
MAR04418,56.4,181.3,21.8,28.4
MAR04419,66.1,135.3,35.8,123.39999999999999
MAR04421,832.4,528.6,3.8,206.4
MAR04449,138.20000000000002,218.2,108.6,306.0
MAR04450,138.20000000000002,218.2,108.6,306.0
MAR04451,-1.0,-1.0,-1.0,-1.0
MAR04452,56.4,181.3,21.8,28.4
MAR04453,9.7,15.4,10.6,18.9
MAR04480_f,490.0000000000001,1008.2,1410.0000000000002,2132.2000000000003
MAR04481,3.9,9.2,2.7,4.1
MAR04482,3.9,9.2,2.7,4.1
MAR04486,38.9,21.5,0.8,17.900000000000002
MAR04487,38.9,21.5,0.8,17.900000000000002
MAR04488,38.9,21.5,0.8,17.900000000000002
MAR04489,38.9,21.5,0.8,17.900000000000002
MAR04492,38.9,21.5,0.8,17.900000000000002
MAR04493,38.9,21.5,0.8,17.900000000000002
MAR04495,38.9,21.5,0.8,17.900000000000002
MAR04496,38.9,21.5,0.8,17.900000000000002
MAR04518,-1.0,-1.0,-1.0,-1.0
MAR04519,-1.0,-1.0,-1.0,-1.0
MAR04520,-1.0,-1.0,-1.0,-1.0
MAR04573,832.4,528.6,3.8,206.4
MAR04574_f,50.6,33.8,32.0,83.9
MAR04600,62.2,79.9,82.3,108.9
MAR04602,138.20000000000002,218.2,108.6,306.0
MAR04603_f,50.6,33.8,32.0,83.9
MAR04611,31.2,6.2,33.6,15.6
MAR04612,31.2,6.2,33.6,15.6
MAR04614,31.2,6.2,33.6,15.6
MAR04615,31.2,6.2,33.6,15.6
MAR04617,31.2,6.2,33.6,15.6
MAR04618,31.2,6.2,33.6,15.6
MAR04619,31.2,6.2,33.6,15.6
MAR04621,31.2,6.2,33.6,15.6
MAR04632,138.20000000000002,218.2,108.6,306.0
MAR04646,-1.0,-1.0,-1.0,-1.0
MAR04648,-1.0,-1.0,-1.0,-1.0
MAR04649,-1.0,-1.0,-1.0,-1.0
MAR04650,-1.0,-1.0,-1.0,-1.0
MAR04651_f,50.6,33.8,32.0,83.9
MAR04663_f,50.6,33.8,32.0,83.9
MAR04664,56.4,181.3,21.8,28.4
MAR04694,3.9,9.2,2.7,4.1
MAR04695_f,50.6,33.8,32.0,83.9
MAR04705,138.20000000000002,218.2,108.6,306.0
MAR04709_f,50.6,33.8,32.0,83.9
MAR04799,15.6,15.4,17.8,12.7
MAR04802,15.6,15.4,17.8,12.7
MAR04804_f,33.1,24.6,81.2,41.6
MAR04808,-1.0,-1.0,-1.0,-1.0
MAR04810,33.1,24.6,81.2,41.6
MAR04812_f,70.0,95.3,108.39999999999999,97.0
MAR04814_f,21.4,24.6,25.1,47.4
MAR05301,36.9,42.9,38.4,48.7
MAR05353_f,212.0,531.7,379.5,784.4
MAR06601,-1.0,-1.0,-1.0,-1.0
MAR06602_f,260.6,713.0,1371.6,724.4
MAR06603_f,260.6,713.0,1371.6,724.4
MAR06605_f,-1.0,-1.0,-1.0,-1.0
MAR06606_f,-1.0,-1.0,-1.0,-1.0
MAR06607_f,-1.0,-1.0,-1.0,-1.0
MAR06609_f,-1.0,-1.0,-1.0,-1.0
MAR06610,-1.0,-1.0,-1.0,-1.0
MAR06611_f,-1.0,-1.0,-1.0,-1.0
MAR07144,58.3,116.8,218.3,173.2
MAR08755,-1.0,-1.0,-1.0,-1.0
MAR09797,-1.0,-1.0,-1.0,-1.0
MAR04016_f,264.5,436.40000000000003,409.5,531.5
MAR04018_f,264.5,436.40000000000003,409.5,531.5
MAR04044_f,264.5,436.40000000000003,409.5,531.5
MAR04291_f,264.5,436.40000000000003,409.5,531.5
MAR04420,264.5,436.40000000000003,409.5,531.5
MAR04570_f,264.5,436.40000000000003,409.5,531.5
MAR04572,264.5,436.40000000000003,409.5,531.5
MAR04006_f,264.5,436.40000000000003,409.5,531.5
MAR04028_f,264.5,436.40000000000003,409.5,531.5
MAR04030_f,264.5,436.40000000000003,409.5,531.5
MAR04670_f,264.5,436.40000000000003,409.5,531.5
MAR04673_f,264.5,436.40000000000003,409.5,531.5
MAR04675,264.5,436.40000000000003,409.5,531.5
MAR06614_f,264.5,436.40000000000003,409.5,531.5
MAR06615_f,264.5,436.40000000000003,409.5,531.5
MAR06616_f,264.5,436.40000000000003,409.5,531.5
MAR04635_f,264.5,436.40000000000003,409.5,531.5
MAR03793_f,7.8,18.4,105.3,266.4
MAR03931,27.2,40.0,76.0,41.9
MAR03969,27.2,24.5,26.4,34.5
MAR03970,138.20000000000002,218.2,108.6,306.0
MAR04008_f,70.0,175.2,235.9,267.0
MAR04032,3.9,6.1,8.1,3.1
MAR04034,-1.0,-1.0,-1.0,-1.0
MAR04036,9.7,27.7,35.7,23.6
MAR04050_f,-1.0,-1.0,-1.0,-1.0
MAR04056,138.20000000000002,218.2,108.6,306.0
MAR04059,29.1,15.399999999999999,128.1,49.0
MAR04060,29.1,15.399999999999999,128.1,49.0
MAR04127,33.1,144.5,27.2,143.2
MAR04177,138.20000000000002,218.2,108.6,306.0
MAR04179,138.20000000000002,218.2,108.6,306.0
MAR04182,72.0,42.9,201.9,122.79999999999998
MAR04183,1.9,3.1,0.7,0.1
MAR04192,1.9,3.1,0.7,0.1
MAR04194,3.9,6.1,8.1,3.1
MAR04210,832.4,528.6,3.8,206.4
MAR04211,44.7,49.2,35.9,97.8
MAR04343,7.8,12.3,5.8,18.1
MAR04345_f,7.8,6.1,49.9,5.8
MAR04346,15.6,15.4,393.7,373.4
MAR04470,7.8,6.1,49.9,5.8
MAR04471,7.8,6.1,49.9,5.8
MAR04472,7.8,6.1,49.9,5.8
MAR04484,138.20000000000002,218.2,108.6,306.0
MAR04485_f,33.1,30.7,80.9,125.8
MAR04510,138.20000000000002,218.2,108.6,306.0
MAR04512_f,70.0,175.2,235.9,267.0
MAR04513,9.7,15.4,7.3,11.6
MAR04514,13.6,55.3,135.1,0.6
MAR04577,9.7,27.7,35.7,23.6
MAR04579_f,35.0,70.6,31.1,91.69999999999999
MAR04580,13.6,55.3,135.1,0.6
MAR04608_f,-1.0,-1.0,-1.0,-1.0
MAR04575_f,5.8,6.1,132.4,18.3
MAR04637_f,25.3,21.5,21.7,39.1
MAR04642,62.3,70.7,44.6,135.9
MAR04643,132.2,230.5,119.30000000000001,324.4
MAR04644_f,-1.0,-1.0,-1.0,-1.0
MAR04672,-1.0,-1.0,-1.0,-1.0
MAR04676,36.9,42.9,38.4,48.7
MAR04736,15.6,15.4,393.7,373.4
MAR04819,1.9,3.1,135.2,49.5
MAR05299,36.9,42.9,38.4,48.7
MAR05352,36.9,42.9,38.4,48.7
MAR05415,31.2,6.2,33.6,15.6
MAR05416,31.2,6.2,33.6,15.6
MAR05417,42.8,92.2,119.39999999999999,90.3
MAR06612_f,25.3,21.5,21.7,39.1
MAR06613_f,25.3,21.5,21.7,39.1
MAR06621_f,31.2,6.2,33.6,15.6
MAR06622,31.2,6.2,33.6,15.6
MAR06623,13.6,3.1,9.4,13.4
MAR06624,27.2,18.4,47.3,40.8
MAR06627_f,832.4,528.6,3.8,206.4
MAR07744_f,9.7,9.2,10.2,13.5
MAR08072,-1.0,-1.0,-1.0,-1.0
MAR08637,-1.0,-1.0,-1.0,-1.0
MAR03965,87.5,181.3,83.4,226.6
MAR03966,44.7,49.2,35.9,97.8
MAR03967_f,70.0,175.2,235.9,267.0
MAR03968_f,25.3,21.5,21.7,39.1
MAR03999,1.9,3.1,0.7,0.1
MAR04024_f,70.0,175.2,235.9,267.0
MAR04026_f,-1.0,-1.0,-1.0,-1.0
MAR04054,13.6,3.1,9.4,13.4
MAR04061,1.9,3.1,0.7,0.1
MAR04083,38.9,86.10000000000001,154.0,67.8
MAR04136,3269.2999999999997,9702.900000000001,4679.4,15205.699999999999
MAR04180,36.9,42.9,38.4,48.7
MAR04185,52.5,36.8,115.0,34.9
MAR04186,52.5,36.8,115.0,34.9
MAR04342,29.1,15.399999999999999,128.1,49.0
MAR04344_f,-1.0,-1.0,-1.0,-1.0
MAR04483,27.2,18.4,47.3,40.8
MAR04507,37.0,33.8,48.5,41.3
MAR04516,46.7,98.3,28.2,81.0
MAR04601,62.2,79.9,82.3,108.9
MAR04633,-1.0,-1.0,-1.0,-1.0
MAR04640,25.3,21.5,21.7,39.1
MAR04641,13.6,3.1,9.4,13.4
MAR04680_f,35.0,70.6,31.1,91.69999999999999
MAR04806,15.6,15.4,17.8,12.7
MAR05394,-1.0,-1.0,-1.0,-1.0
MAR06625,27.2,18.4,47.3,40.8
MAR06626,62.3,70.7,44.6,135.9
MAR07160,139.89999999999998,135.19999999999996,134.5,162.10000000000002
MAR07161,1.9,3.1,4.2,3.3
MAR07162,1.9,3.1,4.2,3.3
MAR07163,15.6,15.4,4.2,11.0
MAR07164,15.6,15.4,4.2,11.0
MAR07713,138.20000000000002,218.2,108.6,306.0
MAR07716,138.20000000000002,218.2,108.6,306.0
MAR07717,138.20000000000002,218.2,108.6,306.0
MAR07721,138.20000000000002,218.2,108.6,306.0
MAR07725,138.20000000000002,218.2,108.6,306.0
MAR07728,138.20000000000002,218.2,108.6,306.0
MAR07800_f,-1.0,-1.0,-1.0,-1.0
MAR07801_f,48.6,181.3,303.3,155.2
MAR07802_f,-1.0,-1.0,-1.0,-1.0
MAR07863_f,70.0,175.2,235.9,267.0
MAR07864_f,70.0,175.2,235.9,267.0
MAR07865_f,70.0,175.2,235.9,267.0
MAR07866_f,70.0,175.2,235.9,267.0
MAR07867_f,70.0,175.2,235.9,267.0
MAR07868_f,70.0,175.2,235.9,267.0
MAR07869_f,70.0,175.2,235.9,267.0
MAR07870_f,70.0,175.2,235.9,267.0
MAR07871_f,70.0,175.2,235.9,267.0
MAR07872_f,70.0,175.2,235.9,267.0
MAR07873_f,70.0,175.2,235.9,267.0
MAR07874_f,70.0,175.2,235.9,267.0
MAR07875_f,-1.0,-1.0,-1.0,-1.0
MAR07876_f,70.0,175.2,235.9,267.0
MAR07878_f,264.5,436.40000000000003,409.5,531.5
MAR07879,44.7,49.2,35.9,97.8
MAR07880,54.5,61.5,43.7,134.1
MAR07881_f,73.89999999999999,181.29999999999998,181.6,262.8
MAR07882_f,73.89999999999999,181.29999999999998,181.6,262.8
MAR07883_f,272.3,439.5,410.9,537.4
MAR07884_f,73.89999999999999,181.29999999999998,181.6,262.8
MAR07885_f,73.89999999999999,181.29999999999998,181.6,262.8
MAR07886_f,272.3,439.5,410.9,537.4
MAR07887_f,73.89999999999999,181.29999999999998,181.6,262.8
MAR07888_f,73.89999999999999,181.29999999999998,181.6,262.8
MAR07889_f,73.89999999999999,181.29999999999998,181.6,262.8
MAR07890_f,272.3,439.5,410.9,537.4
MAR07891_f,73.89999999999999,181.29999999999998,181.6,262.8
MAR07892_f,73.89999999999999,181.29999999999998,181.6,262.8
MAR07893_f,73.89999999999999,181.29999999999998,181.6,262.8
MAR07894_f,272.3,439.5,410.9,537.4
MAR07895_f,272.3,439.5,410.9,537.4
MAR08083,50.599999999999994,30.800000000000004,5.1,54.7
MAR08085,50.599999999999994,30.800000000000004,5.1,54.7
MAR08087,50.599999999999994,30.800000000000004,5.1,54.7
MAR08443,58.3,116.8,218.3,173.2
MAR08444,58.3,116.8,218.3,173.2
MAR08445,36.9,42.9,38.4,48.7
MAR08446,-1.0,-1.0,-1.0,-1.0
MAR08448_f,70.0,175.2,235.9,267.0
MAR08449_f,70.0,175.2,235.9,267.0
MAR08450_f,70.0,175.2,235.9,267.0
MAR08451_f,70.0,175.2,235.9,267.0
MAR08452_f,70.0,175.2,235.9,267.0
MAR08453_f,70.0,175.2,235.9,267.0
MAR08454_f,70.0,175.2,235.9,267.0
MAR08455_f,70.0,175.2,235.9,267.0
MAR08456_f,70.0,175.2,235.9,267.0
MAR08457_f,70.0,175.2,235.9,267.0
MAR08458_f,70.0,175.2,235.9,267.0
MAR08459_f,70.0,175.2,235.9,267.0
MAR08460_f,70.0,175.2,235.9,267.0
MAR08461_f,-1.0,-1.0,-1.0,-1.0
MAR08462_f,70.0,175.2,235.9,267.0
MAR08463_f,70.0,175.2,235.9,267.0
MAR08464_f,70.0,175.2,235.9,267.0
MAR08465_f,70.0,175.2,235.9,267.0
MAR08466_f,70.0,175.2,235.9,267.0
MAR08467_f,70.0,175.2,235.9,267.0
MAR08468_f,70.0,175.2,235.9,267.0
MAR08469_f,70.0,175.2,235.9,267.0
MAR08470_f,70.0,175.2,235.9,267.0
MAR08471_f,70.0,175.2,235.9,267.0
MAR08472_f,70.0,175.2,235.9,267.0
MAR08473,-1.0,-1.0,-1.0,-1.0
MAR08474,29.1,15.399999999999999,128.1,49.0
MAR08477_f,9.7,15.4,7.3,11.6
MAR08478_f,9.7,15.4,7.3,11.6
MAR08479_f,9.7,15.4,7.3,11.6
MAR08480,-1.0,-1.0,-1.0,-1.0
MAR08481_f,-1.0,-1.0,-1.0,-1.0
MAR08482,15.6,52.2,43.4,48.4
MAR08483,87.5,181.3,83.4,226.6
MAR08484,-1.0,-1.0,-1.0,-1.0
MAR08485,17.5,3.1,11.9,11.6
MAR08486_f,50.6,33.8,32.0,83.9
MAR08487,15.6,27.7,18.9,89.5
MAR08488,44.7,49.2,35.9,97.8
MAR08489,44.7,49.2,35.9,97.8
MAR08493,7.8,6.1,77.2,28.0
MAR08494,7.8,6.1,77.2,28.0
MAR08495,7.8,6.1,77.2,28.0
MAR03802_f,60.3,95.3,375.8,131.5
MAR03804_f,60.3,95.3,375.8,131.5
MAR03811,37.0,64.5,1030.8,1113.7
MAR03813_f,29.2,64.5,508.0,221.3
MAR03822,40.8,40.0,323.4,255.4
MAR03827_f,40.8,58.4,167.1,61.0
MAR03829_f,64.2,190.6,192.1,134.0
MAR03862,23.3,76.8,3.1,209.9
MAR03865,40.8,58.4,167.1,61.0
MAR03870,9.7,3.1,37.5,16.7
MAR03873,-1.0,-1.0,-1.0,-1.0
MAR08654,-1.0,-1.0,-1.0,-1.0
MAR03890,89.5,79.9,667.1,43.2
MAR03892,355.9,52.2,4.2,517.3
MAR09802,-1.0,-1.0,-1.0,-1.0
MAR03899_f,5.8,21.5,191.0,151.6
MAR03903,-1.0,-1.0,-1.0,-1.0
MAR04109_f,13.6,12.3,103.4,28.4
MAR04114,31.1,116.8,238.9,671.8
MAR04115,31.1,116.8,238.9,671.8
MAR04118,9.7,3.1,37.5,16.7
MAR04172,23.3,76.8,3.1,209.9
MAR04196,-1.0,-1.0,-1.0,-1.0
MAR04197,11.7,24.6,17.7,36.6
MAR04287,289.8,270.5,551.4,458.3
MAR04690,-1.0,-1.0,-1.0,-1.0
MAR04693_f,1.9,6.1,263.2,76.0
MAR06780,40.8,58.4,167.1,61.0
MAR06968_f,-1.0,-1.0,-1.0,-1.0
MAR06969_f,13.6,9.2,26.8,433.6
MAR06970_f,5.8,21.5,191.0,151.6
MAR06971_f,42.8,95.3,59.1,159.5
MAR06972_f,42.8,95.3,59.1,159.5
MAR07641,-1.0,-1.0,-1.0,-1.0
MAR07642_f,-1.0,-1.0,-1.0,-1.0
MAR08626,-1.0,-1.0,-1.0,-1.0
MAR08628,13.6,9.2,26.8,433.6
MAR03806_f,40.8,40.0,323.4,255.4
MAR03807_f,23.3,58.4,164.2,135.0
MAR03809_f,-1.0,-1.0,-1.0,-1.0
MAR03816,-1.0,-1.0,-1.0,-1.0
MAR03819_f,40.8,40.0,323.4,255.4
MAR03820_f,40.8,40.0,323.4,255.4
MAR03832,-1.0,-1.0,-1.0,-1.0
MAR03833,46.7,43.1,22.4,39.2
MAR03835,46.7,43.1,22.4,39.2
MAR03837,31.1,40.0,15.7,27.7
MAR03895,-1.0,-1.0,-1.0,-1.0
MAR03897,-1.0,-1.0,-1.0,-1.0
MAR03956_f,5.8,3.1,1.5,2.2
MAR03993,-1.0,-1.0,-1.0,-1.0
MAR04073,60.3,92.2,58.1,88.5
MAR04075,33.1,55.3,56.6,83.5
MAR04077,144.0,504.0,106.5,494.9
MAR04190_f,-1.0,-1.0,-1.0,-1.0
MAR04191,-1.0,-1.0,-1.0,-1.0
MAR04212,42.8,46.1,50.1,121.6
MAR04422,42.8,46.1,50.1,121.6
MAR04423,-1.0,-1.0,-1.0,-1.0
MAR04424,3.9,33.8,96.4,401.6
MAR04583_f,15.6,61.5,796.3,384.0
MAR04605,192.5,362.70000000000005,1478.0,1356.0
MAR04606,-1.0,-1.0,-1.0,-1.0
MAR04607,120.6,141.4,114.5,436.2
MAR04776,15.6,3.1,8.0,33.9
MAR04777,15.6,3.1,8.0,33.9
MAR04778,46.7,43.1,22.4,39.2
MAR04779,46.7,43.1,22.4,39.2
MAR04780,46.7,43.1,22.4,39.2
MAR04781,46.7,43.1,22.4,39.2
MAR04784,40.8,40.0,323.4,255.4
MAR04785,40.8,40.0,323.4,255.4
MAR04786,105.0,249.0,359.2,195.0
MAR04787,9.7,27.7,42.0,99.3
MAR05384,21.4,6.1,20.8,17.3
MAR06929_f,853.8,1804.2,1428.3000000000002,3056.6
MAR06930_f,853.8,1804.2,1428.3000000000002,3056.6
MAR06931,-1.0,-1.0,-1.0,-1.0
MAR06932,-1.0,-1.0,-1.0,-1.0
MAR06933,-1.0,-1.0,-1.0,-1.0
MAR06934,-1.0,-1.0,-1.0,-1.0
MAR06935,-1.0,-1.0,-1.0,-1.0
MAR06936,-1.0,-1.0,-1.0,-1.0
MAR06938_f,853.8,1804.2,1428.3000000000002,3056.6
MAR06939_f,853.8,1804.2,1428.3000000000002,3056.6
MAR06940_f,-1.0,-1.0,-1.0,-1.0
MAR06941,-1.0,-1.0,-1.0,-1.0
MAR06942,-1.0,-1.0,-1.0,-1.0
MAR06943,-1.0,-1.0,-1.0,-1.0
MAR06944,-1.0,-1.0,-1.0,-1.0
MAR06945,-1.0,-1.0,-1.0,-1.0
MAR06946,-1.0,-1.0,-1.0,-1.0
MAR06947,-1.0,-1.0,-1.0,-1.0
MAR06948,-1.0,-1.0,-1.0,-1.0
MAR06949,-1.0,-1.0,-1.0,-1.0
MAR06950,-1.0,-1.0,-1.0,-1.0
MAR06951,-1.0,-1.0,-1.0,-1.0
MAR06952,-1.0,-1.0,-1.0,-1.0
MAR06953,56.400000000000006,18.4,139.0,123.6
MAR06954,56.400000000000006,18.4,139.0,123.6
MAR06955_f,-1.0,-1.0,-1.0,-1.0
MAR06956_f,-1.0,-1.0,-1.0,-1.0
MAR06957_f,-1.0,-1.0,-1.0,-1.0
MAR06958,1.9,6.1,11.7,13.4
MAR06959,1.9,6.1,11.7,13.4
MAR06960_f,-1.0,-1.0,-1.0,-1.0
MAR06961,1.9,6.1,11.7,13.4
MAR06962,1.9,6.1,11.7,13.4
MAR06963,1.9,6.1,11.7,13.4
MAR06964,1.9,6.1,11.7,13.4
MAR06965_f,19.4,30.7,23.1,45.2
MAR06966_f,19.4,30.7,23.1,45.2
MAR06967_f,19.4,30.7,23.1,45.2
MAR06973_f,56.400000000000006,18.4,139.0,123.6
MAR08096_f,40.8,40.0,323.4,255.4
MAR08097_f,40.8,40.0,323.4,255.4
MAR08098,40.8,58.4,167.1,61.0
MAR08416,-1.0,-1.0,-1.0,-1.0
MAR08425_f,5.8,6.1,11.9,100.0
MAR08426,151.7,27.7,1.6,140.4
MAR08427_f,142.0,1976.3,12.799999999999999,128.89999999999998
MAR08431,-1.0,-1.0,-1.0,-1.0
MAR08432,1.9,3.1,108.1,13.6
MAR08603,853.8,1804.2,1428.3000000000002,3056.6
MAR08604,56.4,110.60000000000001,413.9,660.3
MAR08605,192.5,362.70000000000005,1478.0,1356.0
MAR08606,-1.0,-1.0,-1.0,-1.0
MAR08607,-1.0,-1.0,-1.0,-1.0
MAR08608,1.9,3.1,56.4,69.1
MAR08609,31.1,40.0,15.7,27.7
MAR08610,3.9,12.3,143.9,329.3
MAR08611,3.9,12.3,143.9,329.3
MAR04285,5.8,3.1,81.2,23.3
MAR00457,7.8,6.1,184.8,77.9
MAR00460,7.8,6.1,184.8,77.9
MAR03750_f,29.2,116.8,741.7,1535.8000000000002
MAR03752_f,27.2,64.6,666.1,201.39999999999998
MAR03770_f,54.400000000000006,135.3,599.5,209.39999999999998
MAR03771_f,29.2,116.8,741.7,1535.8000000000002
MAR03772_f,29.2,116.8,741.7,1535.8000000000002
MAR03782_f,29.2,116.8,741.7,1535.8000000000002
MAR03784_f,27.2,64.6,666.1,201.39999999999998
MAR03794_f,-1.0,-1.0,-1.0,-1.0
MAR03839_f,44.7,86.0,141.4,120.4
MAR03841_f,17.5,24.6,160.8,237.8
MAR03843,97.2,233.60000000000002,212.8,415.3
MAR03845_f,35.0,40.0,316.6,347.7
MAR03847_f,15.6,36.9,68.2,166.4
MAR03849,1.9,3.1,108.1,13.6
MAR03852,-1.0,-1.0,-1.0,-1.0
MAR03856,44.7,166.0,949.2,698.0
MAR03860,-1.0,-1.0,-1.0,-1.0
MAR03883,31.099999999999998,92.2,108.2,125.7
MAR03901,-1.0,-1.0,-1.0,-1.0
MAR03939_f,19.4,40.0,267.6,33.2
MAR03974,31.099999999999998,92.2,108.2,125.7
MAR04198,7.8,12.3,2154.5,382.9
MAR04199_f,5.8,6.1,11.9,100.0
MAR04200,31.099999999999998,92.2,108.2,125.7
MAR04284,-1.0,-1.0,-1.0,-1.0
MAR04348,29.2,76.8,104.8,119.8
MAR04466,62.2,33.8,58.2,133.0
MAR04467,7.8,12.3,2154.5,382.9
MAR04582_f,31.1,83.0,1466.3,2758.8
MAR04584_f,142.0,1976.3,12.799999999999999,128.89999999999998
MAR04696,9.7,3.1,41.6,72.6
MAR04697,38.9,61.5,86.7,274.6
MAR04698,38.9,61.5,86.7,274.6
MAR04699,85.6,86.0,939.4000000000001,1145.4
MAR04700_f,7.8,9.2,91.6,58.8
MAR04742,19.4,40.0,267.6,33.2
MAR04788,15.6,30.7,2259.8,649.3
MAR04789,1.9,3.1,56.4,69.1
MAR04791,7.8,12.3,2154.5,382.9
MAR04792_f,5.8,3.1,163.4,49.1
MAR04937_f,-1.0,-1.0,-1.0,-1.0
MAR05392,9.7,6.1,55.8,18.5
MAR05393,17.5,12.3,213.0,194.3
MAR06409_f,72.0,190.6,82.2,161.4
MAR07702_f,44.7,166.0,949.2,698.0
MAR07703,5.8,27.7,276.9,387.9
MAR08433,21.4,3.1,78.7,22.2
MAR08434,64.2,248.9,279.2,488.7
MAR08439,7.8,9.2,91.6,58.8
MAR08440,38.9,61.5,86.7,274.6
MAR08441,9.7,3.1,41.6,72.6
MAR08442,-1.0,-1.0,-1.0,-1.0
MAR09718,-1.0,-1.0,-1.0,-1.0
MAR09486,3.9,9.2,8.5,10.9
MAR04426_f,190.60000000000002,347.1,277.5,485.6
MAR04428,5.8,12.3,63.5,315.4
MAR04429,58.3,126.0,181.9,253.7
MAR04430,56.4,110.60000000000001,413.9,660.3
MAR04431,107.0,6.1,0.1,0.7
MAR04437,-1.0,-1.0,-1.0,-1.0
MAR04658_f,9.7,27.7,364.6,312.4
MAR04660,-1.0,-1.0,-1.0,-1.0
MAR04712,-1.0,-1.0,-1.0,-1.0
MAR05336_f,229.6,381.0,284.8,1043.9
MAR05337_f,64.2,58.400000000000006,66.60000000000001,74.00000000000001
MAR05338,70.0,27.6,191.5,73.6
MAR05339_f,229.6,381.0,284.8,1043.9
MAR05340,229.6,381.0,284.8,1043.9
MAR08783,-1.0,-1.0,-1.0,-1.0
MAR08784,192.5,362.70000000000005,1478.0,1356.0
MAR08786,124.4,245.9,1184.1000000000001,1091.9
MAR04239,13.6,18.4,22.5,47.7
MAR04241_f,461.0,159.79999999999995,403.4,238.6
MAR04288,-1.0,-1.0,-1.0,-1.0
MAR04596_f,-1.0,-1.0,-1.0,-1.0
MAR04597_f,-1.0,-1.0,-1.0,-1.0
MAR04599,83.6,98.3,274.4,168.0
MAR04667,142.0,30.7,189.2,50.6
MAR04668,-1.0,-1.0,-1.0,-1.0
MAR04737,38.9,61.5,86.7,274.6
MAR04739,38.9,61.5,86.7,274.6
MAR04740_f,-1.0,-1.0,-1.0,-1.0
MAR06415,13.6,33.8,37.3,68.3
MAR06974,-1.0,-1.0,-1.0,-1.0
MAR06975,437.6,141.29999999999998,395.19999999999993,226.8
MAR06976,437.6,141.29999999999998,395.19999999999993,226.8
MAR06977,437.6,141.29999999999998,395.19999999999993,226.8
MAR06978,35.0,12.3,108.1,49.2
MAR06979,11.7,6.1,11.8,13.1
MAR06980,5.8,3.1,163.4,49.1
MAR06981,42.8,83.0,159.1,166.7
MAR06982,35.0,190.6,33.3,1502.0
MAR06983,29.2,6.1,50.6,7.9
MAR06984,-1.0,-1.0,-1.0,-1.0
MAR06985,-1.0,-1.0,-1.0,-1.0
MAR08017,-1.0,-1.0,-1.0,-1.0
MAR08018,-1.0,-1.0,-1.0,-1.0
MAR08019,-1.0,-1.0,-1.0,-1.0
MAR08021,-1.0,-1.0,-1.0,-1.0
MAR08025,445.4,141.39999999999995,398.9,222.9
MAR08026,445.4,141.39999999999995,398.9,222.9
MAR08027,445.4,141.39999999999995,398.9,222.9
MAR08029,35.0,12.3,108.1,49.2
MAR03164,19.4,6.1,180.5,125.5
MAR03166,33.1,107.6,180.5,171.0
MAR03885_f,97.2,556.3,776.1,1447.9
MAR04250,-1.0,-1.0,-1.0,-1.0
MAR08091,5.8,12.3,63.5,315.4
MAR08092,56.4,110.60000000000001,413.9,660.3
MAR08563,124.4,245.9,1184.1000000000001,1091.9
MAR08564,11.7,24.6,17.7,36.6
MAR08565,-1.0,-1.0,-1.0,-1.0
MAR08566,42.8,15.4,8.6,1.5
MAR03935_f,37.0,83.0,170.4,194.0
MAR04681,5.8,12.3,63.5,315.4
MAR04682,56.4,110.60000000000001,413.9,660.3
MAR04683,107.0,6.1,0.1,0.7
MAR04685,107.0,6.1,0.1,0.7
MAR04686_f,107.0,6.1,0.1,0.7
MAR04687_f,107.0,6.1,0.1,0.7
MAR04702,-1.0,-1.0,-1.0,-1.0
MAR04703,1.9,3.1,701.6,145.2
MAR04704,1.9,3.1,701.6,145.2
MAR06988,-1.0,-1.0,-1.0,-1.0
MAR07689,19.4,169.1,259.2,113.9
MAR07701,-1.0,-1.0,-1.0,-1.0
MAR08094,-1.0,-1.0,-1.0,-1.0
MAR08529,-1.0,-1.0,-1.0,-1.0
MAR08530_f,68.0,132.1,545.5,348.0
MAR08533,-1.0,-1.0,-1.0,-1.0
MAR08534,19.4,169.1,259.2,113.9
MAR08535,19.4,169.1,259.2,113.9
MAR08537,-1.0,-1.0,-1.0,-1.0
MAR08541,-1.0,-1.0,-1.0,-1.0
MAR08542,-1.0,-1.0,-1.0,-1.0
MAR08543,-1.0,-1.0,-1.0,-1.0
MAR08544,-1.0,-1.0,-1.0,-1.0
MAR08630,-1.0,-1.0,-1.0,-1.0
MAR08540,-1.0,-1.0,-1.0,-1.0
MAR03206,48.6,132.2,180.5,171.0
MAR03208,15.6,40.0,47.4,68.7
MAR03213,5.8,86.1,95.7,69.8
MAR03215,29.2,27.7,105.2,35.0
MAR03747,-1.0,-1.0,-1.0,-1.0
MAR03744,17.5,76.8,10.0,38.8
MAR03757,179.0,663.9,993.9000000000001,945.8
MAR03761,62.2,122.9,540.4,777.0
MAR03777,-1.0,-1.0,-1.0,-1.0
MAR03778,17.5,76.8,10.0,38.8
MAR03795,62.2,122.9,540.4,777.0
MAR04797,192.5,362.70000000000005,1478.0,1356.0
MAR06417_f,11.7,24.6,40.9,30.4
MAR06419,1.9,3.1,1.2,1.5
MAR06420,11.7,24.6,40.9,30.4
MAR06421,1.9,3.1,1.2,1.5
MAR06422,11.7,24.6,40.9,30.4
MAR06923,-1.0,-1.0,-1.0,-1.0
MAR03765,17.5,76.8,10.0,38.8
MAR06924,-1.0,-1.0,-1.0,-1.0
MAR06925_f,653.5,746.8999999999999,1867.7999999999997,2095.9
MAR06926_f,17.5,27.7,35.2,36.7
MAR06927_f,17.5,27.7,35.2,36.7
MAR08088_f,1.9,6.1,263.2,76.0
MAR08787,19.4,33.8,43.4,18.8
MAR03743_f,29.2,116.8,741.7,1535.8000000000002
MAR03940,3.9,6.1,742.1,215.7
MAR04214,-1.0,-1.0,-1.0,-1.0
MAR04216,64.2,24.6,112.8,123.5
MAR04218,1.9,3.1,50.6,39.1
MAR04219,64.2,24.6,112.8,123.5
MAR04220_f,-1.0,-1.0,-1.0,-1.0
MAR04222_f,11.7,24.6,17.7,36.6
MAR04224,1.9,3.1,50.6,39.1
MAR04225,1.9,3.1,50.6,39.1
MAR04227,70.0,166.0,435.1,224.8
MAR04231,5.8,33.8,130.4,288.7
MAR04232_f,-1.0,-1.0,-1.0,-1.0
MAR04233,-1.0,-1.0,-1.0,-1.0
MAR04235,-1.0,-1.0,-1.0,-1.0
MAR04243,11.7,27.7,125.6,143.8
MAR04244,11.7,24.6,17.7,36.6
MAR04245,-1.0,-1.0,-1.0,-1.0
MAR04246_f,11.7,24.6,17.7,36.6
MAR04248_f,-1.0,-1.0,-1.0,-1.0
MAR06707,5.8,12.3,63.5,315.4
MAR06708_f,-1.0,-1.0,-1.0,-1.0
MAR06709_f,-1.0,-1.0,-1.0,-1.0
MAR06711,-1.0,-1.0,-1.0,-1.0
MAR06712_f,-1.0,-1.0,-1.0,-1.0
MAR06713,56.4,110.60000000000001,413.9,660.3
MAR06714,192.5,362.70000000000005,1478.0,1356.0
MAR06715,153.6,282.8,324.09999999999997,84.60000000000001
MAR06716,-1.0,-1.0,-1.0,-1.0
MAR06717,64.2,24.6,112.8,123.5
MAR06718,5.8,12.3,63.5,315.4
MAR06719,56.4,110.60000000000001,413.9,660.3
MAR06720,-1.0,-1.0,-1.0,-1.0
MAR06721,-1.0,-1.0,-1.0,-1.0
MAR06722_f,-1.0,-1.0,-1.0,-1.0
MAR06723_f,2359.0,4788.5,8849.699999999999,11589.6
MAR06725_f,105.0,249.0,359.2,195.0
MAR06726,56.4,110.6,1582.3,1484.3
MAR06727,637.9,2046.9,668.7,2208.9
MAR06728,-1.0,-1.0,-1.0,-1.0
MAR06729,-1.0,-1.0,-1.0,-1.0
MAR06730,153.6,282.8,324.09999999999997,84.60000000000001
MAR06731,5.8,12.3,63.5,315.4
MAR06734_f,-1.0,-1.0,-1.0,-1.0
MAR06735,153.6,282.8,324.09999999999997,84.60000000000001
MAR06736,153.6,282.8,324.09999999999997,84.60000000000001
MAR06738_f,-1.0,-1.0,-1.0,-1.0
MAR06739,153.6,282.8,324.09999999999997,84.60000000000001
MAR06740,5.8,12.3,63.5,315.4
MAR06741,-1.0,-1.0,-1.0,-1.0
MAR06742_f,-1.0,-1.0,-1.0,-1.0
MAR06743,-1.0,-1.0,-1.0,-1.0
MAR06744_f,-1.0,-1.0,-1.0,-1.0
MAR06745,56.4,110.60000000000001,413.9,660.3
MAR06746,153.6,282.8,324.09999999999997,84.60000000000001
MAR06747,56.4,110.60000000000001,413.9,660.3
MAR06748,107.0,6.1,0.1,0.7
MAR06749,107.0,6.1,0.1,0.7
MAR06750,153.6,282.8,324.09999999999997,84.60000000000001
MAR06751,56.4,110.60000000000001,413.9,660.3
MAR06752,56.4,110.60000000000001,413.9,660.3
MAR06753,107.0,6.1,0.1,0.7
MAR06754,107.0,6.1,0.1,0.7
MAR06755_f,153.6,282.8,324.09999999999997,84.60000000000001
MAR06756_f,68.0,132.1,545.5,348.0
MAR06757,153.6,282.8,324.09999999999997,84.60000000000001
MAR06758,56.4,110.60000000000001,413.9,660.3
MAR06759_f,-1.0,-1.0,-1.0,-1.0
MAR06760,107.0,6.1,0.1,0.7
MAR06761,107.0,6.1,0.1,0.7
MAR06762,153.6,282.8,324.09999999999997,84.60000000000001
MAR06763,153.6,282.8,324.09999999999997,84.60000000000001
MAR06764,56.4,110.60000000000001,413.9,660.3
MAR06765_f,-1.0,-1.0,-1.0,-1.0
MAR06766,107.0,6.1,0.1,0.7
MAR06767,107.0,6.1,0.1,0.7
MAR06768,105.0,249.0,359.2,195.0
MAR06770,-1.0,-1.0,-1.0,-1.0
MAR06771,637.9,2046.9,668.7,2208.9
MAR06772,56.4,110.6,1582.3,1484.3
MAR06774,19.4,86.1,623.2,422.1
MAR06776,9.7,33.8,416.3,75.5
MAR06778,27.2,46.1,306.8,252.7
MAR06782,-1.0,-1.0,-1.0,-1.0
MAR06783,-1.0,-1.0,-1.0,-1.0
MAR06784,-1.0,-1.0,-1.0,-1.0
MAR06785,-1.0,-1.0,-1.0,-1.0
MAR06786,-1.0,-1.0,-1.0,-1.0
MAR06787,5.8,12.3,63.5,315.4
MAR06788,153.6,282.8,324.09999999999997,84.60000000000001
MAR06789,56.4,110.60000000000001,413.9,660.3
MAR06790,107.0,6.1,0.1,0.7
MAR06791,107.0,6.1,0.1,0.7
MAR06792_f,-1.0,-1.0,-1.0,-1.0
MAR06798_f,151.7,79.89999999999999,572.8,1026.1
MAR06799,151.7,79.89999999999999,572.8,1026.1
MAR06800_f,151.7,79.89999999999999,572.8,1026.1
MAR06801,151.7,79.89999999999999,572.8,1026.1
MAR06802,-1.0,-1.0,-1.0,-1.0
MAR06803,-1.0,-1.0,-1.0,-1.0
MAR06806_f,-1.0,-1.0,-1.0,-1.0
MAR06807_f,-1.0,-1.0,-1.0,-1.0
MAR06808,260.6,713.0,1371.6,724.4
MAR06811_f,2359.0,4788.5,8849.699999999999,11589.6
MAR06813,260.6,713.0,1371.6,724.4
MAR06814_f,136.1,221.3,200.6,505.6
MAR06815_f,2359.0,4788.5,8849.699999999999,11589.6
MAR06817_f,136.1,221.3,200.6,505.6
MAR06818,-1.0,-1.0,-1.0,-1.0
MAR06819_f,136.1,221.3,200.6,505.6
MAR06820_f,2359.0,4788.5,8849.699999999999,11589.6
MAR06822,-1.0,-1.0,-1.0,-1.0
MAR06823_f,136.1,221.3,200.6,505.6
MAR06824_f,2359.0,4788.5,8849.699999999999,11589.6
MAR06826_f,-1.0,-1.0,-1.0,-1.0
MAR06827_f,-1.0,-1.0,-1.0,-1.0
MAR06828,151.7,79.89999999999999,572.8,1026.1
MAR06829,108.89999999999999,64.5,94.7,86.4
MAR06830,151.7,79.89999999999999,572.8,1026.1
MAR06831,-1.0,-1.0,-1.0,-1.0
MAR06834_f,-1.0,-1.0,-1.0,-1.0
MAR06835_f,-1.0,-1.0,-1.0,-1.0
MAR06836_f,151.7,79.89999999999999,572.8,1026.1
MAR06837,151.7,79.89999999999999,572.8,1026.1
MAR06838,13.6,43.0,0.6,60.3
MAR06839,-1.0,-1.0,-1.0,-1.0
MAR06840_f,-1.0,-1.0,-1.0,-1.0
MAR06841_f,-1.0,-1.0,-1.0,-1.0
MAR06842_f,151.7,79.89999999999999,572.8,1026.1
MAR06843,151.7,79.89999999999999,572.8,1026.1
MAR06844,13.6,43.0,0.6,60.3
MAR06845,-1.0,-1.0,-1.0,-1.0
MAR06848_f,-1.0,-1.0,-1.0,-1.0
MAR06849_f,-1.0,-1.0,-1.0,-1.0
MAR06850,13.6,43.0,0.6,60.3
MAR06851,-1.0,-1.0,-1.0,-1.0
MAR06854_f,-1.0,-1.0,-1.0,-1.0
MAR06855_f,-1.0,-1.0,-1.0,-1.0
MAR06874,-1.0,-1.0,-1.0,-1.0
MAR06875_f,-1.0,-1.0,-1.0,-1.0
MAR06876_f,-1.0,-1.0,-1.0,-1.0
MAR06877_f,-1.0,-1.0,-1.0,-1.0
MAR06878_f,-1.0,-1.0,-1.0,-1.0
MAR06879_f,-1.0,-1.0,-1.0,-1.0
MAR06880_f,-1.0,-1.0,-1.0,-1.0
MAR06881,-1.0,-1.0,-1.0,-1.0
MAR06882_f,-1.0,-1.0,-1.0,-1.0
MAR06883_f,2359.0,4788.5,8849.699999999999,11589.6
MAR06885_f,136.1,221.3,200.6,505.6
MAR06886_f,2359.0,4788.5,8849.699999999999,11589.6
MAR06888,-1.0,-1.0,-1.0,-1.0
MAR06889,-1.0,-1.0,-1.0,-1.0
MAR07628,260.6,713.0,1371.6,724.4
MAR07756,3.9,9.2,9.8,5.6
MAR08539,3.9,6.1,742.1,215.7
MAR08794,-1.0,-1.0,-1.0,-1.0
MAR08795,-1.0,-1.0,-1.0,-1.0
MAR08796,13.6,73.8,453.8,1018.6
MAR03875,101.1,64.60000000000001,95.1,211.1
MAR03877,36.9,39.9,78.80000000000001,256.0
MAR03879,-1.0,-1.0,-1.0,-1.0
MAR03881,5.8,6.1,122.3,24.5
MAR03912_f,105.0,249.0,359.2,195.0
MAR03917,-1.0,-1.0,-1.0,-1.0
MAR03919_f,5.8,6.1,11.9,100.0
MAR03920_f,91.4,9.2,135.5,54.6
MAR03922_f,-1.0,-1.0,-1.0,-1.0
MAR03928,79.7,135.2,1035.1,660.4
MAR03995_f,42.8,92.2,119.39999999999999,90.3
MAR03996_f,-1.0,-1.0,-1.0,-1.0
MAR04072,52.599999999999994,24.5,44.4,51.6
MAR04189,11.7,9.2,46.3,25.6
MAR04302,5.8,6.1,122.3,24.5
MAR04323,-1.0,-1.0,-1.0,-1.0
MAR05381,-1.0,-1.0,-1.0,-1.0
MAR05385,-1.0,-1.0,-1.0,-1.0
MAR05386,15.6,150.6,30.0,92.4
MAR05387,13.6,67.6,10.5,45.8
MAR05388,153.6,728.4,1471.0,1333.9
MAR05389,153.6,728.4,1471.0,1333.9
MAR05390,-1.0,-1.0,-1.0,-1.0
MAR05391,-1.0,-1.0,-1.0,-1.0
MAR05418_f,-1.0,-1.0,-1.0,-1.0
MAR05419_f,-1.0,-1.0,-1.0,-1.0
MAR06515,79.7,135.2,1035.1,660.4
MAR06518,79.7,135.2,1035.1,660.4
MAR06519_f,435.6,2511.0,11.4,2857.5
MAR06520_f,79.7,135.2,1035.1,660.4
MAR06523_f,270.3,719.1,1375.3,726.6999999999999
MAR08062,-1.0,-1.0,-1.0,-1.0
MAR08066_f,105.0,249.0,359.2,195.0
MAR08067_f,40.8,58.4,167.1,61.0
MAR08068_f,124.5,491.7,194.3,1465.7
MAR08069_f,110.9,316.6,269.6,449.7
MAR08641,52.599999999999994,24.5,44.4,51.6
MAR08682_f,-1.0,-1.0,-1.0,-1.0
MAR08683,5.8,6.1,122.3,24.5
MAR08684_f,40.8,58.4,167.1,61.0
MAR08685,-1.0,-1.0,-1.0,-1.0
MAR03868,9.7,3.1,37.5,16.7
MAR03869,9.7,3.1,37.5,16.7
MAR03889,7.8,9.2,19.2,12.0
MAR03933_f,52.5,116.8,198.3,266.0
MAR03937,147.8,328.9,188.5,561.5
MAR04116,3024.2,7904.899999999999,6837.599999999999,27889.899999999998
MAR04120,3024.2,7904.899999999999,6837.599999999999,27889.899999999998
MAR04121,3024.2,7904.899999999999,6837.599999999999,27889.899999999998
MAR04175,-1.0,-1.0,-1.0,-1.0
MAR04176,-1.0,-1.0,-1.0,-1.0
MAR04324,33.1,27.7,102.2,68.1
MAR04326,21.4,21.5,28.2,109.0
MAR04328,103.19999999999999,138.29999999999998,282.5,690.4
MAR04329,103.19999999999999,138.29999999999998,282.5,690.4
MAR04708,48.599999999999994,104.5,72.0,247.5
MAR08769,-1.0,-1.0,-1.0,-1.0
MAR08770,48.599999999999994,104.5,72.0,247.5
MAR08771,-1.0,-1.0,-1.0,-1.0
MAR04078,-1.0,-1.0,-1.0,-1.0
MAR04079,192.5,362.70000000000005,1478.0,1356.0
MAR04174,-1.0,-1.0,-1.0,-1.0
MAR04330_f,1.9,6.1,263.2,76.0
MAR04347,1.9,3.1,135.2,49.5
MAR04425,-1.0,-1.0,-1.0,-1.0
MAR04427,120.6,141.4,114.5,436.2
MAR04688,192.5,362.70000000000005,1478.0,1356.0
MAR04689,42.8,83.0,159.1,166.7
MAR04735_f,19.4,6.1,180.5,125.5
MAR07991,-1.0,-1.0,-1.0,-1.0
MAR07992,-1.0,-1.0,-1.0,-1.0
MAR07993,192.5,362.70000000000005,1478.0,1356.0
MAR07128,52.5,36.8,115.0,34.9
MAR07129,52.5,36.8,115.0,34.9
MAR07130,-1.0,-1.0,-1.0,-1.0
MAR07131_f,42.8,92.2,119.39999999999999,90.3
MAR07132,81.69999999999999,233.6,424.40000000000003,362.79999999999995
MAR07133_f,-1.0,-1.0,-1.0,-1.0
MAR07134_f,5.8,6.1,122.3,24.5
MAR07135,-1.0,-1.0,-1.0,-1.0
MAR07136_f,36.9,39.9,78.80000000000001,256.0
MAR07137_f,5.8,6.1,122.3,24.5
MAR07138,23.299999999999997,40.0,268.0,278.3
MAR07139_f,101.1,64.60000000000001,95.1,211.1
MAR07140_f,-1.0,-1.0,-1.0,-1.0
MAR07141,-1.0,-1.0,-1.0,-1.0
MAR07620,9.7,3.1,10.7,6.5
MAR07647,1.9,3.1,56.4,69.1
MAR08640,52.599999999999994,24.5,44.4,51.6
MAR08689,1.9,3.1,56.4,69.1
MAR08690,1.9,3.1,56.4,69.1
MAR03748,1.9,3.1,1.2,1.5
MAR03753,19.4,6.1,180.5,125.5
MAR03755,35.0,92.2,135.3,349.4
MAR03759,194.4,365.8,2179.6,1501.2000000000003
MAR03763,62.2,122.9,540.4,777.0
MAR03773,17.5,27.7,35.2,36.7
MAR03775_f,25.3,95.3,20.4,90.1
MAR03780,1.9,3.1,1.2,1.5
MAR03785,19.4,6.1,180.5,125.5
MAR03790,1.9,3.1,701.6,145.2
MAR03792_f,9.7,24.5,368.5,342.4
MAR03796_f,31.099999999999998,73.7,161.9,98.5
MAR03823_f,142.0,338.1,836.5,633.5
MAR06416,1.9,3.1,1.2,1.5
MAR03986,-1.0,-1.0,-1.0,-1.0
MAR03988,95.19999999999999,46.1,114.3,134.0
MAR04124,81.7,33.8,11.3,16.0
MAR04158,13.6,73.8,90.6,24.5
MAR04159_f,42.8,27.7,40.8,67.5
MAR04299,33.0,36.9,8.0,89.5
MAR04300,40.8,12.3,48.9,28.3
MAR04494,38.9,21.5,0.8,17.900000000000002
MAR04524,37.0,30.7,11.3,61.4
MAR04525,9.7,3.1,100.8,2.4
MAR04526,9.7,3.1,100.8,2.4
MAR04527_f,9.7,12.3,2.6,166.3
MAR04528,9.7,3.1,100.8,2.4
MAR04529,19.4,46.1,41.1,52.6
MAR04530,3.9,9.2,6.5,7.4
MAR04531,-1.0,-1.0,-1.0,-1.0
MAR04532,21.4,49.2,61.3,72.1
MAR04533,-1.0,-1.0,-1.0,-1.0
MAR04534,-1.0,-1.0,-1.0,-1.0
MAR04536,21.4,49.2,61.3,72.1
MAR04628,11.7,27.7,93.6,16.4
MAR04629,3.9,3.1,12.7,47.2
MAR04631,9.7,3.1,30.1,20.6
MAR07696,-1.0,-1.0,-1.0,-1.0
MAR07697,9.7,3.1,22.0,15.5
MAR07698_f,42.8,27.7,40.8,67.5
MAR08366,-1.0,-1.0,-1.0,-1.0
MAR08367,-1.0,-1.0,-1.0,-1.0
MAR08368,-1.0,-1.0,-1.0,-1.0
MAR08371,19.4,46.1,41.1,52.6
MAR08372,-1.0,-1.0,-1.0,-1.0
MAR08373_f,3.9,12.3,5.4,105.6
MAR08375,-1.0,-1.0,-1.0,-1.0
MAR08376,-1.0,-1.0,-1.0,-1.0
MAR08377,21.4,49.2,61.3,72.1
MAR08672,81.7,33.8,11.3,16.0
MAR08674,-1.0,-1.0,-1.0,-1.0
MAR08675,-1.0,-1.0,-1.0,-1.0
MAR05130,9.7,3.1,26.0,12.3
MAR05131,11.7,12.3,46.8,30.6
MAR05132,25.3,15.4,34.3,43.7
MAR05133,77.8,405.7,113.6,294.5
MAR05134,46.7,61.5,62.9,91.0
MAR05135,11.7,18.4,19.9,11.9
MAR05136,38.9,46.1,44.5,73.7
MAR05137,33.1,9.2,19.4,18.4
MAR05138,29.2,27.7,34.4,39.2
MAR05139,25.3,9.2,83.4,41.6
MAR05140,-1.0,-1.0,-1.0,-1.0
MAR05141,60.3,58.4,27.2,67.6
MAR05142,31.1,83.0,47.9,63.7
MAR05143,9.7,3.1,10.7,6.5
MAR05144,3.9,33.8,12.8,24.8
MAR05145,21.4,27.7,19.4,28.9
MAR05146,33.1,9.2,19.4,18.4
MAR05147,77.8,159.8,144.8,151.6
MAR05148,31.1,55.3,85.2,41.8
MAR05149,19.4,9.2,12.8,18.0
MAR05150,13.6,6.1,16.4,11.6
MAR07171,25.299999999999997,21.5,150.9,43.9
MAR07172,-1.0,-1.0,-1.0,-1.0
MAR07174,-1.0,-1.0,-1.0,-1.0
MAR07175,-1.0,-1.0,-1.0,-1.0
MAR07180,13.6,6.1,0.4,0.5
MAR07181,35.0,3.1,20.4,33.9
MAR07183,-1.0,-1.0,-1.0,-1.0
MAR07197,-1.0,-1.0,-1.0,-1.0
MAR07436,190.39999999999998,67.5,176.8,276.20000000000005
MAR07438,56.4,15.299999999999999,35.8,48.6
MAR07440,13.6,6.1,0.4,0.5
MAR08254,-1.0,-1.0,-1.0,-1.0
MAR08255,-1.0,-1.0,-1.0,-1.0
MAR08256,-1.0,-1.0,-1.0,-1.0
MAR08257,-1.0,-1.0,-1.0,-1.0
MAR08258,-1.0,-1.0,-1.0,-1.0
MAR08260,-1.0,-1.0,-1.0,-1.0
MAR08261,-1.0,-1.0,-1.0,-1.0
MAR01532,75.8,150.6,336.4,171.5
MAR07254,13.6,12.3,11.2,25.2
MAR07256,-1.0,-1.0,-1.0,-1.0
MAR07258,-1.0,-1.0,-1.0,-1.0
MAR07259,-1.0,-1.0,-1.0,-1.0
MAR07260,-1.0,-1.0,-1.0,-1.0
MAR07261,-1.0,-1.0,-1.0,-1.0
MAR07263,-1.0,-1.0,-1.0,-1.0
MAR07264,-1.0,-1.0,-1.0,-1.0
MAR07265,23.299999999999997,36.9,73.8,84.0
MAR07266,-1.0,-1.0,-1.0,-1.0
MAR07267,23.3,9.2,45.5,31.4
MAR07268,23.3,9.2,45.5,31.4
MAR07269,1.9,3.1,9.8,2.7
MAR07270,1.9,3.1,9.8,2.7
MAR07271,42.8,21.5,48.0,44.6
MAR07274,17.5,3.1,50.3,24.9
MAR07275,31.1,18.4,33.3,39.4
MAR07276,29.2,6.2,65.0,30.099999999999998
MAR07277,-1.0,-1.0,-1.0,-1.0
MAR07278,44.7,18.4,75.8,47.0
MAR07279,-1.0,-1.0,-1.0,-1.0
MAR07280,19.4,6.1,40.7,13.6
MAR07281,23.299999999999997,9.2,46.2,16.5
MAR07285,54.4,6.2,132.8,93.4
MAR07286,25.3,9.2,20.5,6.0
MAR07287,-1.0,-1.0,-1.0,-1.0
MAR07288,-1.0,-1.0,-1.0,-1.0
MAR07289,161.5,24.5,367.09999999999997,74.7
MAR07290,-1.0,-1.0,-1.0,-1.0
MAR07291,161.5,24.5,367.09999999999997,74.7
MAR07292,-1.0,-1.0,-1.0,-1.0
MAR07293,161.5,24.5,367.09999999999997,74.7
MAR07294,-1.0,-1.0,-1.0,-1.0
MAR07295,-1.0,-1.0,-1.0,-1.0
MAR07296,-1.0,-1.0,-1.0,-1.0
MAR07297,-1.0,-1.0,-1.0,-1.0
MAR07298,-1.0,-1.0,-1.0,-1.0
MAR07299,-1.0,-1.0,-1.0,-1.0
MAR07300,-1.0,-1.0,-1.0,-1.0
MAR07301,-1.0,-1.0,-1.0,-1.0
MAR07302,-1.0,-1.0,-1.0,-1.0
MAR07303,-1.0,-1.0,-1.0,-1.0
MAR07304,-1.0,-1.0,-1.0,-1.0
MAR07305,-1.0,-1.0,-1.0,-1.0
MAR07306,-1.0,-1.0,-1.0,-1.0
MAR07308,161.5,24.5,367.09999999999997,74.7
MAR07309,161.5,24.5,367.09999999999997,74.7
MAR07310,161.5,24.5,367.09999999999997,74.7
MAR07311,161.5,24.5,367.09999999999997,74.7
MAR07312,161.5,24.5,367.09999999999997,74.7
MAR07313,161.5,24.5,367.09999999999997,74.7
MAR07314,161.5,24.5,367.09999999999997,74.7
MAR07315,161.5,24.5,367.09999999999997,74.7
MAR07316,161.5,24.5,367.09999999999997,74.7
MAR07317,161.5,24.5,367.09999999999997,74.7
MAR07318,161.5,24.5,367.09999999999997,74.7
MAR07319,161.5,24.5,367.09999999999997,74.7
MAR07320,161.5,24.5,367.09999999999997,74.7
MAR07321,161.5,24.5,367.09999999999997,74.7
MAR07322,161.5,24.5,367.09999999999997,74.7
MAR07323,29.2,18.4,88.1,21.1
MAR07324,-1.0,-1.0,-1.0,-1.0
MAR07325,7.8,6.1,54.7,12.8
MAR07326,-1.0,-1.0,-1.0,-1.0
MAR07327,52.5,15.299999999999999,85.89999999999999,45.7
MAR07328,-1.0,-1.0,-1.0,-1.0
MAR07329,-1.0,-1.0,-1.0,-1.0
MAR07332,-1.0,-1.0,-1.0,-1.0
MAR07333,210.10000000000002,18.4,207.0,103.2
MAR07334,-1.0,-1.0,-1.0,-1.0
MAR07428,-1.0,-1.0,-1.0,-1.0
MAR07429,-1.0,-1.0,-1.0,-1.0
MAR07574,13.6,3.1,21.9,15.0
MAR07575,11.7,3.1,6.6,2.7
MAR07576,132.2,43.10000000000001,246.8,332.8
MAR07577,3.9,3.1,5.3,5.3
MAR07578,95.19999999999999,46.1,114.3,134.0
MAR07580,72.0,6.1,34.8,28.8
MAR07582,72.0,6.1,34.8,28.8
MAR07585,13.6,3.1,21.9,15.0
MAR07586,11.7,3.1,6.6,2.7
MAR07587,95.19999999999999,46.1,114.3,134.0
MAR08691,-1.0,-1.0,-1.0,-1.0
MAR08692,-1.0,-1.0,-1.0,-1.0
MAR08693,52.5,15.299999999999999,85.89999999999999,45.7
MAR08694,-1.0,-1.0,-1.0,-1.0
MAR08695,-1.0,-1.0,-1.0,-1.0
MAR05151,19.4,33.8,59612.0,598.4
MAR05152,-1.0,-1.0,-1.0,-1.0
MAR05153,169.2,43.0,38353.1,729.9
MAR05154,-1.0,-1.0,-1.0,-1.0
MAR05155,-1.0,-1.0,-1.0,-1.0
MAR05156,-1.0,-1.0,-1.0,-1.0
MAR05157,1.9,61.5,34314.8,17.9
MAR05158,3.9,3.1,820.6,34.8
MAR05159,-1.0,-1.0,-1.0,-1.0
MAR05160,-1.0,-1.0,-1.0,-1.0
MAR05161,-1.0,-1.0,-1.0,-1.0
MAR05162,-1.0,-1.0,-1.0,-1.0
MAR05163,-1.0,-1.0,-1.0,-1.0
MAR05164,-1.0,-1.0,-1.0,-1.0
MAR05165,163.4,331.9,8279.7,6121.1
MAR05166,-1.0,-1.0,-1.0,-1.0
MAR05167,-1.0,-1.0,-1.0,-1.0
MAR05168,-1.0,-1.0,-1.0,-1.0
MAR05169,-1.0,-1.0,-1.0,-1.0
MAR05170,-1.0,-1.0,-1.0,-1.0
MAR05171,-1.0,-1.0,-1.0,-1.0
MAR05172,-1.0,-1.0,-1.0,-1.0
MAR05174,-1.0,-1.0,-1.0,-1.0
MAR07282,-1.0,-1.0,-1.0,-1.0
MAR07616,-1.0,-1.0,-1.0,-1.0
MAR07619_f,44.7,46.099999999999994,103.60000000000001,8.0
MAR09735,-1.0,-1.0,-1.0,-1.0
MAR07621,-1.0,-1.0,-1.0,-1.0
MAR07622,-1.0,-1.0,-1.0,-1.0
MAR07624,1.9,3.1,1.2,1.5
MAR07626,1.9,3.1,1.2,1.5
MAR05258,19.4,33.8,59612.0,598.4
MAR05259,1266.1,230.49999999999997,1557.0,1649.8
MAR05260,-1.0,-1.0,-1.0,-1.0
MAR05261,1266.1,230.49999999999997,1557.0,1649.8
MAR05262,-1.0,-1.0,-1.0,-1.0
MAR05263,1266.1,230.49999999999997,1557.0,1649.8
MAR05264,-1.0,-1.0,-1.0,-1.0
MAR05265,1266.1,230.49999999999997,1557.0,1649.8
MAR05266,-1.0,-1.0,-1.0,-1.0
MAR05267,-1.0,-1.0,-1.0,-1.0
MAR05268,-1.0,-1.0,-1.0,-1.0
MAR05269,-1.0,-1.0,-1.0,-1.0
MAR05270,-1.0,-1.0,-1.0,-1.0
MAR05271,-1.0,-1.0,-1.0,-1.0
MAR05272,1266.1,230.49999999999997,1557.0,1649.8
MAR05273,-1.0,-1.0,-1.0,-1.0
MAR05274,1266.1,230.49999999999997,1557.0,1649.8
MAR05275,-1.0,-1.0,-1.0,-1.0
MAR05276,1266.1,230.49999999999997,1557.0,1649.8
MAR05277,-1.0,-1.0,-1.0,-1.0
MAR05278,1266.1,230.49999999999997,1557.0,1649.8
MAR05279,-1.0,-1.0,-1.0,-1.0
MAR05280,1266.1,230.49999999999997,1557.0,1649.8
MAR05281,-1.0,-1.0,-1.0,-1.0
MAR05282,1266.1,230.49999999999997,1557.0,1649.8
MAR05283,-1.0,-1.0,-1.0,-1.0
MAR05284,1266.1,230.49999999999997,1557.0,1649.8
MAR05285,1266.1,230.49999999999997,1557.0,1649.8
MAR05286,1266.1,230.49999999999997,1557.0,1649.8
MAR05287,1266.1,230.49999999999997,1557.0,1649.8
MAR05288,68.0,6.2,41.599999999999994,15.7
MAR05290,1266.1,230.49999999999997,1557.0,1649.8
MAR05291,-1.0,-1.0,-1.0,-1.0
MAR09817,-1.0,-1.0,-1.0,-1.0
MAR09818,-1.0,-1.0,-1.0,-1.0
MAR05407_f,155.60000000000002,313.5,148.7,374.5
MAR03851,-1.0,-1.0,-1.0,-1.0
MAR03861,64.2,190.6,192.1,134.0
MAR03866,-1.0,-1.0,-1.0,-1.0
MAR03915,58.3,126.0,181.9,253.7
MAR04084,17.5,9.2,13.4,28.8
MAR04187,17.5,9.2,13.4,28.8
MAR04188,-1.0,-1.0,-1.0,-1.0
MAR04701,9.7,12.299999999999999,199.7,72.39999999999999
MAR04840,-1.0,-1.0,-1.0,-1.0
MAR04842,107.0,6.1,0.1,0.7
MAR08662_f,101.1,362.6,295.0,446.79999999999995
MAR08663_f,101.1,362.6,295.0,446.79999999999995
MAR08664,25.3,95.3,20.4,90.1
MAR08665_f,-1.0,-1.0,-1.0,-1.0
MAR08666,15.6,119.9,111.7,147.7
MAR08667_f,101.1,362.6,295.0,446.79999999999995
MAR08668_f,101.1,362.6,295.0,446.79999999999995
MAR08669,-1.0,-1.0,-1.0,-1.0
MAR00710_f,31.1,9.2,304.2,89.7
MAR03787,19.4,224.4,0.3,26.9
MAR03957,19.4,92.2,20.3,45.1
MAR03958_f,64.2,934.3,309.7,172.8
MAR04139_f,124.5,491.7,194.3,1465.7
MAR04141_f,110.9,316.6,269.6,449.7
MAR04145,13.6,40.0,24.0,21.9
MAR04147_f,101.1,362.6,295.0,446.79999999999995
MAR04149,29.2,6.1,43.4,82.1
MAR04152_f,101.1,362.6,295.0,446.79999999999995
MAR04209,83.6,98.3,274.4,168.0
MAR04408_f,23.3,67.6,93.5,73.5
MAR04410_f,23.3,67.6,93.5,73.5
MAR04454_f,23.3,12.3,174.3,144.7
MAR04458_f,58.3,79.9,65.4,233.4
MAR04465,44.7,166.0,949.2,698.0
MAR04589_f,58.3,79.9,65.4,233.4
MAR04652_f,46.7,98.3,135.1,168.7
MAR06413,83.6,98.3,274.4,168.0
MAR06414_f,13.6,33.8,37.3,68.3
MAR07704,5.8,27.7,276.9,387.9
MAR07706,5.8,27.7,276.9,387.9
MAR08772,21.4,67.6,387.6,741.7
MAR08773_f,138.10000000000002,335.09999999999997,3415.0,5423.499999999999
MAR08774,-1.0,-1.0,-1.0,-1.0
MAR08775,214.0,184.4,380.7,539.4000000000001
MAR08777,-1.0,-1.0,-1.0,-1.0
MAR08778,192.5,362.70000000000005,1478.0,1356.0
MAR08779,44.7,166.0,949.2,698.0
MAR08780,445.3,2535.6,99.4,2976.5
MAR08781,-1.0,-1.0,-1.0,-1.0
MAR08782,44.7,166.0,949.2,698.0
MAR03975,173.2,338.1,319.70000000000005,898.5
MAR03977,173.2,338.1,319.70000000000005,898.5
MAR03979,173.2,338.1,319.70000000000005,898.5
MAR06911_f,182.8,660.7000000000002,1994.9000000000003,1743.3
MAR06912,173.2,338.1,319.70000000000005,898.5
MAR06914,202.3,1297.0,630.5,852.0
MAR06916,1.9,3.1,0.8,1.4
MAR06918,66.1,279.7,146.8,266.4
MAR06921,29.2,18.4,49.5,72.4
MAR03960,462.9,1315.5,4274.6,3281.9
MAR03980,70.0,166.0,435.1,224.8
MAR03982,70.0,166.0,435.1,224.8
MAR04767,-1.0,-1.0,-1.0,-1.0
MAR06608_f,-1.0,-1.0,-1.0,-1.0
MAR08409,99.2,3.1,0.1,90.6
MAR08410,-1.0,-1.0,-1.0,-1.0
MAR08413,363.7,1312.4,4274.5,3191.3
MAR08415,363.7,1312.4,4274.5,3191.3
MAR00156,27.2,89.1,1442.3,825.7
MAR00165,27.2,89.1,1442.3,825.7
MAR00168,27.2,89.1,1442.3,825.7
MAR00171,27.2,89.1,1442.3,825.7
MAR00174,27.2,89.1,1442.3,825.7
MAR00177,27.2,89.1,1442.3,825.7
MAR00180,27.2,89.1,1442.3,825.7
MAR00184,27.2,89.1,1442.3,825.7
MAR00188,153.7,144.5,1251.6,214.9
MAR00192,153.7,144.5,1251.6,214.9
MAR00196,153.7,144.5,1251.6,214.9
MAR00200,153.7,144.5,1251.6,214.9
MAR00204,153.7,144.5,1251.6,214.9
MAR00209,153.7,144.5,1251.6,214.9
MAR00213,153.7,144.5,1251.6,214.9
MAR00217,153.7,144.5,1251.6,214.9
MAR00226,153.7,144.5,1251.6,214.9
MAR00233,153.7,144.5,1251.6,214.9
MAR00237,153.7,144.5,1251.6,214.9
MAR00241,153.7,144.5,1251.6,214.9
MAR00245,153.7,144.5,1251.6,214.9
MAR00249,169.2,175.29999999999998,1310.1000000000001,310.5
MAR00255,153.7,144.5,1251.6,214.9
MAR00259,153.7,144.5,1251.6,214.9
MAR00263,153.7,144.5,1251.6,214.9
MAR00267,153.7,144.5,1251.6,214.9
MAR00271,153.7,144.5,1251.6,214.9
MAR00275,153.7,144.5,1251.6,214.9
MAR00279,153.7,144.5,1251.6,214.9
MAR00283,153.7,144.5,1251.6,214.9
MAR00289,153.7,144.5,1251.6,214.9
MAR00293,153.7,144.5,1251.6,214.9
MAR00297,153.7,144.5,1251.6,214.9
MAR00301,153.7,144.5,1251.6,214.9
MAR00305,153.7,144.5,1251.6,214.9
MAR00309,153.7,144.5,1251.6,214.9
MAR00313,153.7,144.5,1251.6,214.9
MAR00319,153.7,144.5,1251.6,214.9
MAR00323,153.7,144.5,1251.6,214.9
MAR00327,153.7,144.5,1251.6,214.9
MAR00331,153.7,144.5,1251.6,214.9
MAR00337,153.7,144.5,1251.6,214.9
MAR00341,153.7,144.5,1251.6,214.9
MAR00345,153.7,144.5,1251.6,214.9
MAR00349,153.7,144.5,1251.6,214.9
MAR00353,153.7,144.5,1251.6,214.9
MAR00357,153.7,144.5,1251.6,214.9
MAR00361,153.7,144.5,1251.6,214.9
MAR00365,153.7,144.5,1251.6,214.9
MAR00369,153.7,144.5,1251.6,214.9
MAR00373,153.7,144.5,1251.6,214.9
MAR00377,153.7,144.5,1251.6,214.9
MAR00381,153.7,144.5,1251.6,214.9
MAR00385,153.7,144.5,1251.6,214.9
MAR00389,153.7,144.5,1251.6,214.9
MAR00393,153.7,144.5,1251.6,214.9
MAR00397,153.7,144.5,1251.6,214.9
MAR00401,153.7,144.5,1251.6,214.9
MAR00405,153.7,144.5,1251.6,214.9
MAR00409,153.7,144.5,1251.6,214.9
MAR00413,153.7,144.5,1251.6,214.9
MAR00417,153.7,144.5,1251.6,214.9
MAR00421,153.7,144.5,1251.6,214.9
MAR00425,153.7,144.5,1251.6,214.9
MAR00429,153.7,144.5,1251.6,214.9
MAR00433,153.7,144.5,1251.6,214.9
MAR00437,153.7,144.5,1251.6,214.9
MAR02942,153.7,144.5,1251.6,214.9
MAR02943,153.7,144.5,1251.6,214.9
MAR02944,153.7,144.5,1251.6,214.9
MAR02945,153.7,144.5,1251.6,214.9
MAR02946,153.7,144.5,1251.6,214.9
MAR02947,153.7,144.5,1251.6,214.9
MAR02948,153.7,144.5,1251.6,214.9
MAR02949,153.7,144.5,1251.6,214.9
MAR02951,153.7,144.5,1251.6,214.9
MAR02952,153.7,144.5,1251.6,214.9
MAR02954,153.7,144.5,1251.6,214.9
MAR02955,153.7,144.5,1251.6,214.9
MAR02956,153.7,144.5,1251.6,214.9
MAR02957,169.2,175.29999999999998,1310.1000000000001,310.5
MAR02959,153.7,144.5,1251.6,214.9
MAR02961,153.7,144.5,1251.6,214.9
MAR02962,153.7,144.5,1251.6,214.9
MAR02963,153.7,144.5,1251.6,214.9
MAR02964,153.7,144.5,1251.6,214.9
MAR02965,153.7,144.5,1251.6,214.9
MAR02966,153.7,144.5,1251.6,214.9
MAR02967,153.7,144.5,1251.6,214.9
MAR02968,153.7,144.5,1251.6,214.9
MAR02969,153.7,144.5,1251.6,214.9
MAR02970,153.7,144.5,1251.6,214.9
MAR02971,153.7,144.5,1251.6,214.9
MAR02972,153.7,144.5,1251.6,214.9
MAR02973,153.7,144.5,1251.6,214.9
MAR02974,153.7,144.5,1251.6,214.9
MAR02975,153.7,144.5,1251.6,214.9
MAR02976,153.7,144.5,1251.6,214.9
MAR02977,153.7,144.5,1251.6,214.9
MAR02978,153.7,144.5,1251.6,214.9
MAR02979,153.7,144.5,1251.6,214.9
MAR02980,153.7,144.5,1251.6,214.9
MAR02981,153.7,144.5,1251.6,214.9
MAR02982,153.7,144.5,1251.6,214.9
MAR02983,153.7,144.5,1251.6,214.9
MAR02984,153.7,144.5,1251.6,214.9
MAR02985,153.7,144.5,1251.6,214.9
MAR02986,153.7,144.5,1251.6,214.9
MAR02987,153.7,144.5,1251.6,214.9
MAR02988,153.7,144.5,1251.6,214.9
MAR02989,153.7,144.5,1251.6,214.9
MAR02990,153.7,144.5,1251.6,214.9
MAR02991,153.7,144.5,1251.6,214.9
MAR02992,153.7,144.5,1251.6,214.9
MAR02994,153.7,144.5,1251.6,214.9
MAR02996,153.7,144.5,1251.6,214.9
MAR02998,153.7,144.5,1251.6,214.9
MAR02999,153.7,144.5,1251.6,214.9
MAR03000,153.7,144.5,1251.6,214.9
MAR03001,153.7,144.5,1251.6,214.9
MAR03002,153.7,144.5,1251.6,214.9
MAR03003,153.7,144.5,1251.6,214.9
MAR02152,19.5,12.2,193.79999999999998,21.5
MAR02153,11.7,6.1,175.2,5.5
MAR02154,11.7,6.1,175.2,5.5
MAR02155,56.400000000000006,67.5,288.79999999999995,128.4
MAR02156,19.5,12.2,193.79999999999998,21.5
MAR02157,11.7,6.1,175.2,5.5
MAR02158,11.7,6.1,175.2,5.5
MAR02159,11.7,6.1,175.2,5.5
MAR02160,19.5,12.2,193.79999999999998,21.5
MAR02161,11.7,6.1,175.2,5.5
MAR02162,11.7,6.1,175.2,5.5
MAR02163,11.7,6.1,175.2,5.5
MAR02164,19.5,12.2,193.79999999999998,21.5
MAR02165,11.7,6.1,175.2,5.5
MAR02166,11.7,6.1,175.2,5.5
MAR02167,11.7,6.1,175.2,5.5
MAR02168,19.5,12.2,193.79999999999998,21.5
MAR02169,11.7,6.1,175.2,5.5
MAR02170,11.7,6.1,175.2,5.5
MAR02171,11.7,6.1,175.2,5.5
MAR02173,19.5,12.2,193.79999999999998,21.5
MAR02174_f,11.7,6.1,175.2,5.5
MAR02175,11.7,6.1,175.2,5.5
MAR02176,11.7,6.1,175.2,5.5
MAR02178,19.5,12.2,193.79999999999998,21.5
MAR02179,11.7,6.1,175.2,5.5
MAR02180,11.7,6.1,175.2,5.5
MAR02181,11.7,6.1,175.2,5.5
MAR04295,15.6,3.1,166.7,4.7
MAR02227,11.7,6.1,175.2,5.5
MAR02228,11.7,6.1,175.2,5.5
MAR02229,11.7,6.1,175.2,5.5
MAR02230,11.7,6.1,175.2,5.5
MAR02231,11.7,6.1,175.2,5.5
MAR02232,11.7,6.1,175.2,5.5
MAR02233,11.7,6.1,175.2,5.5
MAR02234,11.7,6.1,175.2,5.5
MAR02235,11.7,6.1,175.2,5.5
MAR02236,11.7,6.1,175.2,5.5
MAR02237,11.7,6.1,175.2,5.5
MAR02238,11.7,6.1,175.2,5.5
MAR02239,11.7,6.1,175.2,5.5
MAR02240,11.7,6.1,175.2,5.5
MAR02241,11.7,6.1,175.2,5.5
MAR02242,11.7,6.1,175.2,5.5
MAR02243,11.7,6.1,175.2,5.5
MAR02244,11.7,6.1,175.2,5.5
MAR02245,11.7,6.1,175.2,5.5
MAR02246,11.7,6.1,175.2,5.5
MAR02247,11.7,6.1,175.2,5.5
MAR02249,11.7,6.1,175.2,5.5
MAR02250,11.7,6.1,175.2,5.5
MAR02251,11.7,6.1,175.2,5.5
MAR02252,11.7,6.1,175.2,5.5
MAR02254,11.7,6.1,175.2,5.5
MAR02255,11.7,6.1,175.2,5.5
MAR02256,11.7,6.1,175.2,5.5
MAR02257,11.7,6.1,175.2,5.5
MAR02305,70.0,27.6,191.5,73.6
MAR02307,50.6,24.6,195.3,44.2
MAR02309,408.40000000000003,470.30000000000007,430.80000000000007,603.0999999999999
MAR02311,143.9,18.4,105.2,137.1
MAR02315,70.0,27.6,191.5,73.6
MAR02317,50.6,24.6,195.3,44.2
MAR02319,408.40000000000003,470.30000000000007,430.80000000000007,603.0999999999999
MAR02321,143.9,18.4,105.2,137.1
MAR02324,70.0,27.6,191.5,73.6
MAR02326,50.6,24.6,195.3,44.2
MAR02328,408.40000000000003,470.30000000000007,430.80000000000007,603.0999999999999
MAR02330,143.9,18.4,105.2,137.1
MAR02332,70.0,27.6,191.5,73.6
MAR02334,50.6,24.6,195.3,44.2
MAR02336,408.40000000000003,470.30000000000007,430.80000000000007,603.0999999999999
MAR02338,143.9,18.4,105.2,137.1
MAR02342,70.0,27.6,191.5,73.6
MAR02343,50.6,24.6,195.3,44.2
MAR02344,408.40000000000003,470.30000000000007,430.80000000000007,603.0999999999999
MAR02345,143.9,18.4,105.2,137.1
MAR02347,70.0,27.6,191.5,73.6
MAR02348,50.6,24.6,195.3,44.2
MAR02349,408.40000000000003,470.30000000000007,430.80000000000007,603.0999999999999
MAR02350,143.9,18.4,105.2,137.1
MAR02353,70.0,27.6,191.5,73.6
MAR02354,50.6,24.6,195.3,44.2
MAR02355,408.40000000000003,470.30000000000007,430.80000000000007,603.0999999999999
MAR02356,143.9,18.4,105.2,137.1
MAR02361,70.0,27.6,191.5,73.6
MAR02362,50.6,24.6,195.3,44.2
MAR02363,408.40000000000003,470.30000000000007,430.80000000000007,603.0999999999999
MAR02364,143.9,18.4,105.2,137.1
MAR02190,70.0,27.6,191.5,73.6
MAR02191,50.6,24.6,195.3,44.2
MAR02193,408.40000000000003,470.30000000000007,430.80000000000007,603.0999999999999
MAR02194,143.9,18.4,105.2,137.1
MAR02201,70.0,27.6,191.5,73.6
MAR02202,50.6,24.6,195.3,44.2
MAR02203,408.40000000000003,470.30000000000007,430.80000000000007,603.0999999999999
MAR02204,143.9,18.4,105.2,137.1
MAR02205,70.0,27.6,191.5,73.6
MAR02208,50.6,24.6,195.3,44.2
MAR02209,408.40000000000003,470.30000000000007,430.80000000000007,603.0999999999999
MAR02210,143.9,18.4,105.2,137.1
MAR02211,70.0,27.6,191.5,73.6
MAR02212,50.6,24.6,195.3,44.2
MAR02213,408.40000000000003,470.30000000000007,430.80000000000007,603.0999999999999
MAR02214,143.9,18.4,105.2,137.1
MAR02215,70.0,27.6,191.5,73.6
MAR02217,50.6,24.6,195.3,44.2
MAR02218,408.40000000000003,470.30000000000007,430.80000000000007,603.0999999999999
MAR02219,143.9,18.4,105.2,137.1
MAR02259,70.0,27.6,191.5,73.6
MAR02260,50.6,24.6,195.3,44.2
MAR02261,408.40000000000003,470.30000000000007,430.80000000000007,603.0999999999999
MAR02262,143.9,18.4,105.2,137.1
MAR02263,70.0,27.6,191.5,73.6
MAR02264,50.6,24.6,195.3,44.2
MAR02265,408.40000000000003,470.30000000000007,430.80000000000007,603.0999999999999
MAR02266,143.9,18.4,105.2,137.1
MAR02267,70.0,27.6,191.5,73.6
MAR02268,50.6,24.6,195.3,44.2
MAR02269,408.40000000000003,470.30000000000007,430.80000000000007,603.0999999999999
MAR02270,143.9,18.4,105.2,137.1
MAR02281,35.0,6.1,0.1,16.5
MAR02282,35.0,6.1,0.1,16.5
MAR02284,35.0,6.1,0.1,16.5
MAR02286,35.0,6.1,0.1,16.5
MAR02287,35.0,6.1,0.1,16.5
MAR02292,35.0,6.1,0.1,16.5
MAR02293,35.0,6.1,0.1,16.5
MAR02294,35.0,6.1,0.1,16.5
MAR02295,35.0,6.1,0.1,16.5
MAR02296,35.0,6.1,0.1,16.5
MAR02359,-1.0,-1.0,-1.0,-1.0
MAR02365,-1.0,-1.0,-1.0,-1.0
MAR02288,35.0,6.1,0.1,16.5
MAR02289,35.0,6.1,0.1,16.5
MAR00709,58.3,49.3,82.1,347.99999999999994
MAR02150,11.7,6.1,175.2,5.5
MAR02151,27.299999999999997,33.8,195.79999999999998,96.8
MAR02172,11.7,6.1,175.2,5.5
MAR02177,11.7,6.1,175.2,5.5
MAR02182,11.7,6.1,175.2,5.5
MAR02248,11.7,6.1,175.2,5.5
MAR02253,11.7,6.1,175.2,5.5
MAR02258,11.7,6.1,175.2,5.5
MAR02437,-1.0,-1.0,-1.0,-1.0
MAR02438_f,-1.0,-1.0,-1.0,-1.0
MAR02439,-1.0,-1.0,-1.0,-1.0
MAR02440,-1.0,-1.0,-1.0,-1.0
MAR02441,1577.3,3937.0,4370.3,21910.3
MAR02442_f,-1.0,-1.0,-1.0,-1.0
MAR02443_f,-1.0,-1.0,-1.0,-1.0
MAR02444_f,-1.0,-1.0,-1.0,-1.0
MAR02445_f,-1.0,-1.0,-1.0,-1.0
MAR02446_f,-1.0,-1.0,-1.0,-1.0
MAR02447_f,-1.0,-1.0,-1.0,-1.0
MAR02448_f,-1.0,-1.0,-1.0,-1.0
MAR02449,-1.0,-1.0,-1.0,-1.0
MAR02450,-1.0,-1.0,-1.0,-1.0
MAR02451_f,-1.0,-1.0,-1.0,-1.0
MAR02452_f,-1.0,-1.0,-1.0,-1.0
MAR02453_f,-1.0,-1.0,-1.0,-1.0
MAR02454_f,-1.0,-1.0,-1.0,-1.0
MAR02455,42.8,15.4,8.6,1.5
MAR02456,42.8,15.4,8.6,1.5
MAR02457,42.8,15.4,8.6,1.5
MAR02458,42.8,15.4,8.6,1.5
MAR02459_f,72.0,95.3,786.7,301.9
MAR02460_f,72.0,95.3,786.7,301.9
MAR02461_f,151.7,79.89999999999999,572.8,1026.1
MAR02462,151.7,79.89999999999999,572.8,1026.1
MAR02463_f,151.7,79.89999999999999,572.8,1026.1
MAR02464,151.7,79.89999999999999,572.8,1026.1
MAR02465_f,72.0,95.3,786.7,301.9
MAR02466_f,72.0,95.3,786.7,301.9
MAR02467_f,151.7,79.89999999999999,572.8,1026.1
MAR02468,151.7,79.89999999999999,572.8,1026.1
MAR02469_f,151.7,79.89999999999999,572.8,1026.1
MAR02470,151.7,79.89999999999999,572.8,1026.1
MAR06397_f,72.0,190.6,82.2,161.4
MAR06398,11.7,6.1,2.3,10.9
MAR06399,11.7,6.1,2.3,10.9
MAR06400,21.299999999999997,33.8,28.4,52.099999999999994
MAR06401,1.9,6.1,5.6,19.2
MAR06402,1.9,6.1,5.6,19.2
MAR06403,19.4,27.7,22.8,32.9
MAR06404_f,72.0,190.6,82.2,161.4
MAR02472,-1.0,-1.0,-1.0,-1.0
MAR02475,70.0,27.6,191.5,73.6
MAR02478,50.6,24.6,195.3,44.2
MAR02480,408.40000000000003,470.30000000000007,430.80000000000007,603.0999999999999
MAR02482,143.9,18.4,105.2,137.1
MAR02484,-1.0,-1.0,-1.0,-1.0
MAR02486,70.0,27.6,191.5,73.6
MAR02489,50.6,24.6,195.3,44.2
MAR02491,408.40000000000003,470.30000000000007,430.80000000000007,603.0999999999999
MAR02493,143.9,18.4,105.2,137.1
MAR02495,-1.0,-1.0,-1.0,-1.0
MAR02497,70.0,27.6,191.5,73.6
MAR02499,50.6,24.6,195.3,44.2
MAR02501,408.40000000000003,470.30000000000007,430.80000000000007,603.0999999999999
MAR02503,143.9,18.4,105.2,137.1
MAR02505,-1.0,-1.0,-1.0,-1.0
MAR02510,23.3,12.299999999999999,260.7,106.4
MAR02511,19.4,6.1,180.5,125.5
MAR02512,19.4,6.1,235.5,58.6
MAR02513,13.6,6.1,19.5,20.0
MAR02514_f,-1.0,-1.0,-1.0,-1.0
MAR02515,70.0,27.6,191.5,73.6
MAR02516,50.6,24.6,195.3,44.2
MAR02518,408.40000000000003,470.30000000000007,430.80000000000007,603.0999999999999
MAR02520,143.9,18.4,105.2,137.1
MAR02522,70.0,27.6,191.5,73.6
MAR02524,50.6,24.6,195.3,44.2
MAR02526,408.40000000000003,470.30000000000007,430.80000000000007,603.0999999999999
MAR02528,143.9,18.4,105.2,137.1
MAR02530,70.0,27.6,191.5,73.6
MAR02533,50.6,24.6,195.3,44.2
MAR02535,408.40000000000003,470.30000000000007,430.80000000000007,603.0999999999999
MAR02537,143.9,18.4,105.2,137.1
MAR02540,70.0,27.6,191.5,73.6
MAR02541,50.6,24.6,195.3,44.2
MAR02542,408.40000000000003,470.30000000000007,430.80000000000007,603.0999999999999
MAR02543,143.9,18.4,105.2,137.1
MAR02544,-1.0,-1.0,-1.0,-1.0
MAR02545_f,-1.0,-1.0,-1.0,-1.0
MAR02546_f,110.89999999999999,685.3,410.79999999999995,548.1
MAR02548_f,110.89999999999999,685.3,410.79999999999995,548.1
MAR02549_f,-1.0,-1.0,-1.0,-1.0
MAR02550,-1.0,-1.0,-1.0,-1.0
MAR02551_f,35.0,43.0,18.5,65.2
MAR02552_f,27.2,3.1,0.8,45.3
MAR02553,-1.0,-1.0,-1.0,-1.0
MAR02555,-1.0,-1.0,-1.0,-1.0
MAR02556_f,-1.0,-1.0,-1.0,-1.0
MAR02557,-1.0,-1.0,-1.0,-1.0
MAR02558,-1.0,-1.0,-1.0,-1.0
MAR02559_f,-1.0,-1.0,-1.0,-1.0
MAR02560_f,-1.0,-1.0,-1.0,-1.0
MAR02561,-1.0,-1.0,-1.0,-1.0
MAR02562,72.0,95.3,786.7,301.9
MAR02563,72.0,95.3,786.7,301.9
MAR02565,-1.0,-1.0,-1.0,-1.0
MAR02566,-1.0,-1.0,-1.0,-1.0
MAR02567_f,-1.0,-1.0,-1.0,-1.0
MAR02568,-1.0,-1.0,-1.0,-1.0
MAR02570,-1.0,-1.0,-1.0,-1.0
MAR02571_f,-1.0,-1.0,-1.0,-1.0
MAR02572,-1.0,-1.0,-1.0,-1.0
MAR02573,72.0,95.3,786.7,301.9
MAR02574,72.0,95.3,786.7,301.9
MAR02576,-1.0,-1.0,-1.0,-1.0
MAR02577_f,-1.0,-1.0,-1.0,-1.0
MAR02578,-1.0,-1.0,-1.0,-1.0
MAR02579,72.0,95.3,786.7,301.9
MAR02580,72.0,95.3,786.7,301.9
MAR02581,130.3,172.1,37.0,186.8
MAR02582,130.3,172.1,37.0,186.8
MAR02583_f,208.1,430.20000000000005,229.3,422.29999999999995
MAR02584_f,208.1,430.20000000000005,229.3,422.29999999999995
MAR02586,-1.0,-1.0,-1.0,-1.0
MAR02587_f,-1.0,-1.0,-1.0,-1.0
MAR02368,-1.0,-1.0,-1.0,-1.0
MAR02371,70.0,27.6,191.5,73.6
MAR02374,-1.0,-1.0,-1.0,-1.0
MAR02376,-1.0,-1.0,-1.0,-1.0
MAR02378,143.9,18.4,105.2,137.1
MAR02380,-1.0,-1.0,-1.0,-1.0
MAR02383,70.0,27.6,191.5,73.6
MAR02387,50.6,24.6,195.3,44.2
MAR02389,408.40000000000003,470.30000000000007,430.80000000000007,603.0999999999999
MAR02391,-1.0,-1.0,-1.0,-1.0
MAR02393,-1.0,-1.0,-1.0,-1.0
MAR02395,70.0,27.6,191.5,73.6
MAR02397,50.6,24.6,195.3,44.2
MAR02399,408.40000000000003,470.30000000000007,430.80000000000007,603.0999999999999
MAR02401,143.9,18.4,105.2,137.1
MAR02403,-1.0,-1.0,-1.0,-1.0
MAR02408,23.3,12.299999999999999,260.7,106.4
MAR02409,19.4,6.1,180.5,125.5
MAR02410,19.4,6.1,235.5,58.6
MAR02411,13.6,6.1,19.5,20.0
MAR02412_f,-1.0,-1.0,-1.0,-1.0
MAR02415,70.0,27.6,191.5,73.6
MAR02417,50.6,24.6,195.3,44.2
MAR02419,408.40000000000003,470.30000000000007,430.80000000000007,603.0999999999999
MAR02421,143.9,18.4,105.2,137.1
MAR02423,70.0,27.6,191.5,73.6
MAR02426,50.6,24.6,195.3,44.2
MAR02428,408.40000000000003,470.30000000000007,430.80000000000007,603.0999999999999
MAR02430,143.9,18.4,105.2,137.1
MAR02433,70.0,27.6,191.5,73.6
MAR02434,50.6,24.6,195.3,44.2
MAR02435,408.40000000000003,470.30000000000007,430.80000000000007,603.0999999999999
MAR02436,143.9,18.4,105.2,137.1
MAR03444,278.0,430.3,650.7,874.5
MAR03445,97.3,547.1,455.4,708.5
MAR03446,81.69999999999999,365.7,471.3,615.7
MAR03447,233.39999999999998,943.5999999999999,1116.6000000000001,1482.0
MAR03448,278.0,430.3,650.7,874.5
MAR03449,19.4,6.1,180.5,125.5
MAR03450,33.1,107.6,180.5,171.0
MAR03452,278.0,430.3,650.7,874.5
MAR03453,19.4,6.1,180.5,125.5
MAR03454_f,33.1,107.6,180.5,171.0
MAR03455_f,48.6,132.2,180.5,171.0
MAR03456,278.0,430.3,650.7,874.5
MAR03457_f,81.69999999999999,365.7,471.3,615.7
MAR03458,97.3,547.1,455.4,708.5
MAR03459,23.3,12.299999999999999,260.7,106.4
MAR03460,19.4,6.1,180.5,125.5
MAR03461,81.69999999999999,365.7,471.3,615.7
MAR03462,19.4,6.1,180.5,125.5
MAR03463,19.4,6.1,180.5,125.5
MAR03464,19.4,6.1,235.5,58.6
MAR03466,23.3,12.299999999999999,260.7,106.4
MAR03467,19.4,6.1,180.5,125.5
MAR03468_f,19.4,6.1,235.5,58.6
MAR03469_f,13.6,6.1,19.5,20.0
MAR03470,23.3,12.299999999999999,260.7,106.4
MAR03471_f,81.69999999999999,365.7,471.3,615.7
MAR03472,19.4,6.1,180.5,125.5
MAR00931,42.8,15.4,8.6,1.5
MAR00932,42.8,15.4,8.6,1.5
MAR00933,42.8,15.4,8.6,1.5
MAR00934,48.599999999999994,18.5,457.70000000000005,76.8
MAR00935,42.8,15.4,8.6,1.5
MAR00936,42.8,15.4,8.6,1.5
MAR00937,42.8,15.4,8.6,1.5
MAR00938,42.8,15.4,8.6,1.5
MAR00939,42.8,15.4,8.6,1.5
MAR00940,42.8,15.4,8.6,1.5
MAR00942,42.8,15.4,8.6,1.5
MAR00943,42.8,15.4,8.6,1.5
MAR00944,42.8,15.4,8.6,1.5
MAR00945,72.0,95.3,786.7,301.9
MAR00946,42.8,15.4,8.6,1.5
MAR00947,42.8,15.4,8.6,1.5
MAR00948,42.8,15.4,8.6,1.5
MAR00949,72.0,95.3,786.7,301.9
MAR00950,42.8,15.4,8.6,1.5
MAR00951,42.8,15.4,8.6,1.5
MAR00953,72.0,95.3,786.7,301.9
MAR00954,42.8,15.4,8.6,1.5
MAR00955,42.8,15.4,8.6,1.5
MAR00956,42.8,15.4,8.6,1.5
MAR00957,72.0,95.3,786.7,301.9
MAR00958,-1.0,-1.0,-1.0,-1.0
MAR00959,-1.0,-1.0,-1.0,-1.0
MAR00960,1577.3,3937.0,4370.3,21910.3
MAR00961,-1.0,-1.0,-1.0,-1.0
MAR00963,1577.3,3937.0,4370.3,21910.3
MAR00964,-1.0,-1.0,-1.0,-1.0
MAR00967,-1.0,-1.0,-1.0,-1.0
MAR00969,-1.0,-1.0,-1.0,-1.0
MAR00971,-1.0,-1.0,-1.0,-1.0
MAR00973_f,110.89999999999999,685.3,410.79999999999995,548.1
MAR00976,-1.0,-1.0,-1.0,-1.0
MAR00979_f,-1.0,-1.0,-1.0,-1.0
MAR00980_f,110.89999999999999,685.3,410.79999999999995,548.1
MAR00981,-1.0,-1.0,-1.0,-1.0
MAR00983,-1.0,-1.0,-1.0,-1.0
MAR00985,-1.0,-1.0,-1.0,-1.0
MAR00986,-1.0,-1.0,-1.0,-1.0
MAR00987,-1.0,-1.0,-1.0,-1.0
MAR00988_f,1577.3,3937.0,4370.3,21910.3
MAR00989,-1.0,-1.0,-1.0,-1.0
MAR00990,-1.0,-1.0,-1.0,-1.0
MAR00991_f,42.8,15.4,8.6,1.5
MAR00992_f,42.8,15.4,8.6,1.5
MAR00993_f,42.8,15.4,8.6,1.5
MAR00994_f,42.8,15.4,8.6,1.5
MAR00995,-1.0,-1.0,-1.0,-1.0
MAR00996,-1.0,-1.0,-1.0,-1.0
MAR00997,-1.0,-1.0,-1.0,-1.0
MAR00998,-1.0,-1.0,-1.0,-1.0
MAR00999,-1.0,-1.0,-1.0,-1.0
MAR01000,-1.0,-1.0,-1.0,-1.0
MAR01002_f,72.0,95.3,786.7,301.9
MAR01003_f,72.0,95.3,786.7,301.9
MAR01004_f,72.0,95.3,786.7,301.9
MAR01006_f,72.0,95.3,786.7,301.9
MAR01007_f,72.0,95.3,786.7,301.9
MAR01008_f,72.0,95.3,786.7,301.9
MAR01010_f,-1.0,-1.0,-1.0,-1.0
MAR01011_f,-1.0,-1.0,-1.0,-1.0
MAR01013,-1.0,-1.0,-1.0,-1.0
MAR01014,-1.0,-1.0,-1.0,-1.0
MAR01015,-1.0,-1.0,-1.0,-1.0
MAR01016,-1.0,-1.0,-1.0,-1.0
MAR01017,-1.0,-1.0,-1.0,-1.0
MAR01018,-1.0,-1.0,-1.0,-1.0
MAR01020_f,72.0,95.3,786.7,301.9
MAR01021_f,72.0,95.3,786.7,301.9
MAR01022_f,72.0,95.3,786.7,301.9
MAR01023_f,72.0,95.3,786.7,301.9
MAR01025_f,72.0,95.3,786.7,301.9
MAR01026_f,72.0,95.3,786.7,301.9
MAR01027_f,72.0,95.3,786.7,301.9
MAR01028_f,72.0,95.3,786.7,301.9
MAR01029,-1.0,-1.0,-1.0,-1.0
MAR01030,-1.0,-1.0,-1.0,-1.0
MAR01033,-1.0,-1.0,-1.0,-1.0
MAR01034,-1.0,-1.0,-1.0,-1.0
MAR01037,-1.0,-1.0,-1.0,-1.0
MAR01039,-1.0,-1.0,-1.0,-1.0
MAR01040,-1.0,-1.0,-1.0,-1.0
MAR01041_f,-1.0,-1.0,-1.0,-1.0
MAR01042_f,-1.0,-1.0,-1.0,-1.0
MAR01043_f,1577.3,3937.0,4370.3,21910.3
MAR01045_f,1577.3,3937.0,4370.3,21910.3
MAR01048_f,1577.3,3937.0,4370.3,21910.3
MAR01049_f,1577.3,3937.0,4370.3,21910.3
MAR01050_f,2359.0,4788.5,8849.699999999999,11589.6
MAR01053_f,2359.0,4788.5,8849.699999999999,11589.6
MAR01054_f,2359.0,4788.5,8849.699999999999,11589.6
MAR01055_f,72.0,95.3,786.7,301.9
MAR01057_f,72.0,95.3,786.7,301.9
MAR01058_f,72.0,95.3,786.7,301.9
MAR01059,-1.0,-1.0,-1.0,-1.0
MAR01061,-1.0,-1.0,-1.0,-1.0
MAR01062,-1.0,-1.0,-1.0,-1.0
MAR01063,-1.0,-1.0,-1.0,-1.0
MAR01064,-1.0,-1.0,-1.0,-1.0
MAR01065,700.1,1825.8,5487.4,5039.0999999999985
MAR01066,700.1,1825.8,5487.4,5039.0999999999985
MAR01067,700.1,1825.8,5487.4,5039.0999999999985
MAR01068,700.1,1825.8,5487.4,5039.0999999999985
MAR01069,700.1,1825.8,5487.4,5039.0999999999985
MAR01070,700.1,1825.8,5487.4,5039.0999999999985
MAR01071,-1.0,-1.0,-1.0,-1.0
MAR01072,-1.0,-1.0,-1.0,-1.0
MAR01073,-1.0,-1.0,-1.0,-1.0
MAR01074_f,188.7,141.4,1173.1,501.2
MAR01075,-1.0,-1.0,-1.0,-1.0
MAR01077,-1.0,-1.0,-1.0,-1.0
MAR01079,-1.0,-1.0,-1.0,-1.0
MAR03015,58.3,49.3,82.1,347.99999999999994
MAR01080,60.3,52.2,66.1,122.1
MAR01081,27.2,3.1,0.8,45.3
MAR01084,-1.0,-1.0,-1.0,-1.0
MAR01085,-1.0,-1.0,-1.0,-1.0
MAR01087,-1.0,-1.0,-1.0,-1.0
MAR01088_f,945.0,896.8000000000004,785.8000000000001,2924.3
MAR01091_f,945.0,896.8000000000004,785.8000000000001,2924.3
MAR01092,-1.0,-1.0,-1.0,-1.0
MAR01093_f,-1.0,-1.0,-1.0,-1.0
MAR01096,-1.0,-1.0,-1.0,-1.0
MAR01097_f,23.3,18.4,277.8,80.8
MAR01098_f,653.5,746.8999999999999,1867.7999999999997,2095.9
MAR01099_f,23.3,18.4,277.8,80.8
MAR01100,110.89999999999999,685.3,410.79999999999995,548.1
MAR01101,110.89999999999999,685.3,410.79999999999995,548.1
MAR01102,110.89999999999999,685.3,410.79999999999995,548.1
MAR01103,110.89999999999999,685.3,410.79999999999995,548.1
MAR01105,110.89999999999999,685.3,410.79999999999995,548.1
MAR01106,110.89999999999999,685.3,410.79999999999995,548.1
MAR01107,-1.0,-1.0,-1.0,-1.0
MAR01108,-1.0,-1.0,-1.0,-1.0
MAR01109,-1.0,-1.0,-1.0,-1.0
MAR01110,-1.0,-1.0,-1.0,-1.0
MAR01111,-1.0,-1.0,-1.0,-1.0
MAR01112,-1.0,-1.0,-1.0,-1.0
MAR01113_f,-1.0,-1.0,-1.0,-1.0
MAR01114_f,-1.0,-1.0,-1.0,-1.0
MAR01115_f,-1.0,-1.0,-1.0,-1.0
MAR01116_f,110.89999999999999,685.3,410.79999999999995,548.1
MAR01117_f,110.89999999999999,685.3,410.79999999999995,548.1
MAR01119_f,2359.0,4788.5,8849.699999999999,11589.6
MAR01120_f,2359.0,4788.5,8849.699999999999,11589.6
MAR01121_f,2359.0,4788.5,8849.699999999999,11589.6
MAR01122_f,2359.0,4788.5,8849.699999999999,11589.6
MAR01123_f,110.89999999999999,685.3,410.79999999999995,548.1
MAR01124_f,110.89999999999999,685.3,410.79999999999995,548.1
MAR01125_f,110.89999999999999,685.3,410.79999999999995,548.1
MAR01126,-1.0,-1.0,-1.0,-1.0
MAR01127,-1.0,-1.0,-1.0,-1.0
MAR01128,-1.0,-1.0,-1.0,-1.0
MAR01129_f,68.0,132.1,545.5,348.0
MAR01130_f,68.0,132.1,545.5,348.0
MAR01131_f,68.0,132.1,545.5,348.0
MAR01132_f,192.5,362.70000000000005,1478.0,1356.0
MAR01133_f,192.5,362.70000000000005,1478.0,1356.0
MAR01134_f,192.5,362.70000000000005,1478.0,1356.0
MAR01136_f,-1.0,-1.0,-1.0,-1.0
MAR01137,-1.0,-1.0,-1.0,-1.0
MAR01138,-1.0,-1.0,-1.0,-1.0
MAR01139,-1.0,-1.0,-1.0,-1.0
MAR01140,-1.0,-1.0,-1.0,-1.0
MAR01142_f,-1.0,-1.0,-1.0,-1.0
MAR01146_f,110.89999999999999,685.3,410.79999999999995,548.1
MAR01147_f,110.89999999999999,685.3,410.79999999999995,548.1
MAR01148_f,110.89999999999999,685.3,410.79999999999995,548.1
MAR01149_f,42.8,15.4,8.6,1.5
MAR01150_f,42.8,15.4,8.6,1.5
MAR01151_f,42.8,15.4,8.6,1.5
MAR01152_f,42.8,15.4,8.6,1.5
MAR01153_f,42.8,15.4,8.6,1.5
MAR01154_f,42.8,15.4,8.6,1.5
MAR01155_f,42.8,15.4,8.6,1.5
MAR01156_f,42.8,15.4,8.6,1.5
MAR01157,153.7,144.5,1251.6,214.9
MAR01158,153.7,144.5,1251.6,214.9
MAR01159,153.7,144.5,1251.6,214.9
MAR01160,153.7,144.5,1251.6,214.9
MAR01161,23.3,12.299999999999999,260.7,106.4
MAR01162,23.3,12.299999999999999,260.7,106.4
MAR01163,19.4,6.1,180.5,125.5
MAR01164,19.4,6.1,180.5,125.5
MAR01165,33.1,107.6,180.5,171.0
MAR01166,19.4,6.1,235.5,58.6
MAR01167,48.6,132.2,180.5,171.0
MAR01168,13.6,6.1,19.5,20.0
MAR01170,23.299999999999997,46.2,72.69999999999999,333.29999999999995
MAR01171,23.299999999999997,46.2,72.69999999999999,333.29999999999995
MAR01186_f,-1.0,-1.0,-1.0,-1.0
MAR01190_f,110.89999999999999,685.3,410.79999999999995,548.1
MAR01191_f,110.89999999999999,685.3,410.79999999999995,548.1
MAR01192_f,110.89999999999999,685.3,410.79999999999995,548.1
MAR01193_f,42.8,15.4,8.6,1.5
MAR01194_f,42.8,15.4,8.6,1.5
MAR01195_f,42.8,15.4,8.6,1.5
MAR01196_f,42.8,15.4,8.6,1.5
MAR01197_f,-1.0,-1.0,-1.0,-1.0
MAR01198_f,-1.0,-1.0,-1.0,-1.0
MAR01199_f,-1.0,-1.0,-1.0,-1.0
MAR01200,153.7,144.5,1251.6,214.9
MAR01201,153.7,144.5,1251.6,214.9
MAR01202,153.7,144.5,1251.6,214.9
MAR01203,153.7,144.5,1251.6,214.9
MAR01204,23.3,12.299999999999999,260.7,106.4
MAR01205,23.3,12.299999999999999,260.7,106.4
MAR01206,19.4,6.1,180.5,125.5
MAR01207,19.4,6.1,180.5,125.5
MAR01208,33.1,107.6,180.5,171.0
MAR01209,19.4,6.1,235.5,58.6
MAR01210,48.6,132.2,180.5,171.0
MAR01211,13.6,6.1,19.5,20.0
MAR01212,23.299999999999997,46.2,72.69999999999999,333.29999999999995
MAR01213,23.299999999999997,46.2,72.69999999999999,333.29999999999995
MAR01228,188.7,141.4,1173.1,501.2
MAR01229,188.7,141.4,1173.1,501.2
MAR01230,188.7,141.4,1173.1,501.2
MAR01231,110.89999999999999,685.3,410.79999999999995,548.1
MAR01232,110.89999999999999,685.3,410.79999999999995,548.1
MAR01233,110.89999999999999,685.3,410.79999999999995,548.1
MAR01234,-1.0,-1.0,-1.0,-1.0
MAR01235,-1.0,-1.0,-1.0,-1.0
MAR01236,-1.0,-1.0,-1.0,-1.0
MAR01237,-1.0,-1.0,-1.0,-1.0
MAR01238,-1.0,-1.0,-1.0,-1.0
MAR01239,-1.0,-1.0,-1.0,-1.0
MAR01241_f,-1.0,-1.0,-1.0,-1.0
MAR01244,110.89999999999999,685.3,410.79999999999995,548.1
MAR01245,110.89999999999999,685.3,410.79999999999995,548.1
MAR01246,110.89999999999999,685.3,410.79999999999995,548.1
MAR01247,-1.0,-1.0,-1.0,-1.0
MAR01248,153.7,144.5,1251.6,214.9
MAR01249,153.7,144.5,1251.6,214.9
MAR01250,153.7,144.5,1251.6,214.9
MAR01251,153.7,144.5,1251.6,214.9
MAR01253,23.3,12.299999999999999,260.7,106.4
MAR01254,23.3,12.299999999999999,260.7,106.4
MAR01255,19.4,6.1,180.5,125.5
MAR01256,19.4,6.1,180.5,125.5
MAR01257,33.1,107.6,180.5,171.0
MAR01258,19.4,6.1,235.5,58.6
MAR01259,48.6,132.2,180.5,171.0
MAR01260,13.6,6.1,19.5,20.0
MAR01261,23.299999999999997,46.2,72.69999999999999,333.29999999999995
MAR01262,23.299999999999997,46.2,72.69999999999999,333.29999999999995
MAR01263,153.7,144.5,1251.6,214.9
MAR01264,153.7,144.5,1251.6,214.9
MAR01265,153.7,144.5,1251.6,214.9
MAR01266,153.7,144.5,1251.6,214.9
MAR01270,23.3,12.299999999999999,260.7,106.4
MAR01271,23.3,12.299999999999999,260.7,106.4
MAR01272,19.4,6.1,180.5,125.5
MAR01273,19.4,6.1,180.5,125.5
MAR01274,33.1,107.6,180.5,171.0
MAR01275,19.4,6.1,235.5,58.6
MAR01276,48.6,132.2,180.5,171.0
MAR01277,13.6,6.1,19.5,20.0
MAR01278,23.299999999999997,46.2,72.69999999999999,333.29999999999995
MAR01279,23.299999999999997,46.2,72.69999999999999,333.29999999999995
MAR01280_f,110.89999999999999,685.3,410.79999999999995,548.1
MAR01281_f,110.89999999999999,685.3,410.79999999999995,548.1
MAR01282_f,110.89999999999999,685.3,410.79999999999995,548.1
MAR01285_f,-1.0,-1.0,-1.0,-1.0
MAR01287,-1.0,-1.0,-1.0,-1.0
MAR01288,68.0,132.1,545.5,348.0
MAR01289,192.5,362.70000000000005,1478.0,1356.0
MAR01290,153.7,144.5,1251.6,214.9
MAR01291,23.3,12.299999999999999,260.7,106.4
MAR01292,19.4,6.1,180.5,125.5
MAR01293,19.4,6.1,235.5,58.6
MAR01294,13.6,6.1,19.5,20.0
MAR01295_f,23.299999999999997,46.2,72.69999999999999,333.29999999999995
MAR01296,85.5,110.6,1135.4,670.0
MAR01297_f,81.69999999999999,365.7,471.3,615.7
MAR01298_f,19.4,6.1,180.5,125.5
MAR01299,19.4,6.1,180.5,125.5
MAR01300,19.4,6.1,235.5,58.6
MAR01301,13.6,6.1,19.5,20.0
MAR01302,17.5,40.0,25.6,77.3
MAR01303,23.3,12.299999999999999,260.7,106.4
MAR01304,23.299999999999997,46.2,72.69999999999999,333.29999999999995
MAR04796,-1.0,-1.0,-1.0,-1.0
MAR08545,-1.0,-1.0,-1.0,-1.0
MAR08546_f,110.89999999999999,685.3,410.79999999999995,548.1
MAR08547_f,-1.0,-1.0,-1.0,-1.0
MAR08548_f,-1.0,-1.0,-1.0,-1.0
MAR08549_f,-1.0,-1.0,-1.0,-1.0
MAR08550,27.2,3.1,0.8,45.3
MAR08552_f,-1.0,-1.0,-1.0,-1.0
MAR08554,-1.0,-1.0,-1.0,-1.0
MAR08555,-1.0,-1.0,-1.0,-1.0
MAR08556,-1.0,-1.0,-1.0,-1.0
MAR08557,-1.0,-1.0,-1.0,-1.0
MAR08558,-1.0,-1.0,-1.0,-1.0
MAR08559_f,177.0,6.1,1.7,1.0
MAR08560_f,208.1,430.20000000000005,229.3,422.29999999999995
MAR08561,-1.0,-1.0,-1.0,-1.0
MAR00154,42.7,52.3,83.3,358.4
MAR00189,23.299999999999997,46.2,72.69999999999999,333.29999999999995
MAR00193,23.299999999999997,46.2,72.69999999999999,333.29999999999995
MAR00197,23.299999999999997,46.2,72.69999999999999,333.29999999999995
MAR00201,23.299999999999997,46.2,72.69999999999999,333.29999999999995
MAR00206,23.299999999999997,46.2,72.69999999999999,333.29999999999995
MAR00210,23.299999999999997,46.2,72.69999999999999,333.29999999999995
MAR00214,23.299999999999997,46.2,72.69999999999999,333.29999999999995
MAR00223,23.299999999999997,46.2,72.69999999999999,333.29999999999995
MAR00230,23.299999999999997,46.2,72.69999999999999,333.29999999999995
MAR00234,23.299999999999997,46.2,72.69999999999999,333.29999999999995
MAR00238,23.299999999999997,46.2,72.69999999999999,333.29999999999995
MAR00242,23.299999999999997,46.2,72.69999999999999,333.29999999999995
MAR00246,23.299999999999997,46.2,72.69999999999999,333.29999999999995
MAR00250,23.299999999999997,46.2,72.69999999999999,333.29999999999995
MAR00256,23.299999999999997,46.2,72.69999999999999,333.29999999999995
MAR00260,23.299999999999997,46.2,72.69999999999999,333.29999999999995
MAR00264,23.299999999999997,46.2,72.69999999999999,333.29999999999995
MAR00268,23.299999999999997,46.2,72.69999999999999,333.29999999999995
MAR00272,23.299999999999997,46.2,72.69999999999999,333.29999999999995
MAR00276,23.299999999999997,46.2,72.69999999999999,333.29999999999995
MAR00280,23.299999999999997,46.2,72.69999999999999,333.29999999999995
MAR00284,23.299999999999997,46.2,72.69999999999999,333.29999999999995
MAR00290,23.299999999999997,46.2,72.69999999999999,333.29999999999995
MAR00294,23.299999999999997,46.2,72.69999999999999,333.29999999999995
MAR00298,23.299999999999997,46.2,72.69999999999999,333.29999999999995
MAR00302,23.299999999999997,46.2,72.69999999999999,333.29999999999995
MAR00306,23.299999999999997,46.2,72.69999999999999,333.29999999999995
MAR00310,23.299999999999997,46.2,72.69999999999999,333.29999999999995
MAR00314,23.299999999999997,46.2,72.69999999999999,333.29999999999995
MAR00320,23.299999999999997,46.2,72.69999999999999,333.29999999999995
MAR00324,23.299999999999997,46.2,72.69999999999999,333.29999999999995
MAR00328,23.299999999999997,46.2,72.69999999999999,333.29999999999995
MAR00332,23.299999999999997,46.2,72.69999999999999,333.29999999999995
MAR00338,23.299999999999997,46.2,72.69999999999999,333.29999999999995
MAR00342,23.299999999999997,46.2,72.69999999999999,333.29999999999995
MAR00346,23.299999999999997,46.2,72.69999999999999,333.29999999999995
MAR00350,23.299999999999997,46.2,72.69999999999999,333.29999999999995
MAR00354,23.299999999999997,46.2,72.69999999999999,333.29999999999995
MAR00358,23.299999999999997,46.2,72.69999999999999,333.29999999999995
MAR00362,23.299999999999997,46.2,72.69999999999999,333.29999999999995
MAR00366,23.299999999999997,46.2,72.69999999999999,333.29999999999995
MAR00370,23.299999999999997,46.2,72.69999999999999,333.29999999999995
MAR00374,23.299999999999997,46.2,72.69999999999999,333.29999999999995
MAR00378,23.299999999999997,46.2,72.69999999999999,333.29999999999995
MAR00382,23.299999999999997,46.2,72.69999999999999,333.29999999999995
MAR00386,23.299999999999997,46.2,72.69999999999999,333.29999999999995
MAR00390,23.299999999999997,46.2,72.69999999999999,333.29999999999995
MAR00394,23.299999999999997,46.2,72.69999999999999,333.29999999999995
MAR00398,23.299999999999997,46.2,72.69999999999999,333.29999999999995
MAR00402,23.299999999999997,46.2,72.69999999999999,333.29999999999995
MAR00406,23.299999999999997,46.2,72.69999999999999,333.29999999999995
MAR00410,23.299999999999997,46.2,72.69999999999999,333.29999999999995
MAR00414,23.299999999999997,46.2,72.69999999999999,333.29999999999995
MAR00418,23.299999999999997,46.2,72.69999999999999,333.29999999999995
MAR00422,23.299999999999997,46.2,72.69999999999999,333.29999999999995
MAR00426,23.299999999999997,46.2,72.69999999999999,333.29999999999995
MAR00430,23.299999999999997,46.2,72.69999999999999,333.29999999999995
MAR00434,23.299999999999997,46.2,72.69999999999999,333.29999999999995
MAR00438,23.299999999999997,46.2,72.69999999999999,333.29999999999995
MAR03009,23.299999999999997,46.2,72.69999999999999,333.29999999999995
MAR03475,17.5,40.0,25.6,77.3
MAR03476,-1.0,-1.0,-1.0,-1.0
MAR03477,-1.0,-1.0,-1.0,-1.0
MAR00159_f,25.3,12.3,89.1,9.6
MAR02591_f,25.3,12.3,89.1,9.6
MAR02594_f,25.3,12.3,89.1,9.6
MAR02599_f,25.3,12.3,89.1,9.6
MAR02602_f,25.3,12.3,89.1,9.6
MAR02605_f,25.3,12.3,89.1,9.6
MAR02608_f,25.3,12.3,89.1,9.6
MAR02611_f,25.3,12.3,89.1,9.6
MAR02614_f,25.3,12.3,89.1,9.6
MAR02620_f,25.3,12.3,89.1,9.6
MAR02623_f,25.3,12.3,89.1,9.6
MAR02626_f,25.3,12.3,89.1,9.6
MAR02633_f,25.3,12.3,89.1,9.6
MAR02636_f,25.3,12.3,89.1,9.6
MAR02642_f,25.3,12.3,89.1,9.6
MAR02648_f,25.3,12.3,89.1,9.6
MAR02651_f,25.3,12.3,89.1,9.6
MAR02654_f,25.3,12.3,89.1,9.6
MAR02657_f,25.3,12.3,89.1,9.6
MAR02660_f,25.3,12.3,89.1,9.6
MAR02663_f,25.3,12.3,89.1,9.6
MAR02666_f,25.3,12.3,89.1,9.6
MAR02669_f,25.3,12.3,89.1,9.6
MAR02672_f,25.3,12.3,89.1,9.6
MAR02675_f,25.3,12.3,89.1,9.6
MAR02678_f,25.3,12.3,89.1,9.6
MAR02681_f,25.3,12.3,89.1,9.6
MAR02684_f,25.3,12.3,89.1,9.6
MAR02687_f,25.3,12.3,89.1,9.6
MAR02690_f,25.3,12.3,89.1,9.6
MAR02693_f,25.3,12.3,89.1,9.6
MAR02699_f,25.3,12.3,89.1,9.6
MAR02702_f,25.3,12.3,89.1,9.6
MAR02705_f,25.3,12.3,89.1,9.6
MAR02708_f,25.3,12.3,89.1,9.6
MAR02711_f,25.3,12.3,89.1,9.6
MAR02714_f,25.3,12.3,89.1,9.6
MAR02717_f,25.3,12.3,89.1,9.6
MAR02720_f,25.3,12.3,89.1,9.6
MAR02726_f,25.3,12.3,89.1,9.6
MAR02730_f,25.3,12.3,89.1,9.6
MAR02733_f,25.3,12.3,89.1,9.6
MAR02736_f,25.3,12.3,89.1,9.6
MAR02739_f,25.3,12.3,89.1,9.6
MAR02742_f,25.3,12.3,89.1,9.6
MAR02746_f,25.3,12.3,89.1,9.6
MAR02752_f,25.3,12.3,89.1,9.6
MAR02755_f,25.3,12.3,89.1,9.6
MAR02759_f,25.3,12.3,89.1,9.6
MAR02762_f,25.3,12.3,89.1,9.6
MAR02768_f,25.3,12.3,89.1,9.6
MAR02771_f,25.3,12.3,89.1,9.6
MAR02774_f,25.3,12.3,89.1,9.6
MAR02877_f,25.3,12.3,89.1,9.6
MAR03032_f,25.3,12.3,89.1,9.6
MAR03521_f,-1.0,-1.0,-1.0,-1.0
MAR08419_f,-1.0,-1.0,-1.0,-1.0
MAR00160_f,-1.0,-1.0,-1.0,-1.0
MAR00161_f,15.6,36.9,145.2,81.1
MAR00162_f,-1.0,-1.0,-1.0,-1.0
MAR00163_f,50.6,18.4,33.0,19.5
MAR02592,105.0,6.1,7.2,9.6
MAR02593_f,15.6,36.9,145.2,81.1
MAR02596_f,105.0,6.1,7.2,9.6
MAR02598_f,15.6,36.9,145.2,81.1
MAR02600,105.0,6.1,7.2,9.6
MAR02601_f,15.6,36.9,145.2,81.1
MAR02603_f,105.0,6.1,7.2,9.6
MAR02604_f,15.6,36.9,145.2,81.1
MAR02606_f,105.0,6.1,7.2,9.6
MAR02607_f,15.6,36.9,145.2,81.1
MAR02609_f,105.0,6.1,7.2,9.6
MAR02610_f,15.6,36.9,145.2,81.1
MAR02612_f,105.0,6.1,7.2,9.6
MAR02613_f,15.6,36.9,145.2,81.1
MAR02616_f,105.0,6.1,7.2,9.6
MAR02618_f,15.6,36.9,145.2,81.1
MAR02621_f,105.0,6.1,7.2,9.6
MAR02622_f,15.6,36.9,145.2,81.1
MAR02624_f,105.0,6.1,7.2,9.6
MAR02625_f,15.6,36.9,145.2,81.1
MAR02629_f,105.0,6.1,7.2,9.6
MAR02630_f,15.6,36.9,145.2,81.1
MAR02634_f,105.0,6.1,7.2,9.6
MAR02635_f,15.6,36.9,145.2,81.1
MAR02638_f,105.0,6.1,7.2,9.6
MAR02640_f,15.6,36.9,145.2,81.1
MAR02644_f,105.0,6.1,7.2,9.6
MAR02646_f,15.6,36.9,145.2,81.1
MAR02649_f,105.0,6.1,7.2,9.6
MAR02650_f,15.6,36.9,145.2,81.1
MAR02652_f,105.0,6.1,7.2,9.6
MAR02653_f,15.6,36.9,145.2,81.1
MAR02655_f,105.0,6.1,7.2,9.6
MAR02656_f,15.6,36.9,145.2,81.1
MAR02658_f,105.0,6.1,7.2,9.6
MAR02659_f,15.6,36.9,145.2,81.1
MAR02661_f,105.0,6.1,7.2,9.6
MAR02662_f,15.6,36.9,145.2,81.1
MAR02664_f,105.0,6.1,7.2,9.6
MAR02665_f,15.6,36.9,145.2,81.1
MAR02667_f,105.0,6.1,7.2,9.6
MAR02668_f,15.6,36.9,145.2,81.1
MAR02670_f,105.0,6.1,7.2,9.6
MAR02671_f,15.6,36.9,145.2,81.1
MAR02673_f,105.0,6.1,7.2,9.6
MAR02674_f,15.6,36.9,145.2,81.1
MAR02676_f,105.0,6.1,7.2,9.6
MAR02677_f,15.6,36.9,145.2,81.1
MAR02679_f,105.0,6.1,7.2,9.6
MAR02680_f,15.6,36.9,145.2,81.1
MAR02682_f,105.0,6.1,7.2,9.6
MAR02683_f,15.6,36.9,145.2,81.1
MAR02685_f,105.0,6.1,7.2,9.6
MAR02686_f,15.6,36.9,145.2,81.1
MAR02688_f,105.0,6.1,7.2,9.6
MAR02689_f,15.6,36.9,145.2,81.1
MAR02691_f,105.0,6.1,7.2,9.6
MAR02692_f,15.6,36.9,145.2,81.1
MAR02695_f,105.0,6.1,7.2,9.6
MAR02697_f,15.6,36.9,145.2,81.1
MAR02700_f,105.0,6.1,7.2,9.6
MAR02701_f,15.6,36.9,145.2,81.1
MAR02703_f,105.0,6.1,7.2,9.6
MAR02704_f,15.6,36.9,145.2,81.1
MAR02706_f,105.0,6.1,7.2,9.6
MAR02707_f,15.6,36.9,145.2,81.1
MAR02709_f,105.0,6.1,7.2,9.6
MAR02710_f,15.6,36.9,145.2,81.1
MAR02712_f,105.0,6.1,7.2,9.6
MAR02713_f,15.6,36.9,145.2,81.1
MAR02715_f,105.0,6.1,7.2,9.6
MAR02716_f,15.6,36.9,145.2,81.1
MAR02718_f,105.0,6.1,7.2,9.6
MAR02719_f,15.6,36.9,145.2,81.1
MAR02722_f,105.0,6.1,7.2,9.6
MAR02724_f,15.6,36.9,145.2,81.1
MAR02727_f,105.0,6.1,7.2,9.6
MAR02729_f,15.6,36.9,145.2,81.1
MAR02731_f,105.0,6.1,7.2,9.6
MAR02732_f,15.6,36.9,145.2,81.1
MAR02734_f,105.0,6.1,7.2,9.6
MAR02735_f,15.6,36.9,145.2,81.1
MAR02737_f,105.0,6.1,7.2,9.6
MAR02738_f,15.6,36.9,145.2,81.1
MAR02740_f,105.0,6.1,7.2,9.6
MAR02741_f,15.6,36.9,145.2,81.1
MAR02744_f,105.0,6.1,7.2,9.6
MAR02745,15.6,36.9,145.2,81.1
MAR02748_f,105.0,6.1,7.2,9.6
MAR02750_f,15.6,36.9,145.2,81.1
MAR02753_f,105.0,6.1,7.2,9.6
MAR02754_f,15.6,36.9,145.2,81.1
MAR02757_f,105.0,6.1,7.2,9.6
MAR02758_f,15.6,36.9,145.2,81.1
MAR02760_f,105.0,6.1,7.2,9.6
MAR02761_f,15.6,36.9,145.2,81.1
MAR02764_f,105.0,6.1,7.2,9.6
MAR02766_f,15.6,36.9,145.2,81.1
MAR02769_f,105.0,6.1,7.2,9.6
MAR02770_f,15.6,36.9,145.2,81.1
MAR02772_f,105.0,6.1,7.2,9.6
MAR02773_f,15.6,36.9,145.2,81.1
MAR02775_f,105.0,6.1,7.2,9.6
MAR02776_f,15.6,36.9,145.2,81.1
MAR03519_f,-1.0,-1.0,-1.0,-1.0
MAR03520_f,-1.0,-1.0,-1.0,-1.0
MAR08417_f,-1.0,-1.0,-1.0,-1.0
MAR08418_f,-1.0,-1.0,-1.0,-1.0
MAR03027_f,-1.0,-1.0,-1.0,-1.0
MAR03028_f,25.3,12.3,89.1,9.6
MAR03029_f,3.9,3.1,58.8,45.6
MAR03030_f,3.9,3.1,58.8,45.6
MAR03033_f,105.0,6.1,7.2,9.6
MAR03034_f,50.6,18.4,33.0,19.5
MAR03035_f,105.0,6.1,7.2,9.6
MAR03037_f,3.9,3.1,58.8,45.6
MAR02778_f,-1.0,-1.0,-1.0,-1.0
MAR02780_f,3.9,3.1,58.8,45.6
MAR02783_f,105.0,6.1,7.2,9.6
MAR02785_f,3.9,3.1,58.8,45.6
MAR02787_f,-1.0,-1.0,-1.0,-1.0
MAR02788_f,3.9,3.1,58.8,45.6
MAR02789_f,-1.0,-1.0,-1.0,-1.0
MAR02790_f,3.9,3.1,58.8,45.6
MAR02791_f,-1.0,-1.0,-1.0,-1.0
MAR02792_f,3.9,3.1,58.8,45.6
MAR02793_f,-1.0,-1.0,-1.0,-1.0
MAR02794_f,3.9,3.1,58.8,45.6
MAR02795_f,-1.0,-1.0,-1.0,-1.0
MAR02796_f,3.9,3.1,58.8,45.6
MAR02797_f,-1.0,-1.0,-1.0,-1.0
MAR02798_f,3.9,3.1,58.8,45.6
MAR02799_f,-1.0,-1.0,-1.0,-1.0
MAR02800_f,3.9,3.1,58.8,45.6
MAR02801_f,-1.0,-1.0,-1.0,-1.0
MAR02803_f,3.9,3.1,58.8,45.6
MAR02805_f,-1.0,-1.0,-1.0,-1.0
MAR02806_f,3.9,3.1,58.8,45.6
MAR02807_f,-1.0,-1.0,-1.0,-1.0
MAR02809_f,3.9,3.1,58.8,45.6
MAR02811_f,-1.0,-1.0,-1.0,-1.0
MAR02812_f,3.9,3.1,58.8,45.6
MAR02813_f,-1.0,-1.0,-1.0,-1.0
MAR02814_f,3.9,3.1,58.8,45.6
MAR02815_f,-1.0,-1.0,-1.0,-1.0
MAR02816_f,3.9,3.1,58.8,45.6
MAR02817_f,-1.0,-1.0,-1.0,-1.0
MAR02819_f,3.9,3.1,58.8,45.6
MAR02821_f,-1.0,-1.0,-1.0,-1.0
MAR02822_f,3.9,3.1,58.8,45.6
MAR02823_f,-1.0,-1.0,-1.0,-1.0
MAR02824_f,3.9,3.1,58.8,45.6
MAR02825,-1.0,-1.0,-1.0,-1.0
MAR02827_f,3.9,3.1,58.8,45.6
MAR02829,-1.0,-1.0,-1.0,-1.0
MAR02830,3.9,3.1,58.8,45.6
MAR02831_f,-1.0,-1.0,-1.0,-1.0
MAR02832_f,3.9,3.1,58.8,45.6
MAR02833,-1.0,-1.0,-1.0,-1.0
MAR02834,3.9,3.1,58.8,45.6
MAR02835_f,-1.0,-1.0,-1.0,-1.0
MAR02836_f,3.9,3.1,58.8,45.6
MAR02837_f,-1.0,-1.0,-1.0,-1.0
MAR02838_f,3.9,3.1,58.8,45.6
MAR02839_f,-1.0,-1.0,-1.0,-1.0
MAR02840_f,3.9,3.1,58.8,45.6
MAR02841_f,-1.0,-1.0,-1.0,-1.0
MAR02842_f,3.9,3.1,58.8,45.6
MAR02843_f,-1.0,-1.0,-1.0,-1.0
MAR02844_f,3.9,3.1,58.8,45.6
MAR02845_f,-1.0,-1.0,-1.0,-1.0
MAR02846_f,3.9,3.1,58.8,45.6
MAR02847_f,-1.0,-1.0,-1.0,-1.0
MAR02848_f,3.9,3.1,58.8,45.6
MAR02849_f,-1.0,-1.0,-1.0,-1.0
MAR02850_f,3.9,3.1,58.8,45.6
MAR02851_f,-1.0,-1.0,-1.0,-1.0
MAR02852_f,3.9,3.1,58.8,45.6
MAR02853_f,-1.0,-1.0,-1.0,-1.0
MAR02854_f,3.9,3.1,58.8,45.6
MAR02855_f,-1.0,-1.0,-1.0,-1.0
MAR02856_f,3.9,3.1,58.8,45.6
MAR02857_f,-1.0,-1.0,-1.0,-1.0
MAR02859_f,3.9,3.1,58.8,45.6
MAR02861_f,-1.0,-1.0,-1.0,-1.0
MAR02862_f,3.9,3.1,58.8,45.6
MAR02863_f,-1.0,-1.0,-1.0,-1.0
MAR02864_f,3.9,3.1,58.8,45.6
MAR02865_f,-1.0,-1.0,-1.0,-1.0
MAR02866_f,3.9,3.1,58.8,45.6
MAR02867_f,-1.0,-1.0,-1.0,-1.0
MAR02868_f,3.9,3.1,58.8,45.6
MAR02869_f,-1.0,-1.0,-1.0,-1.0
MAR02870_f,3.9,3.1,58.8,45.6
MAR02871_f,-1.0,-1.0,-1.0,-1.0
MAR02872_f,3.9,3.1,58.8,45.6
MAR02873_f,-1.0,-1.0,-1.0,-1.0
MAR02874_f,3.9,3.1,58.8,45.6
MAR02875_f,-1.0,-1.0,-1.0,-1.0
MAR02876_f,3.9,3.1,58.8,45.6
MAR02878_f,-1.0,-1.0,-1.0,-1.0
MAR02879_f,3.9,3.1,58.8,45.6
MAR02880_f,-1.0,-1.0,-1.0,-1.0
MAR02882_f,3.9,3.1,58.8,45.6
MAR02884_f,-1.0,-1.0,-1.0,-1.0
MAR02886_f,3.9,3.1,58.8,45.6
MAR02888_f,-1.0,-1.0,-1.0,-1.0
MAR02890_f,3.9,3.1,58.8,45.6
MAR02892_f,-1.0,-1.0,-1.0,-1.0
MAR02894_f,3.9,3.1,58.8,45.6
MAR02896_f,-1.0,-1.0,-1.0,-1.0
MAR02897_f,3.9,3.1,58.8,45.6
MAR02898_f,-1.0,-1.0,-1.0,-1.0
MAR02899_f,3.9,3.1,58.8,45.6
MAR02900_f,-1.0,-1.0,-1.0,-1.0
MAR02901_f,3.9,3.1,58.8,45.6
MAR02902_f,-1.0,-1.0,-1.0,-1.0
MAR02903_f,3.9,3.1,58.8,45.6
MAR02904_f,-1.0,-1.0,-1.0,-1.0
MAR02905_f,3.9,3.1,58.8,45.6
MAR02906_f,25.3,12.3,89.1,9.6
MAR02907_f,-1.0,-1.0,-1.0,-1.0
MAR02908_f,3.9,3.1,58.8,45.6
MAR02909_f,25.3,12.3,89.1,9.6
MAR02910_f,-1.0,-1.0,-1.0,-1.0
MAR02911_f,3.9,3.1,58.8,45.6
MAR02912_f,25.3,12.3,89.1,9.6
MAR02913_f,-1.0,-1.0,-1.0,-1.0
MAR02914_f,3.9,3.1,58.8,45.6
MAR02915_f,25.3,12.3,89.1,9.6
MAR02916_f,-1.0,-1.0,-1.0,-1.0
MAR02917_f,3.9,3.1,58.8,45.6
MAR02918_f,25.3,12.3,89.1,9.6
MAR02919_f,-1.0,-1.0,-1.0,-1.0
MAR02920_f,3.9,3.1,58.8,45.6
MAR02921_f,25.3,12.3,89.1,9.6
MAR02922_f,-1.0,-1.0,-1.0,-1.0
MAR02923_f,3.9,3.1,58.8,45.6
MAR02924_f,25.3,12.3,89.1,9.6
MAR02925_f,-1.0,-1.0,-1.0,-1.0
MAR02926_f,3.9,3.1,58.8,45.6
MAR02927_f,25.3,12.3,89.1,9.6
MAR02928_f,-1.0,-1.0,-1.0,-1.0
MAR02929_f,3.9,3.1,58.8,45.6
MAR02930_f,25.3,12.3,89.1,9.6
MAR02931_f,-1.0,-1.0,-1.0,-1.0
MAR02932_f,3.9,3.1,58.8,45.6
MAR00001,122.6,153.7,682.8000000000001,151.9
MAR00002,-1.0,-1.0,-1.0,-1.0
MAR00003,68.1,82.9,115.30000000000001,139.5
MAR00005,79.8,132.2,167.6,92.0
MAR00449,19.4,3.1,2.9,3.4
MAR00604,21.4,12.299999999999999,7.5,27.1
MAR00605,-1.0,-1.0,-1.0,-1.0
MAR00665,68.1,82.9,115.30000000000001,139.5
MAR00667,68.1,82.9,115.30000000000001,139.5
MAR00668,68.1,82.9,115.30000000000001,139.5
MAR00669,68.1,82.9,115.30000000000001,139.5
MAR00670,68.1,82.9,115.30000000000001,139.5
MAR00671,68.1,82.9,115.30000000000001,139.5
MAR00672,68.1,82.9,115.30000000000001,139.5
MAR00679,79.8,132.2,167.6,92.0
MAR00680,79.8,132.2,167.6,92.0
MAR00681,79.8,132.2,167.6,92.0
MAR00682,79.8,132.2,167.6,92.0
MAR00683,79.8,132.2,167.6,92.0
MAR00684,79.8,132.2,167.6,92.0
MAR07588,21.4,9.2,24.4,27.7
MAR03053,-1.0,-1.0,-1.0,-1.0
MAR03054,-1.0,-1.0,-1.0,-1.0
MAR03055,-1.0,-1.0,-1.0,-1.0
MAR03057,23.3,12.299999999999999,260.7,106.4
MAR03058,19.4,6.1,180.5,125.5
MAR03059,19.4,6.1,235.5,58.6
MAR03060,13.6,6.1,19.5,20.0
MAR03062,23.3,12.299999999999999,260.7,106.4
MAR03063,19.4,6.1,180.5,125.5
MAR03064,19.4,6.1,235.5,58.6
MAR03065,13.6,6.1,19.5,20.0
MAR03066,23.3,12.299999999999999,260.7,106.4
MAR03067,19.4,6.1,180.5,125.5
MAR03068,19.4,6.1,235.5,58.6
MAR03069,13.6,6.1,19.5,20.0
MAR03070,23.3,12.299999999999999,260.7,106.4
MAR03071,19.4,6.1,180.5,125.5
MAR03072,19.4,6.1,235.5,58.6
MAR03073,13.6,6.1,19.5,20.0
MAR03074,23.3,12.299999999999999,260.7,106.4
MAR03075,19.4,6.1,180.5,125.5
MAR03076,19.4,6.1,235.5,58.6
MAR03077,13.6,6.1,19.5,20.0
MAR03078,23.3,12.299999999999999,260.7,106.4
MAR03079,19.4,6.1,180.5,125.5
MAR03080,19.4,6.1,235.5,58.6
MAR03081,13.6,6.1,19.5,20.0
MAR03082,23.3,12.299999999999999,260.7,106.4
MAR03083,19.4,6.1,180.5,125.5
MAR03084,19.4,6.1,235.5,58.6
MAR03085,13.6,6.1,19.5,20.0
MAR03086,23.3,12.299999999999999,260.7,106.4
MAR03087,19.4,6.1,180.5,125.5
MAR03088,19.4,6.1,235.5,58.6
MAR03089,13.6,6.1,19.5,20.0
MAR03090,23.3,12.299999999999999,260.7,106.4
MAR03091,19.4,6.1,180.5,125.5
MAR03092,19.4,6.1,235.5,58.6
MAR03093,13.6,6.1,19.5,20.0
MAR03094,23.3,12.299999999999999,260.7,106.4
MAR03095,19.4,6.1,180.5,125.5
MAR03096,19.4,6.1,235.5,58.6
MAR03097,13.6,6.1,19.5,20.0
MAR03098,23.3,12.299999999999999,260.7,106.4
MAR03099,19.4,6.1,180.5,125.5
MAR03100,19.4,6.1,235.5,58.6
MAR03101,13.6,6.1,19.5,20.0
MAR03102,23.3,12.299999999999999,260.7,106.4
MAR03103,19.4,6.1,180.5,125.5
MAR03104,19.4,6.1,235.5,58.6
MAR03106_f,-1.0,-1.0,-1.0,-1.0
MAR03056,-1.0,-1.0,-1.0,-1.0
MAR03326,23.3,12.299999999999999,260.7,106.4
MAR03327,19.4,6.1,180.5,125.5
MAR03328,19.4,6.1,235.5,58.6
MAR03329,13.6,6.1,19.5,20.0
MAR03330,23.3,12.299999999999999,260.7,106.4
MAR03331,19.4,6.1,180.5,125.5
MAR03332,19.4,6.1,235.5,58.6
MAR03333,13.6,6.1,19.5,20.0
MAR03334,23.3,12.299999999999999,260.7,106.4
MAR03335,19.4,6.1,180.5,125.5
MAR03336,19.4,6.1,235.5,58.6
MAR03337,13.6,6.1,19.5,20.0
MAR03338,23.3,12.299999999999999,260.7,106.4
MAR03339,19.4,6.1,180.5,125.5
MAR03340,19.4,6.1,235.5,58.6
MAR03341,13.6,6.1,19.5,20.0
MAR03342,23.3,12.299999999999999,260.7,106.4
MAR03343,19.4,6.1,180.5,125.5
MAR03344,19.4,6.1,235.5,58.6
MAR03345,13.6,6.1,19.5,20.0
MAR03346,23.3,12.299999999999999,260.7,106.4
MAR03347,19.4,6.1,180.5,125.5
MAR03348,19.4,6.1,235.5,58.6
MAR03349,13.6,6.1,19.5,20.0
MAR03350,23.3,12.299999999999999,260.7,106.4
MAR03351,19.4,6.1,180.5,125.5
MAR03352,19.4,6.1,235.5,58.6
MAR03353,13.6,6.1,19.5,20.0
MAR03355_f,19.4,6.1,180.5,125.5
MAR03365,19.4,6.1,180.5,125.5
MAR03367,19.4,6.1,235.5,58.6
MAR03368,13.6,6.1,19.5,20.0
MAR03370,19.4,6.1,180.5,125.5
MAR03372,19.4,6.1,235.5,58.6
MAR03373,13.6,6.1,19.5,20.0
MAR03375_f,19.4,6.1,180.5,125.5
MAR03478,-1.0,-1.0,-1.0,-1.0
MAR03480,5.8,3.1,171.6,96.0
MAR03481_f,155.6,430.3,1183.6,827.7
MAR03482,5.8,3.1,171.6,96.0
MAR03484,35.0,92.2,169.1,286.3
MAR03486,9.7,6.1,26.4,28.5
MAR03491_f,-1.0,-1.0,-1.0,-1.0
MAR03493,5.8,3.1,171.6,96.0
MAR03498,23.3,12.299999999999999,260.7,106.4
MAR03501,19.4,6.1,180.5,125.5
MAR03503,19.4,6.1,235.5,58.6
MAR03505,13.6,6.1,19.5,20.0
MAR03506,23.3,12.299999999999999,260.7,106.4
MAR03508,19.4,6.1,180.5,125.5
MAR03509,19.4,6.1,235.5,58.6
MAR03510,13.6,6.1,19.5,20.0
MAR03511,-1.0,-1.0,-1.0,-1.0
MAR03512,23.3,12.299999999999999,260.7,106.4
MAR03513,19.4,6.1,180.5,125.5
MAR03514,19.4,6.1,235.5,58.6
MAR03515,13.6,6.1,19.5,20.0
MAR03517_f,155.6,430.3,1183.6,827.7
MAR03302,19.4,6.1,180.5,125.5
MAR03304,19.4,6.1,235.5,58.6
MAR03305,13.6,6.1,19.5,20.0
MAR03307,19.4,6.1,180.5,125.5
MAR03309,19.4,6.1,235.5,58.6
MAR03310,13.6,6.1,19.5,20.0
MAR03312,19.4,6.1,180.5,125.5
MAR03314,19.4,6.1,235.5,58.6
MAR03315,13.6,6.1,19.5,20.0
MAR03316,19.4,6.1,180.5,125.5
MAR03317,19.4,6.1,180.5,125.5
MAR03319,19.4,6.1,235.5,58.6
MAR03320,13.6,6.1,19.5,20.0
MAR03321,23.3,12.299999999999999,260.7,106.4
MAR03322,81.69999999999999,365.7,471.3,615.7
MAR03323_f,19.4,6.1,180.5,125.5
MAR03107,278.0,430.3,650.7,874.5
MAR03108,19.4,6.1,180.5,125.5
MAR03109,33.1,107.6,180.5,171.0
MAR03110,48.6,132.2,180.5,171.0
MAR03111,278.0,430.3,650.7,874.5
MAR03112,19.4,6.1,180.5,125.5
MAR03113,33.1,107.6,180.5,171.0
MAR03114,48.6,132.2,180.5,171.0
MAR03115,278.0,430.3,650.7,874.5
MAR03116,19.4,6.1,180.5,125.5
MAR03117,33.1,107.6,180.5,171.0
MAR03118,48.6,132.2,180.5,171.0
MAR03121,278.0,430.3,650.7,874.5
MAR03122,19.4,6.1,180.5,125.5
MAR03123,33.1,107.6,180.5,171.0
MAR03125,48.6,132.2,180.5,171.0
MAR03128,301.3,442.59999999999997,911.4,980.9
MAR03129,19.4,6.1,180.5,125.5
MAR03130,33.1,107.6,180.5,171.0
MAR03132,48.6,132.2,180.5,171.0
MAR03135,278.0,430.3,650.7,874.5
MAR03136,19.4,6.1,180.5,125.5
MAR03137,33.1,107.6,180.5,171.0
MAR03139,48.6,132.2,180.5,171.0
MAR03142,99.1,270.5,561.5,654.0
MAR03143,19.4,6.1,180.5,125.5
MAR03144,33.1,107.6,180.5,171.0
MAR03146,48.6,132.2,180.5,171.0
MAR03149,99.1,270.5,561.5,654.0
MAR03150,19.4,6.1,180.5,125.5
MAR03151,33.1,107.6,180.5,171.0
MAR03153,48.6,132.2,180.5,171.0
MAR03156,33.0,52.3,729.4,222.0
MAR03157,19.4,6.1,180.5,125.5
MAR03158,33.1,107.6,180.5,171.0
MAR03160,48.6,132.2,180.5,171.0
MAR03398,855.6,2062.2999999999997,5314.6,5106.499999999999
MAR03406,855.6,2062.2999999999997,5314.6,5106.499999999999
MAR03407,855.6,2062.2999999999997,5314.6,5106.499999999999
MAR03408,855.6,2062.2999999999997,5314.6,5106.499999999999
MAR03409,855.6,2062.2999999999997,5314.6,5106.499999999999
MAR03411,855.6,2062.2999999999997,5314.6,5106.499999999999
MAR03413,855.6,2062.2999999999997,5314.6,5106.499999999999
MAR03414,855.6,2062.2999999999997,5314.6,5106.499999999999
MAR03416,855.6,2062.2999999999997,5314.6,5106.499999999999
MAR03421,855.6,2062.2999999999997,5314.6,5106.499999999999
MAR03422,855.6,2062.2999999999997,5314.6,5106.499999999999
MAR03423,855.6,2062.2999999999997,5314.6,5106.499999999999
MAR03424,855.6,2062.2999999999997,5314.6,5106.499999999999
MAR03425,855.6,2062.2999999999997,5314.6,5106.499999999999
MAR03426,855.6,2062.2999999999997,5314.6,5106.499999999999
MAR09719,855.6,2062.2999999999997,5314.6,5106.499999999999
MAR03427,855.6,2062.2999999999997,5314.6,5106.499999999999
MAR03428,855.6,2062.2999999999997,5314.6,5106.499999999999
MAR03429,855.6,2062.2999999999997,5314.6,5106.499999999999
MAR03430,855.6,2062.2999999999997,5314.6,5106.499999999999
MAR03431,855.6,2062.2999999999997,5314.6,5106.499999999999
MAR03432,855.6,2062.2999999999997,5314.6,5106.499999999999
MAR03433,855.6,2062.2999999999997,5314.6,5106.499999999999
MAR03170,278.0,430.3,650.7,874.5
MAR03171,19.4,6.1,180.5,125.5
MAR03172,33.1,107.6,180.5,171.0
MAR03173,48.6,132.2,180.5,171.0
MAR03174,278.0,430.3,650.7,874.5
MAR03175,19.4,6.1,180.5,125.5
MAR03176,33.1,107.6,180.5,171.0
MAR03177,48.6,132.2,180.5,171.0
MAR03178,278.0,430.3,650.7,874.5
MAR03179,19.4,6.1,180.5,125.5
MAR03180,33.1,107.6,180.5,171.0
MAR03181,48.6,132.2,180.5,171.0
MAR03182,278.0,430.3,650.7,874.5
MAR03183,19.4,6.1,180.5,125.5
MAR03184,33.1,107.6,180.5,171.0
MAR03185,48.6,132.2,180.5,171.0
MAR03186,278.0,430.3,650.7,874.5
MAR03187,19.4,6.1,180.5,125.5
MAR03188,33.1,107.6,180.5,171.0
MAR03189,48.6,132.2,180.5,171.0
MAR03190,75.8,258.2,300.8,547.6
MAR03191,19.4,6.1,180.5,125.5
MAR03192,33.1,107.6,180.5,171.0
MAR03193,48.6,132.2,180.5,171.0
MAR03194,75.8,258.2,300.8,547.6
MAR03195,19.4,6.1,180.5,125.5
MAR03196,33.1,107.6,180.5,171.0
MAR03197,48.6,132.2,180.5,171.0
MAR03198,75.8,258.2,300.8,547.6
MAR03199,19.4,6.1,180.5,125.5
MAR03200,33.1,107.6,180.5,171.0
MAR03201,48.6,132.2,180.5,171.0
MAR03202,9.7,40.0,468.7,115.6
MAR03203,19.4,6.1,180.5,125.5
MAR03204,33.1,107.6,180.5,171.0
MAR03205,48.6,132.2,180.5,171.0
MAR03396,-1.0,-1.0,-1.0,-1.0
MAR03397,-1.0,-1.0,-1.0,-1.0
MAR03240,278.0,430.3,650.7,874.5
MAR03241,19.4,6.1,180.5,125.5
MAR03242,33.1,107.6,180.5,171.0
MAR03243,48.6,132.2,180.5,171.0
MAR03244,278.0,430.3,650.7,874.5
MAR03245,19.4,6.1,180.5,125.5
MAR03246,33.1,107.6,180.5,171.0
MAR03247,48.6,132.2,180.5,171.0
MAR03250,278.0,430.3,650.7,874.5
MAR03252,19.4,6.1,180.5,125.5
MAR03254,33.1,107.6,180.5,171.0
MAR03256,48.6,132.2,180.5,171.0
MAR03258,278.0,430.3,650.7,874.5
MAR03260,19.4,6.1,180.5,125.5
MAR03262,33.1,107.6,180.5,171.0
MAR03264,48.6,132.2,180.5,171.0
MAR03272_f,233.39999999999998,943.5999999999999,1116.6000000000001,1482.0
MAR03356,23.3,12.299999999999999,260.7,106.4
MAR03357,19.4,6.1,180.5,125.5
MAR03358,19.4,6.1,235.5,58.6
MAR03359,13.6,6.1,19.5,20.0
MAR03360,23.3,12.299999999999999,260.7,106.4
MAR03361,19.4,6.1,180.5,125.5
MAR03362,19.4,6.1,235.5,58.6
MAR03363,13.6,6.1,19.5,20.0
MAR03218,278.0,430.3,650.7,874.5
MAR03219,19.4,6.1,180.5,125.5
MAR03220,33.1,107.6,180.5,171.0
MAR03221,48.6,132.2,180.5,171.0
MAR03222,278.0,430.3,650.7,874.5
MAR03223,19.4,6.1,180.5,125.5
MAR03224,33.1,107.6,180.5,171.0
MAR03225,48.6,132.2,180.5,171.0
MAR03226,278.0,430.3,650.7,874.5
MAR03227,19.4,6.1,180.5,125.5
MAR03228,33.1,107.6,180.5,171.0
MAR03229,48.6,132.2,180.5,171.0
MAR03230,278.0,430.3,650.7,874.5
MAR03231,19.4,6.1,180.5,125.5
MAR03232,33.1,107.6,180.5,171.0
MAR03233,48.6,132.2,180.5,171.0
MAR03234,278.0,430.3,650.7,874.5
MAR03235,19.4,6.1,180.5,125.5
MAR03236,33.1,107.6,180.5,171.0
MAR03237,48.6,132.2,180.5,171.0
MAR03239_f,233.39999999999998,943.5999999999999,1116.6000000000001,1482.0
MAR03275,278.0,430.3,650.7,874.5
MAR03277,19.4,6.1,180.5,125.5
MAR03278,33.1,107.6,180.5,171.0
MAR03279,48.6,132.2,180.5,171.0
MAR03280,278.0,430.3,650.7,874.5
MAR03281,19.4,6.1,180.5,125.5
MAR03282,33.1,107.6,180.5,171.0
MAR03283,48.6,132.2,180.5,171.0
MAR03284,278.0,430.3,650.7,874.5
MAR03285,19.4,6.1,180.5,125.5
MAR03286,33.1,107.6,180.5,171.0
MAR03287,48.6,132.2,180.5,171.0
MAR03288,252.79999999999998,949.6999999999999,1393.5,1607.5
MAR03290,19.4,6.1,180.5,125.5
MAR03292,33.1,107.6,180.5,171.0
MAR03293,48.6,132.2,180.5,171.0
MAR03294,278.0,430.3,650.7,874.5
MAR03296,81.69999999999999,365.7,471.3,615.7
MAR03298_f,97.3,547.1,455.4,708.5
MAR01174,48.6,132.2,180.5,171.0
MAR01175,23.3,12.299999999999999,260.7,106.4
MAR01176,81.69999999999999,365.7,471.3,615.7
MAR01177,19.4,6.1,180.5,125.5
MAR01178,33.1,107.6,180.5,171.0
MAR01179,48.6,132.2,180.5,171.0
MAR01180,23.3,12.299999999999999,260.7,106.4
MAR01181_f,81.69999999999999,365.7,471.3,615.7
MAR01182,19.4,6.1,180.5,125.5
MAR01183,33.1,107.6,180.5,171.0
MAR01184,48.6,132.2,180.5,171.0
MAR01216,48.6,132.2,180.5,171.0
MAR01217,23.3,12.299999999999999,260.7,106.4
MAR01218,81.69999999999999,365.7,471.3,615.7
MAR01219_f,19.4,6.1,180.5,125.5
MAR01220_f,33.1,107.6,180.5,171.0
MAR01221_f,48.6,132.2,180.5,171.0
MAR01222_f,81.69999999999999,365.7,471.3,615.7
MAR01223,23.3,12.299999999999999,260.7,106.4
MAR01224,19.4,6.1,180.5,125.5
MAR01225,33.1,107.6,180.5,171.0
MAR01226,48.6,132.2,180.5,171.0
MAR03522,77.69999999999999,252.0,307.3,553.7
MAR03523,19.4,6.1,180.5,125.5
MAR03524,33.1,107.6,180.5,171.0
MAR03525,48.6,132.2,180.5,171.0
MAR03526,-1.0,-1.0,-1.0,-1.0
MAR03527,77.69999999999999,252.0,307.3,553.7
MAR03528,19.4,6.1,180.5,125.5
MAR03529,33.1,107.6,180.5,171.0
MAR03530,48.6,132.2,180.5,171.0
MAR03531,77.69999999999999,252.0,307.3,553.7
MAR03532,19.4,6.1,180.5,125.5
MAR03533,33.1,107.6,180.5,171.0
MAR03534,48.6,132.2,180.5,171.0
MAR01573,-1.0,-1.0,-1.0,-1.0
MAR06901,13.6,18.4,35.4,32.9
MAR06903,9.7,21.5,14.8,8.5
MAR06904,11.7,27.7,17.0,34.3
MAR06905,1.9,6.1,11.7,11.3
MAR06906,-1.0,-1.0,-1.0,-1.0
MAR06907,11.7,27.7,17.0,34.3
MAR06908,15.6,33.8,50.1,59.1
MAR06909,11.7,30.7,11.7,23.1
MAR06910,1.9,6.1,11.7,11.3
MAR07165,-1.0,-1.0,-1.0,-1.0
MAR07166,52.5,58.4,25.7,51.4
MAR07167,66.1,27.7,55.6,33.7
MAR07168,25.3,18.4,23.7,28.3
MAR07169,-1.0,-1.0,-1.0,-1.0
MAR07170,50.6,9.2,167.5,48.1
MAR09722,37.0,150.6,1.8,45.2
MAR01920,-1.0,-1.0,-1.0,-1.0
MAR01924,85.5,129.1,675.2,88.30000000000001
MAR01926,-1.0,-1.0,-1.0,-1.0
MAR01927,23.4,33.8,106.4,56.0
MAR01928,-1.0,-1.0,-1.0,-1.0
MAR01929,-1.0,-1.0,-1.0,-1.0
MAR01931,657.4,92.2,3.2,63.7
MAR01932,-1.0,-1.0,-1.0,-1.0
MAR01933,-1.0,-1.0,-1.0,-1.0
MAR01934,-1.0,-1.0,-1.0,-1.0
MAR01935,-1.0,-1.0,-1.0,-1.0
MAR01940,-1.0,-1.0,-1.0,-1.0
MAR01941,-1.0,-1.0,-1.0,-1.0
MAR01942,-1.0,-1.0,-1.0,-1.0
MAR01943,9.7,6.1,34.0,8.0
MAR01948,-1.0,-1.0,-1.0,-1.0
MAR01949,-1.0,-1.0,-1.0,-1.0
MAR01950,-1.0,-1.0,-1.0,-1.0
MAR01951,-1.0,-1.0,-1.0,-1.0
MAR01989,-1.0,-1.0,-1.0,-1.0
MAR01990,-1.0,-1.0,-1.0,-1.0
MAR01991,-1.0,-1.0,-1.0,-1.0
MAR01992,-1.0,-1.0,-1.0,-1.0
MAR01993,-1.0,-1.0,-1.0,-1.0
MAR02002_f,5.8,6.1,96.7,24.8
MAR02003_f,95.30000000000001,52.199999999999996,1204.9,569.0
MAR02004_f,-1.0,-1.0,-1.0,-1.0
MAR02005,-1.0,-1.0,-1.0,-1.0
MAR02007,-1.0,-1.0,-1.0,-1.0
MAR02009,-1.0,-1.0,-1.0,-1.0
MAR02010,-1.0,-1.0,-1.0,-1.0
MAR02011,-1.0,-1.0,-1.0,-1.0
MAR04766,151.7,79.89999999999999,572.8,1026.1
MAR06793,-1.0,-1.0,-1.0,-1.0
MAR06794,-1.0,-1.0,-1.0,-1.0
MAR06795,-1.0,-1.0,-1.0,-1.0
MAR06796,-1.0,-1.0,-1.0,-1.0
MAR07648,151.7,79.89999999999999,572.8,1026.1
MAR07928,-1.0,-1.0,-1.0,-1.0
MAR07930,-1.0,-1.0,-1.0,-1.0
MAR07931,-1.0,-1.0,-1.0,-1.0
MAR07932,-1.0,-1.0,-1.0,-1.0
MAR07934,-1.0,-1.0,-1.0,-1.0
MAR07935,-1.0,-1.0,-1.0,-1.0
MAR07936,-1.0,-1.0,-1.0,-1.0
MAR07937,-1.0,-1.0,-1.0,-1.0
MAR07938,-1.0,-1.0,-1.0,-1.0
MAR07939,-1.0,-1.0,-1.0,-1.0
MAR07940,42.8,15.4,8.6,1.5
MAR07941,42.8,15.4,8.6,1.5
MAR07942_f,-1.0,-1.0,-1.0,-1.0
MAR07943_f,140.0,36.9,3.0,10.1
MAR07945,-1.0,-1.0,-1.0,-1.0
MAR07948,-1.0,-1.0,-1.0,-1.0
MAR07950,-1.0,-1.0,-1.0,-1.0
MAR07952,-1.0,-1.0,-1.0,-1.0
MAR07954,-1.0,-1.0,-1.0,-1.0
MAR07955,25.3,86.1,92.5,122.8
MAR07957,42.8,15.4,8.6,1.5
MAR07958,-1.0,-1.0,-1.0,-1.0
MAR07959,122.5,76.8,508.9,956.8
MAR07962,-1.0,-1.0,-1.0,-1.0
MAR07965,122.5,76.8,508.9,956.8
MAR07968,134.3,159.9,635.2,341.4
MAR02041,134.3,159.9,635.2,341.4
MAR07970,11.7,3.1,41.8,9.1
MAR07971,-1.0,-1.0,-1.0,-1.0
MAR07972,-1.0,-1.0,-1.0,-1.0
MAR07973,-1.0,-1.0,-1.0,-1.0
MAR07974,-1.0,-1.0,-1.0,-1.0
MAR07976,64.2,18.4,753.9,71.4
MAR07978,-1.0,-1.0,-1.0,-1.0
MAR07980,-1.0,-1.0,-1.0,-1.0
MAR07984,-1.0,-1.0,-1.0,-1.0
MAR07987,-1.0,-1.0,-1.0,-1.0
MAR01944,-1.0,-1.0,-1.0,-1.0
MAR01945,-1.0,-1.0,-1.0,-1.0
MAR01952,11.7,3.1,0.1,0.6
MAR01953,-1.0,-1.0,-1.0,-1.0
MAR01958,-1.0,-1.0,-1.0,-1.0
MAR01959,-1.0,-1.0,-1.0,-1.0
MAR01960_f,-1.0,-1.0,-1.0,-1.0
MAR01962,11.7,3.1,0.1,0.6
MAR01963,-1.0,-1.0,-1.0,-1.0
MAR01967,-1.0,-1.0,-1.0,-1.0
MAR01968,-1.0,-1.0,-1.0,-1.0
MAR01969,-1.0,-1.0,-1.0,-1.0
MAR01970,-1.0,-1.0,-1.0,-1.0
MAR01971,-1.0,-1.0,-1.0,-1.0
MAR01973,165.40000000000003,193.7,1086.2,839.0
MAR01974,165.40000000000003,193.7,1086.2,839.0
MAR01976,5.8,6.1,96.7,24.8
MAR01977,5.8,6.1,96.7,24.8
MAR01978_f,-1.0,-1.0,-1.0,-1.0
MAR01982,-1.0,-1.0,-1.0,-1.0
MAR01983,-1.0,-1.0,-1.0,-1.0
MAR02014_f,-1.0,-1.0,-1.0,-1.0
MAR02015_f,5.8,6.1,96.7,24.8
MAR02016,95.30000000000001,52.199999999999996,1204.9,569.0
MAR02017,95.30000000000001,52.199999999999996,1204.9,569.0
MAR02018,95.30000000000001,52.199999999999996,1204.9,569.0
MAR02019,95.30000000000001,52.199999999999996,1204.9,569.0
MAR02020_f,-1.0,-1.0,-1.0,-1.0
MAR02022_f,-1.0,-1.0,-1.0,-1.0
MAR02024_f,-1.0,-1.0,-1.0,-1.0
MAR02025_f,-1.0,-1.0,-1.0,-1.0
MAR01440,-1.0,-1.0,-1.0,-1.0
MAR01445,13.6,21.5,29.8,53.3
MAR01448_f,54.5,187.5,152.6,219.8
MAR01454,38.9,86.1,313.5,53.8
MAR01465,70.0,52.2,188.6,68.0
MAR01467,70.0,52.2,188.6,68.0
MAR01470,42.8,6.1,100.1,4.0
MAR01473,-1.0,-1.0,-1.0,-1.0
MAR01477,-1.0,-1.0,-1.0,-1.0
MAR01478,-1.0,-1.0,-1.0,-1.0
MAR01479,-1.0,-1.0,-1.0,-1.0
MAR01484,83.6,12.2,244.4,84.4
MAR01490,66.1,21.5,466.8,30.4
MAR01493,66.1,21.5,466.8,30.4
MAR01494,66.1,21.5,466.8,30.4
MAR01495,7.8,9.2,54.7,13.4
MAR01496,7.8,9.2,54.7,13.4
MAR01500_f,11.7,3.1,41.8,9.1
MAR01502,66.1,21.5,466.8,30.4
MAR01503,66.1,21.5,466.8,30.4
MAR01504,66.1,21.5,466.8,30.4
MAR01505,7.8,9.2,54.7,13.4
MAR01509,11.7,3.1,41.8,9.1
MAR01512,44.7,24.6,634.0,71.0
MAR01516,23.3,3.1,296.9,14.1
MAR01519,23.3,6.1,128.9,2.9
MAR01526,-1.0,-1.0,-1.0,-1.0
MAR01533,-1.0,-1.0,-1.0,-1.0
MAR01557,23.3,3.1,296.9,14.1
MAR01558,23.3,3.1,296.9,14.1
MAR01565,23.3,6.1,128.9,2.9
MAR01535,-1.0,-1.0,-1.0,-1.0
MAR01536,-1.0,-1.0,-1.0,-1.0
MAR01538,-1.0,-1.0,-1.0,-1.0
MAR01539,-1.0,-1.0,-1.0,-1.0
MAR01540,83.6,12.2,244.4,84.4
MAR01543,66.1,21.5,466.8,30.4
MAR01544,66.1,21.5,466.8,30.4
MAR01545,66.1,21.5,466.8,30.4
MAR01546,7.8,9.2,54.7,13.4
MAR01547,11.7,3.1,41.8,9.1
MAR01548,66.1,21.5,466.8,30.4
MAR01549,66.1,21.5,466.8,30.4
MAR01550,66.1,21.5,466.8,30.4
MAR01551,7.8,9.2,54.7,13.4
MAR01552,11.7,3.1,41.8,9.1
MAR01553,44.7,24.6,634.0,71.0
MAR01437,40.8,15.4,441.9,18.5
MAR01451,19.4,27.7,114.3,21.4
MAR01457,75.8,150.6,336.4,171.5
MAR01460,75.8,150.6,336.4,171.5
MAR01531,3.9,9.2,363.4,61.7
MAR01570,-1.0,-1.0,-1.0,-1.0
MAR01576,3.9,12.3,3.3,5.7
MAR01577,37.0,83.0,170.4,194.0
MAR03105_f,21.4,27.7,225.1,41.6
MAR04630,-1.0,-1.0,-1.0,-1.0
MAR02029,42.8,15.4,8.6,1.5
MAR02030,42.8,15.4,8.6,1.5
MAR02031,42.8,15.4,8.6,1.5
MAR02032,42.8,15.4,8.6,1.5
MAR02033,42.8,15.4,8.6,1.5
MAR02034,42.8,15.4,8.6,1.5
MAR02036,134.3,159.9,635.2,341.4
MAR02037,17.5,166.0,252.1,102.2
MAR02038,40.8,12.299999999999999,159.4,92.0
MAR02042,42.8,15.4,8.6,1.5
MAR02043,42.8,15.4,8.6,1.5
MAR02044_f,153.6,282.8,324.09999999999997,84.60000000000001
MAR02045_f,153.6,282.8,324.09999999999997,84.60000000000001
MAR02046,-1.0,-1.0,-1.0,-1.0
MAR02047,-1.0,-1.0,-1.0,-1.0
MAR02048_f,153.6,282.8,324.09999999999997,84.60000000000001
MAR02049,-1.0,-1.0,-1.0,-1.0
MAR02050,-1.0,-1.0,-1.0,-1.0
MAR02051,-1.0,-1.0,-1.0,-1.0
MAR02052_f,153.6,282.8,324.09999999999997,84.60000000000001
MAR02053,42.8,15.4,8.6,1.5
MAR02054,42.8,15.4,8.6,1.5
MAR02055,-1.0,-1.0,-1.0,-1.0
MAR02056,-1.0,-1.0,-1.0,-1.0
MAR02057,-1.0,-1.0,-1.0,-1.0
MAR02058_f,153.6,282.8,324.09999999999997,84.60000000000001
MAR02059_f,153.6,282.8,324.09999999999997,84.60000000000001
MAR02060_f,153.6,282.8,324.09999999999997,84.60000000000001
MAR02061_f,260.6,713.0,1371.6,724.4
MAR02062_f,260.6,713.0,1371.6,724.4
MAR02063_f,260.6,713.0,1371.6,724.4
MAR02064,-1.0,-1.0,-1.0,-1.0
MAR02068_f,2359.0,4788.5,8849.699999999999,11589.6
MAR02069_f,2359.0,4788.5,8849.699999999999,11589.6
MAR02070_f,2359.0,4788.5,8849.699999999999,11589.6
MAR02071_f,2359.0,4788.5,8849.699999999999,11589.6
MAR02072_f,2359.0,4788.5,8849.699999999999,11589.6
MAR02073_f,2359.0,4788.5,8849.699999999999,11589.6
MAR02074_f,2359.0,4788.5,8849.699999999999,11589.6
MAR02075_f,2359.0,4788.5,8849.699999999999,11589.6
MAR02076_f,260.6,713.0,1371.6,724.4
MAR02077_f,260.6,713.0,1371.6,724.4
MAR02078_f,260.6,713.0,1371.6,724.4
MAR02079,-1.0,-1.0,-1.0,-1.0
MAR02083_f,2359.0,4788.5,8849.699999999999,11589.6
MAR02084_f,2359.0,4788.5,8849.699999999999,11589.6
MAR02085_f,2359.0,4788.5,8849.699999999999,11589.6
MAR02086_f,2359.0,4788.5,8849.699999999999,11589.6
MAR02088_f,260.6,713.0,1371.6,724.4
MAR02089_f,260.6,713.0,1371.6,724.4
MAR02091,-1.0,-1.0,-1.0,-1.0
MAR02095_f,2359.0,4788.5,8849.699999999999,11589.6
MAR02096_f,2359.0,4788.5,8849.699999999999,11589.6
MAR02097_f,2359.0,4788.5,8849.699999999999,11589.6
MAR02098_f,2359.0,4788.5,8849.699999999999,11589.6
MAR02099_f,260.6,713.0,1371.6,724.4
MAR02100_f,260.6,713.0,1371.6,724.4
MAR02102,-1.0,-1.0,-1.0,-1.0
MAR02106_f,2359.0,4788.5,8849.699999999999,11589.6
MAR02107_f,2359.0,4788.5,8849.699999999999,11589.6
MAR02108_f,2359.0,4788.5,8849.699999999999,11589.6
MAR02109_f,2359.0,4788.5,8849.699999999999,11589.6
MAR02110_f,2359.0,4788.5,8849.699999999999,11589.6
MAR02111_f,2359.0,4788.5,8849.699999999999,11589.6
MAR02112_f,2359.0,4788.5,8849.699999999999,11589.6
MAR02113_f,2359.0,4788.5,8849.699999999999,11589.6
MAR03537,-1.0,-1.0,-1.0,-1.0
MAR03538,35.0,12.3,57.1,12.5
MAR03539,35.0,12.3,57.1,12.5
MAR03540,35.0,12.3,57.1,12.5
MAR03541,35.0,12.3,57.1,12.5
MAR03542,35.0,12.3,57.1,12.5
MAR03543,35.0,12.3,57.1,12.5
MAR03544,35.0,12.3,57.1,12.5
MAR03545,35.0,12.3,57.1,12.5
MAR03546,35.0,12.3,57.1,12.5
MAR03547,35.0,12.3,57.1,12.5
MAR03548,35.0,12.3,57.1,12.5
MAR03549,35.0,12.3,57.1,12.5
MAR03550,35.0,12.3,57.1,12.5
MAR03551,35.0,12.3,57.1,12.5
MAR03552,35.0,12.3,57.1,12.5
MAR03553,35.0,12.3,57.1,12.5
MAR03554,35.0,12.3,57.1,12.5
MAR03555,35.0,12.3,57.1,12.5
MAR03556,35.0,12.3,57.1,12.5
MAR03557,35.0,12.3,57.1,12.5
MAR03558,35.0,12.3,57.1,12.5
MAR03559,35.0,12.3,57.1,12.5
MAR03560,35.0,12.3,57.1,12.5
MAR03561,35.0,12.3,57.1,12.5
MAR03562,35.0,12.3,57.1,12.5
MAR03563,35.0,12.3,57.1,12.5
MAR03564,35.0,12.3,57.1,12.5
MAR03565,35.0,12.3,57.1,12.5
MAR03566,35.0,12.3,57.1,12.5
MAR03567,35.0,12.3,57.1,12.5
MAR03568,35.0,12.3,57.1,12.5
MAR03569,35.0,12.3,57.1,12.5
MAR03570,35.0,12.3,57.1,12.5
MAR03571,35.0,12.3,57.1,12.5
MAR03572,35.0,12.3,57.1,12.5
MAR03573,35.0,12.3,57.1,12.5
MAR03574,35.0,12.3,57.1,12.5
MAR03575,35.0,12.3,57.1,12.5
MAR03576,35.0,12.3,57.1,12.5
MAR03577,35.0,12.3,57.1,12.5
MAR03578,35.0,12.3,57.1,12.5
MAR03579,35.0,12.3,57.1,12.5
MAR03580,35.0,12.3,57.1,12.5
MAR03581,35.0,12.3,57.1,12.5
MAR03582,35.0,12.3,57.1,12.5
MAR03583,35.0,12.3,57.1,12.5
MAR03584,35.0,12.3,57.1,12.5
MAR03585,35.0,12.3,57.1,12.5
MAR03586,35.0,12.3,57.1,12.5
MAR03587,35.0,12.3,57.1,12.5
MAR03588,35.0,12.3,57.1,12.5
MAR03589,35.0,12.3,57.1,12.5
MAR03590,35.0,12.3,57.1,12.5
MAR03591,35.0,12.3,57.1,12.5
MAR03592,35.0,12.3,57.1,12.5
MAR03593,35.0,12.3,57.1,12.5
MAR03594,35.0,12.3,57.1,12.5
MAR03595,35.0,12.3,57.1,12.5
MAR03596,35.0,12.3,57.1,12.5
MAR03622_f,-1.0,-1.0,-1.0,-1.0
MAR03625,-1.0,-1.0,-1.0,-1.0
MAR03626,-1.0,-1.0,-1.0,-1.0
MAR03627,-1.0,-1.0,-1.0,-1.0
MAR03628,-1.0,-1.0,-1.0,-1.0
MAR03629,-1.0,-1.0,-1.0,-1.0
MAR03630,-1.0,-1.0,-1.0,-1.0
MAR03631,-1.0,-1.0,-1.0,-1.0
MAR03632,-1.0,-1.0,-1.0,-1.0
MAR03633,-1.0,-1.0,-1.0,-1.0
MAR03634,-1.0,-1.0,-1.0,-1.0
MAR03635,-1.0,-1.0,-1.0,-1.0
MAR03636,-1.0,-1.0,-1.0,-1.0
MAR03637,-1.0,-1.0,-1.0,-1.0
MAR03638,-1.0,-1.0,-1.0,-1.0
MAR03639,-1.0,-1.0,-1.0,-1.0
MAR03640,-1.0,-1.0,-1.0,-1.0
MAR03641,-1.0,-1.0,-1.0,-1.0
MAR03642,-1.0,-1.0,-1.0,-1.0
MAR03643,-1.0,-1.0,-1.0,-1.0
MAR03644,-1.0,-1.0,-1.0,-1.0
MAR03645,-1.0,-1.0,-1.0,-1.0
MAR03646,-1.0,-1.0,-1.0,-1.0
MAR03647,-1.0,-1.0,-1.0,-1.0
MAR03648,-1.0,-1.0,-1.0,-1.0
MAR03649,-1.0,-1.0,-1.0,-1.0
MAR03650,-1.0,-1.0,-1.0,-1.0
MAR03651,-1.0,-1.0,-1.0,-1.0
MAR03652,-1.0,-1.0,-1.0,-1.0
MAR03653,-1.0,-1.0,-1.0,-1.0
MAR03654,-1.0,-1.0,-1.0,-1.0
MAR03655,-1.0,-1.0,-1.0,-1.0
MAR03656,-1.0,-1.0,-1.0,-1.0
MAR03657,-1.0,-1.0,-1.0,-1.0
MAR03658,-1.0,-1.0,-1.0,-1.0
MAR03659,-1.0,-1.0,-1.0,-1.0
MAR03660,-1.0,-1.0,-1.0,-1.0
MAR03661,-1.0,-1.0,-1.0,-1.0
MAR03662,-1.0,-1.0,-1.0,-1.0
MAR03663,-1.0,-1.0,-1.0,-1.0
MAR03664,-1.0,-1.0,-1.0,-1.0
MAR03665,-1.0,-1.0,-1.0,-1.0
MAR03666,-1.0,-1.0,-1.0,-1.0
MAR03667,-1.0,-1.0,-1.0,-1.0
MAR03668,-1.0,-1.0,-1.0,-1.0
MAR03669,-1.0,-1.0,-1.0,-1.0
MAR03670,-1.0,-1.0,-1.0,-1.0
MAR03671,-1.0,-1.0,-1.0,-1.0
MAR03672,-1.0,-1.0,-1.0,-1.0
MAR03673,-1.0,-1.0,-1.0,-1.0
MAR03674,-1.0,-1.0,-1.0,-1.0
MAR03675,-1.0,-1.0,-1.0,-1.0
MAR03676,-1.0,-1.0,-1.0,-1.0
MAR03677,-1.0,-1.0,-1.0,-1.0
MAR03678,-1.0,-1.0,-1.0,-1.0
MAR03679,-1.0,-1.0,-1.0,-1.0
MAR03680,-1.0,-1.0,-1.0,-1.0
MAR03681,-1.0,-1.0,-1.0,-1.0
MAR03682,-1.0,-1.0,-1.0,-1.0
MAR03683,-1.0,-1.0,-1.0,-1.0
MAR03684,35.0,12.3,57.1,12.5
MAR03685,35.0,12.3,57.1,12.5
MAR03686,35.0,12.3,57.1,12.5
MAR03687,35.0,12.3,57.1,12.5
MAR03688,35.0,12.3,57.1,12.5
MAR03689,35.0,12.3,57.1,12.5
MAR03690,35.0,12.3,57.1,12.5
MAR03691,35.0,12.3,57.1,12.5
MAR03692,35.0,12.3,57.1,12.5
MAR03693,35.0,12.3,57.1,12.5
MAR03694,35.0,12.3,57.1,12.5
MAR03695,35.0,12.3,57.1,12.5
MAR03696,35.0,12.3,57.1,12.5
MAR03697,35.0,12.3,57.1,12.5
MAR03698,35.0,12.3,57.1,12.5
MAR03699,35.0,12.3,57.1,12.5
MAR03700,35.0,12.3,57.1,12.5
MAR03701,35.0,12.3,57.1,12.5
MAR03702,35.0,12.3,57.1,12.5
MAR03703,35.0,12.3,57.1,12.5
MAR03704,35.0,12.3,57.1,12.5
MAR03705,35.0,12.3,57.1,12.5
MAR03706,35.0,12.3,57.1,12.5
MAR03707,35.0,12.3,57.1,12.5
MAR03708,35.0,12.3,57.1,12.5
MAR03709,35.0,12.3,57.1,12.5
MAR03710,35.0,12.3,57.1,12.5
MAR03711,35.0,12.3,57.1,12.5
MAR03712,35.0,12.3,57.1,12.5
MAR03713,35.0,12.3,57.1,12.5
MAR03714,35.0,12.3,57.1,12.5
MAR03715,35.0,12.3,57.1,12.5
MAR03716,35.0,12.3,57.1,12.5
MAR03717,35.0,12.3,57.1,12.5
MAR03718,35.0,12.3,57.1,12.5
MAR03719,35.0,12.3,57.1,12.5
MAR03720,35.0,12.3,57.1,12.5
MAR03721,35.0,12.3,57.1,12.5
MAR03722,35.0,12.3,57.1,12.5
MAR03723,35.0,12.3,57.1,12.5
MAR03724,35.0,12.3,57.1,12.5
MAR03725,35.0,12.3,57.1,12.5
MAR03726,35.0,12.3,57.1,12.5
MAR03727,35.0,12.3,57.1,12.5
MAR03728,35.0,12.3,57.1,12.5
MAR03729,35.0,12.3,57.1,12.5
MAR03730,35.0,12.3,57.1,12.5
MAR03731,35.0,12.3,57.1,12.5
MAR03732,35.0,12.3,57.1,12.5
MAR03733,35.0,12.3,57.1,12.5
MAR03734,35.0,12.3,57.1,12.5
MAR03735,35.0,12.3,57.1,12.5
MAR03736,35.0,12.3,57.1,12.5
MAR03737,35.0,12.3,57.1,12.5
MAR03738,35.0,12.3,57.1,12.5
MAR03739,35.0,12.3,57.1,12.5
MAR03740,35.0,12.3,57.1,12.5
MAR03741,35.0,12.3,57.1,12.5
MAR03742,35.0,12.3,57.1,12.5
MAR00715,19.4,15.4,18.5,29.4
MAR00716,353.90000000000003,36.8,59.2,243.1
MAR00733,340.3,30.7,49.9,228.7
MAR00735,46.7,27.700000000000003,33.4,20.4
MAR00736,46.7,27.700000000000003,33.4,20.4
MAR00738,11.7,3.1,18.6,17.5
MAR00741,37.0,6.1,76.8,33.9
MAR00744,23.4,49.2,27.3,44.5
MAR00746,124.5,55.300000000000004,313.8,95.29999999999998
MAR00748,37.0,3.1,41.7,10.5
MAR00750,87.5,24.6,271.09999999999997,120.69999999999999
MAR00753_f,353.90000000000003,36.8,59.2,243.1
MAR00754,19.4,15.4,18.5,29.4
MAR00758,87.5,24.6,271.09999999999997,120.69999999999999
MAR00760,1.9,9.2,19.2,12.6
MAR00761,62.2,9.2,14.9,77.1
MAR00762,25.2,43.0,93.30000000000001,295.9
MAR00763_f,-1.0,-1.0,-1.0,-1.0
MAR00765,396.59999999999997,110.69999999999999,368.0,215.20000000000002
MAR00766,29.2,15.4,36.1,41.2
MAR00767,190.6,83.0,339.1,114.9
MAR00773,23.4,49.2,27.3,44.5
MAR00775,124.5,55.300000000000004,313.8,95.29999999999998
MAR00779,37.0,3.1,41.7,10.5
MAR00781,-1.0,-1.0,-1.0,-1.0
MAR00783,73.9,33.8,148.5,45.8
MAR00795,33.0,18.4,71.8,74.5
MAR08147,-1.0,-1.0,-1.0,-1.0
MAR08148,25.3,12.3,0.1,98.6
MAR08149,11.7,3.1,0.2,14.7
MAR08150,-1.0,-1.0,-1.0,-1.0
MAR08151,-1.0,-1.0,-1.0,-1.0
MAR08152,-1.0,-1.0,-1.0,-1.0
MAR08155,25.299999999999997,21.5,150.9,43.9
MAR08156,-1.0,-1.0,-1.0,-1.0
MAR08159,-1.0,-1.0,-1.0,-1.0
MAR08162,-1.0,-1.0,-1.0,-1.0
MAR08165,-1.0,-1.0,-1.0,-1.0
MAR08166,13.6,3.1,0.4,6.5
MAR08167,25.299999999999997,21.5,150.9,43.9
MAR08168,1.9,3.1,1.3,16.6
MAR08169,-1.0,-1.0,-1.0,-1.0
MAR08170,-1.0,-1.0,-1.0,-1.0
MAR08171,-1.0,-1.0,-1.0,-1.0
MAR08172,-1.0,-1.0,-1.0,-1.0
MAR08173,-1.0,-1.0,-1.0,-1.0
MAR08174,-1.0,-1.0,-1.0,-1.0
MAR08175,-1.0,-1.0,-1.0,-1.0
MAR08176,-1.0,-1.0,-1.0,-1.0
MAR08177,-1.0,-1.0,-1.0,-1.0
MAR08178,-1.0,-1.0,-1.0,-1.0
MAR08179,-1.0,-1.0,-1.0,-1.0
MAR08180,-1.0,-1.0,-1.0,-1.0
MAR08181,-1.0,-1.0,-1.0,-1.0
MAR08182,-1.0,-1.0,-1.0,-1.0
MAR08183,-1.0,-1.0,-1.0,-1.0
MAR08184,3.9,9.2,22.2,3.3
MAR08185,13.6,3.1,0.4,6.5
MAR08186,13.6,3.1,0.4,6.5
MAR08187,13.6,3.1,0.4,6.5
MAR08188,25.299999999999997,21.5,150.9,43.9
MAR08189,25.299999999999997,21.5,150.9,43.9
MAR08190,-1.0,-1.0,-1.0,-1.0
MAR08191,-1.0,-1.0,-1.0,-1.0
MAR08192,-1.0,-1.0,-1.0,-1.0
MAR08194,-1.0,-1.0,-1.0,-1.0
MAR08197,-1.0,-1.0,-1.0,-1.0
MAR08198,-1.0,-1.0,-1.0,-1.0
MAR08201,7.8,3.1,29.7,6.3
MAR00786,3.9,3.1,0.9,14.1
MAR08206,1.9,6.1,1.1,17.3
MAR08209,-1.0,-1.0,-1.0,-1.0
MAR08210,-1.0,-1.0,-1.0,-1.0
MAR08211,340.3,30.7,49.9,228.7
MAR08212,1.9,6.1,1.1,17.3
MAR08217,13.6,6.1,7.4,9.4
MAR08219,19.4,15.4,18.5,29.4
MAR08220,19.4,15.4,18.5,29.4
MAR08221,-1.0,-1.0,-1.0,-1.0
MAR08224,-1.0,-1.0,-1.0,-1.0
MAR08226,-1.0,-1.0,-1.0,-1.0
MAR08227,-1.0,-1.0,-1.0,-1.0
MAR08228,-1.0,-1.0,-1.0,-1.0
MAR08233,33.1,3.1,36.0,18.5
MAR08235,33.1,3.1,36.0,18.5
MAR08237,37.0,3.1,41.7,10.5
MAR08238,37.0,3.1,41.7,10.5
MAR08242,-1.0,-1.0,-1.0,-1.0
MAR08245,-1.0,-1.0,-1.0,-1.0
MAR08246,33.0,18.4,71.8,74.5
MAR08248,62.2,9.2,14.9,77.1
MAR08249,-1.0,-1.0,-1.0,-1.0
MAR08250,-1.0,-1.0,-1.0,-1.0
MAR08251,-1.0,-1.0,-1.0,-1.0
MAR00453_f,799.3,335.0,837.8,1432.9
MAR00456,192.5,362.70000000000005,1478.0,1356.0
MAR00458,799.3,335.0,837.8,1432.9
MAR00459,192.5,362.70000000000005,1478.0,1356.0
MAR00463,149.70000000000002,138.3,370.70000000000005,676.1
MAR00486,11.6,9.2,67.4,75.6
MAR00487,11.6,9.2,67.4,75.6
MAR00488,11.6,9.2,67.4,75.6
MAR00489,11.6,9.2,67.4,75.6
MAR00490,11.6,9.2,67.4,75.6
MAR00491,11.6,9.2,67.4,75.6
MAR00492,11.6,9.2,67.4,75.6
MAR00493,11.6,9.2,67.4,75.6
MAR00494,11.6,9.2,67.4,75.6
MAR00495,11.6,9.2,67.4,75.6
MAR00496,11.6,9.2,67.4,75.6
MAR00497,11.6,9.2,67.4,75.6
MAR00498,11.6,9.2,67.4,75.6
MAR00499,11.6,9.2,67.4,75.6
MAR00500,11.6,9.2,67.4,75.6
MAR00501,11.6,9.2,67.4,75.6
MAR00502,11.6,9.2,67.4,75.6
MAR00503,11.6,9.2,67.4,75.6
MAR00504,11.6,9.2,67.4,75.6
MAR00505,11.6,9.2,67.4,75.6
MAR00506,11.6,9.2,67.4,75.6
MAR00507,11.6,9.2,67.4,75.6
MAR00508,11.6,9.2,67.4,75.6
MAR00509,11.6,9.2,67.4,75.6
MAR00510,11.6,9.2,67.4,75.6
MAR00511,11.6,9.2,67.4,75.6
MAR00512,11.6,9.2,67.4,75.6
MAR00513,11.6,9.2,67.4,75.6
MAR00514,11.6,9.2,67.4,75.6
MAR00515,11.6,9.2,67.4,75.6
MAR00516,11.6,9.2,67.4,75.6
MAR00517,11.6,9.2,67.4,75.6
MAR00518,11.6,9.2,67.4,75.6
MAR00519,11.6,9.2,67.4,75.6
MAR00520,11.6,9.2,67.4,75.6
MAR00521,11.6,9.2,67.4,75.6
MAR00522,11.6,9.2,67.4,75.6
MAR00523,11.6,9.2,67.4,75.6
MAR00524,11.6,9.2,67.4,75.6
MAR00525,11.6,9.2,67.4,75.6
MAR00526,11.6,9.2,67.4,75.6
MAR00527,11.6,9.2,67.4,75.6
MAR00528,11.6,9.2,67.4,75.6
MAR00529,11.6,9.2,67.4,75.6
MAR00530,11.6,9.2,67.4,75.6
MAR00531,11.6,9.2,67.4,75.6
MAR00532,11.6,9.2,67.4,75.6
MAR00533,11.6,9.2,67.4,75.6
MAR00534,11.6,9.2,67.4,75.6
MAR00535,11.6,9.2,67.4,75.6
MAR00536,11.6,9.2,67.4,75.6
MAR00537,11.6,9.2,67.4,75.6
MAR00538,11.6,9.2,67.4,75.6
MAR00539,11.6,9.2,67.4,75.6
MAR00540,11.6,9.2,67.4,75.6
MAR00541,11.6,9.2,67.4,75.6
MAR00542,11.6,9.2,67.4,75.6
MAR00543,11.6,9.2,67.4,75.6
MAR00544,11.6,9.2,67.4,75.6
MAR00588,229.49999999999997,82.8,387.4,169.79999999999998
MAR00596,190.6,83.0,339.1,114.9
MAR00673,13.6,6.1,3.7,6.8
MAR00674,13.6,6.1,3.7,6.8
MAR00675,13.6,6.1,3.7,6.8
MAR00676,13.6,6.1,3.7,6.8
MAR00677,13.6,6.1,3.7,6.8
MAR00678,13.6,6.1,3.7,6.8
MAR04296,-1.0,-1.0,-1.0,-1.0
MAR04390_f,-1.0,-1.0,-1.0,-1.0
MAR05254,149.70000000000002,138.3,370.70000000000005,676.1
MAR07599,46.7,9.2,63.400000000000006,18.7
MAR00448,29.099999999999998,21.5,40.2,136.6
MAR00450,29.099999999999998,21.5,40.2,136.6
MAR00468,87.6,43.0,196.6,148.9
MAR00478,5.8,15.4,97.3,207.7
MAR00479,15.5,36.9,98.3,224.7
MAR00481,15.5,36.9,98.3,224.7
MAR00482,19.4,3.1,2.9,3.4
MAR00484_f,1.9,9.2,10.0,9.2
MAR00579,11.6,9.2,67.4,75.6
MAR00580,229.49999999999997,82.8,387.4,169.79999999999998
MAR00581,56.400000000000006,6.2,19.9,26.7
MAR00582,13.6,3.1,4.2,5.0
MAR00584,-1.0,-1.0,-1.0,-1.0
MAR00586,-1.0,-1.0,-1.0,-1.0
MAR00589,229.49999999999997,82.8,387.4,169.79999999999998
MAR00590,229.49999999999997,82.8,387.4,169.79999999999998
MAR00591,229.49999999999997,82.8,387.4,169.79999999999998
MAR00592,229.49999999999997,82.8,387.4,169.79999999999998
MAR00593,229.49999999999997,82.8,387.4,169.79999999999998
MAR00594,229.49999999999997,82.8,387.4,169.79999999999998
MAR00597,190.6,83.0,339.1,114.9
MAR00598,190.6,83.0,339.1,114.9
MAR00599,190.6,83.0,339.1,114.9
MAR00600,190.6,83.0,339.1,114.9
MAR00601,190.6,83.0,339.1,114.9
MAR00602,190.6,83.0,339.1,114.9
MAR00610,44.7,30.7,36.5,30.3
MAR00613,44.7,30.7,36.5,30.3
MAR00614,46.7,9.2,63.400000000000006,18.7
MAR00615,46.7,9.2,63.400000000000006,18.7
MAR00616,40.8,15.4,6.3,13.5
MAR00622,9.7,3.1,4.0,13.7
MAR00623,15.6,3.1,27.1,15.9
MAR00625,87.6,43.0,196.6,148.9
MAR00627,40.8,15.4,6.3,13.5
MAR00629,-1.0,-1.0,-1.0,-1.0
MAR00630,149.70000000000002,138.3,370.70000000000005,676.1
MAR00632,62.2,3.1,1.6,2.0
MAR00633,145.7,384.1,200.70000000000002,324.59999999999997
MAR00634,-1.0,-1.0,-1.0,-1.0
MAR00635,-1.0,-1.0,-1.0,-1.0
MAR00636,9.7,15.299999999999999,18.2,11.100000000000001
MAR00638,15.6,6.1,33.6,19.9
MAR00640,-1.0,-1.0,-1.0,-1.0
MAR00641,-1.0,-1.0,-1.0,-1.0
MAR00642,-1.0,-1.0,-1.0,-1.0
MAR00643,149.70000000000002,138.3,370.70000000000005,676.1
MAR00644,62.2,3.1,1.6,2.0
MAR00645,145.7,384.1,200.70000000000002,324.59999999999997
MAR00646,-1.0,-1.0,-1.0,-1.0
MAR00647,-1.0,-1.0,-1.0,-1.0
MAR00648,70.0,79.89999999999999,253.5,150.70000000000002
MAR00649,-1.0,-1.0,-1.0,-1.0
MAR00651,15.6,61.5,163.4,111.6
MAR00653,21.4,18.4,213.1,23.8
MAR00654,21.4,18.4,213.1,23.8
MAR00657,21.4,18.4,213.1,23.8
MAR00660,-1.0,-1.0,-1.0,-1.0
MAR04627,3.9,9.2,363.4,61.7
MAR04838,3.9,9.2,363.4,61.7
MAR04839,3.9,9.2,363.4,61.7
MAR07591_f,83.6,119.9,315.0,1034.2
MAR07594,17.5,9.2,32.1,41.2
MAR07597,-1.0,-1.0,-1.0,-1.0
MAR07601,-1.0,-1.0,-1.0,-1.0
MAR07611,163.4,125.9,102.2,195.8
MAR07612,-1.0,-1.0,-1.0,-1.0
MAR07613,62.2,3.1,1.6,2.0
MAR07755,13.6,21.5,105.9,64.8
MAR08362_f,-1.0,-1.0,-1.0,-1.0
MAR08421,-1.0,-1.0,-1.0,-1.0
MAR08424,-1.0,-1.0,-1.0,-1.0
MAR08518,163.4,125.9,102.2,195.8
MAR08519,-1.0,-1.0,-1.0,-1.0
MAR08521,62.2,3.1,1.6,2.0
MAR08522,-1.0,-1.0,-1.0,-1.0
MAR08523,-1.0,-1.0,-1.0,-1.0
MAR08525,-1.0,-1.0,-1.0,-1.0
MAR09805,-1.0,-1.0,-1.0,-1.0
MAR00815,-1.0,-1.0,-1.0,-1.0
MAR00816,13.6,3.1,0.4,6.5
MAR00817,25.299999999999997,21.5,150.9,43.9
MAR00819,3.9,3.1,0.9,14.1
MAR00820,3.9,9.2,22.2,3.3
MAR00821,95.19999999999999,46.1,114.3,134.0
MAR00822,-1.0,-1.0,-1.0,-1.0
MAR00823,1.9,3.1,1.3,16.6
MAR00824,3.9,9.2,22.2,3.3
MAR00825,42.699999999999996,6.2,150.0,81.4
MAR00827,-1.0,-1.0,-1.0,-1.0
MAR00828,95.19999999999999,46.1,114.3,134.0
MAR00829,13.6,3.1,0.4,6.5
MAR00830,3.9,3.1,0.9,14.1
MAR00837,25.299999999999997,21.5,150.9,43.9
MAR00838,42.699999999999996,6.2,150.0,81.4
MAR00839,-1.0,-1.0,-1.0,-1.0
MAR00840,-1.0,-1.0,-1.0,-1.0
MAR00841,-1.0,-1.0,-1.0,-1.0
MAR00842,-1.0,-1.0,-1.0,-1.0
MAR00843,13.6,3.1,0.4,6.5
MAR00844,25.299999999999997,21.5,150.9,43.9
MAR00845,42.699999999999996,6.2,150.0,81.4
MAR00846,-1.0,-1.0,-1.0,-1.0
MAR00847,42.699999999999996,6.2,150.0,81.4
MAR00848,-1.0,-1.0,-1.0,-1.0
MAR00849,3.9,9.2,22.2,3.3
MAR00850,42.699999999999996,6.2,150.0,81.4
MAR00851,-1.0,-1.0,-1.0,-1.0
MAR00852,-1.0,-1.0,-1.0,-1.0
MAR00853,-1.0,-1.0,-1.0,-1.0
MAR00854,-1.0,-1.0,-1.0,-1.0
MAR00855,-1.0,-1.0,-1.0,-1.0
MAR00856,-1.0,-1.0,-1.0,-1.0
MAR00857,13.6,3.1,0.4,6.5
MAR00858,-1.0,-1.0,-1.0,-1.0
MAR00928_f,1.9,6.1,1.1,17.3
MAR00801,25.3,12.3,0.1,98.6
MAR00803,13.6,6.1,7.4,9.4
MAR00805,11.7,3.1,0.2,14.7
MAR00806,11.7,3.1,0.2,14.7
MAR00807,95.19999999999999,46.1,114.3,134.0
MAR00809,-1.0,-1.0,-1.0,-1.0
MAR00810,-1.0,-1.0,-1.0,-1.0
MAR00811,7.8,3.1,29.7,6.3
MAR00812,25.299999999999997,21.5,150.9,43.9
MAR00813,-1.0,-1.0,-1.0,-1.0
MAR00814,-1.0,-1.0,-1.0,-1.0
MAR00859,-1.0,-1.0,-1.0,-1.0
MAR00860,-1.0,-1.0,-1.0,-1.0
MAR00861,25.299999999999997,24.6,20.7,10.6
MAR00862,-1.0,-1.0,-1.0,-1.0
MAR00863,-1.0,-1.0,-1.0,-1.0
MAR00864,-1.0,-1.0,-1.0,-1.0
MAR00865,-1.0,-1.0,-1.0,-1.0
MAR00866,-1.0,-1.0,-1.0,-1.0
MAR00867,44.7,3.1,0.3,27.5
MAR00868,44.7,3.1,0.3,27.5
MAR00870,-1.0,-1.0,-1.0,-1.0
MAR00871,-1.0,-1.0,-1.0,-1.0
MAR00873_f,-1.0,-1.0,-1.0,-1.0
MAR00875,175.10000000000002,15.299999999999999,186.6,69.3
MAR00876,5.8,6.1,77.9,7.5
MAR00877,-1.0,-1.0,-1.0,-1.0
MAR00878,-1.0,-1.0,-1.0,-1.0
MAR00879,-1.0,-1.0,-1.0,-1.0
MAR00880,-1.0,-1.0,-1.0,-1.0
MAR00881,44.7,3.1,0.3,27.5
MAR00882,-1.0,-1.0,-1.0,-1.0
MAR00883,-1.0,-1.0,-1.0,-1.0
MAR00884,44.7,3.1,0.3,27.5
MAR00885,-1.0,-1.0,-1.0,-1.0
MAR00886,-1.0,-1.0,-1.0,-1.0
MAR00887,44.7,3.1,0.3,27.5
MAR00888,-1.0,-1.0,-1.0,-1.0
MAR00889,15.6,33.8,17.6,18.2
MAR00890,175.10000000000002,15.299999999999999,186.6,69.3
MAR00891,15.6,33.8,17.6,18.2
MAR00892,-1.0,-1.0,-1.0,-1.0
MAR00893,-1.0,-1.0,-1.0,-1.0
MAR00894,-1.0,-1.0,-1.0,-1.0
MAR00895,-1.0,-1.0,-1.0,-1.0
MAR00896,-1.0,-1.0,-1.0,-1.0
MAR00897,-1.0,-1.0,-1.0,-1.0
MAR00898,-1.0,-1.0,-1.0,-1.0
MAR00899,-1.0,-1.0,-1.0,-1.0
MAR00900,-1.0,-1.0,-1.0,-1.0
MAR00901,44.7,3.1,0.3,27.5
MAR00902,44.7,3.1,0.3,27.5
MAR00903,-1.0,-1.0,-1.0,-1.0
MAR00904,-1.0,-1.0,-1.0,-1.0
MAR00905,44.7,3.1,0.3,27.5
MAR00906,7.8,9.2,32.5,13.3
MAR00907,-1.0,-1.0,-1.0,-1.0
MAR00908,-1.0,-1.0,-1.0,-1.0
MAR00909,-1.0,-1.0,-1.0,-1.0
MAR00910,5.8,6.1,77.9,7.5
MAR00911,-1.0,-1.0,-1.0,-1.0
MAR00912_f,-1.0,-1.0,-1.0,-1.0
MAR00787,-1.0,-1.0,-1.0,-1.0
MAR00790,40.8,12.299999999999999,159.4,92.0
MAR00792,1.9,6.1,1.1,17.3
MAR00793,-1.0,-1.0,-1.0,-1.0
MAR00794,-1.0,-1.0,-1.0,-1.0
MAR00797,33.0,18.4,71.8,74.5
MAR00804,95.19999999999999,46.1,114.3,134.0
MAR00808,95.19999999999999,46.1,114.3,134.0
MAR00826,42.699999999999996,6.2,150.0,81.4
MAR00832,3.9,3.1,0.9,14.1
MAR00834,42.699999999999996,6.2,150.0,81.4
MAR00835,15.6,6.1,20.7,4.5
MAR00836,95.19999999999999,46.1,114.3,134.0
MAR00914,-1.0,-1.0,-1.0,-1.0
MAR00915_f,1.9,6.1,1.1,17.3
MAR00919,-1.0,-1.0,-1.0,-1.0
MAR00920,-1.0,-1.0,-1.0,-1.0
MAR00921,-1.0,-1.0,-1.0,-1.0
MAR00924,396.59999999999997,110.69999999999999,368.0,215.20000000000002
MAR00925,396.59999999999997,110.69999999999999,368.0,215.20000000000002
MAR00926,396.59999999999997,110.69999999999999,368.0,215.20000000000002
MAR07188,-1.0,-1.0,-1.0,-1.0
MAR08378_f,-1.0,-1.0,-1.0,-1.0
MAR08379,38.9,89.19999999999999,97.0,87.39999999999999
MAR07185,38.9,89.19999999999999,97.0,87.39999999999999
MAR08380,13.6,6.1,9.2,4.4
MAR07186,13.6,6.1,9.2,4.4
MAR08381,-1.0,-1.0,-1.0,-1.0
MAR07187,-1.0,-1.0,-1.0,-1.0
MAR08383,19.4,3.1,15.7,5.4
MAR08384,5.8,3.1,14.9,7.3
MAR08385,-1.0,-1.0,-1.0,-1.0
MAR08387,5.8,3.1,14.9,7.3
MAR08388,-1.0,-1.0,-1.0,-1.0
MAR08389,-1.0,-1.0,-1.0,-1.0
MAR08390,-1.0,-1.0,-1.0,-1.0
MAR08391,-1.0,-1.0,-1.0,-1.0
MAR08392,-1.0,-1.0,-1.0,-1.0
MAR08393,21.4,43.0,24.0,27.0
MAR08394,-1.0,-1.0,-1.0,-1.0
MAR08395,21.4,43.0,24.0,27.0
MAR08396,21.4,43.0,24.0,27.0
MAR08397,-1.0,-1.0,-1.0,-1.0
MAR08398,21.4,43.0,24.0,27.0
MAR08399,-1.0,-1.0,-1.0,-1.0
MAR08401,21.4,43.0,24.0,27.0
MAR08402,9.7,3.1,6.0,7.2
MAR08403,-1.0,-1.0,-1.0,-1.0
MAR08404,9.7,3.1,6.0,7.2
MAR08405,-1.0,-1.0,-1.0,-1.0
MAR08406,9.7,3.1,6.0,7.2
MAR08407,9.7,3.1,6.0,7.2
MAR01979,-1.0,-1.0,-1.0,-1.0
MAR01980,-1.0,-1.0,-1.0,-1.0
MAR01981,-1.0,-1.0,-1.0,-1.0
MAR01985,-1.0,-1.0,-1.0,-1.0
MAR01987_f,-1.0,-1.0,-1.0,-1.0
MAR01988,-1.0,-1.0,-1.0,-1.0
MAR01995,-1.0,-1.0,-1.0,-1.0
MAR01996,-1.0,-1.0,-1.0,-1.0
MAR01999,-1.0,-1.0,-1.0,-1.0
MAR02000,-1.0,-1.0,-1.0,-1.0
MAR02001,-1.0,-1.0,-1.0,-1.0
MAR01305,-1.0,-1.0,-1.0,-1.0
MAR01307,-1.0,-1.0,-1.0,-1.0
MAR01308,-1.0,-1.0,-1.0,-1.0
MAR01310_f,-1.0,-1.0,-1.0,-1.0
MAR01312,208.1,430.20000000000005,229.3,422.29999999999995
MAR01313,-1.0,-1.0,-1.0,-1.0
MAR01315_f,-1.0,-1.0,-1.0,-1.0
MAR01317_f,-1.0,-1.0,-1.0,-1.0
MAR01318_f,-1.0,-1.0,-1.0,-1.0
MAR01319_f,-1.0,-1.0,-1.0,-1.0
MAR01320_f,-1.0,-1.0,-1.0,-1.0
MAR01321_f,-1.0,-1.0,-1.0,-1.0
MAR01322_f,-1.0,-1.0,-1.0,-1.0
MAR01323_f,-1.0,-1.0,-1.0,-1.0
MAR01324_f,-1.0,-1.0,-1.0,-1.0
MAR01325,31.1,33.8,451.0,497.6
MAR01326,31.1,33.8,451.0,497.6
MAR01327,142.0,719.0999999999999,861.8,1045.7
MAR01328_f,-1.0,-1.0,-1.0,-1.0
MAR01329_f,31.1,33.8,451.0,497.6
MAR01330,177.0,6.1,1.7,1.0
MAR01332_f,-1.0,-1.0,-1.0,-1.0
MAR01333_f,-1.0,-1.0,-1.0,-1.0
MAR01334_f,-1.0,-1.0,-1.0,-1.0
MAR01335_f,-1.0,-1.0,-1.0,-1.0
MAR01336_f,-1.0,-1.0,-1.0,-1.0
MAR01337_f,-1.0,-1.0,-1.0,-1.0
MAR01338_f,-1.0,-1.0,-1.0,-1.0
MAR01339_f,-1.0,-1.0,-1.0,-1.0
MAR01341_f,-1.0,-1.0,-1.0,-1.0
MAR01342_f,-1.0,-1.0,-1.0,-1.0
MAR01343_f,-1.0,-1.0,-1.0,-1.0
MAR01344_f,23.3,18.4,277.8,80.8
MAR01345_f,-1.0,-1.0,-1.0,-1.0
MAR01346,-1.0,-1.0,-1.0,-1.0
MAR01347_f,-1.0,-1.0,-1.0,-1.0
MAR01350,-1.0,-1.0,-1.0,-1.0
MAR01352_f,190.6,83.0,339.1,114.9
MAR01355,-1.0,-1.0,-1.0,-1.0
MAR01356,-1.0,-1.0,-1.0,-1.0
MAR01357,-1.0,-1.0,-1.0,-1.0
MAR01358,-1.0,-1.0,-1.0,-1.0
MAR01359,-1.0,-1.0,-1.0,-1.0
MAR01360,-1.0,-1.0,-1.0,-1.0
MAR01361,-1.0,-1.0,-1.0,-1.0
MAR01362,-1.0,-1.0,-1.0,-1.0
MAR01363_f,-1.0,-1.0,-1.0,-1.0
MAR01364,-1.0,-1.0,-1.0,-1.0
MAR01365,-1.0,-1.0,-1.0,-1.0
MAR01366_f,-1.0,-1.0,-1.0,-1.0
MAR01367_f,2390.1,4822.3,9300.699999999999,12087.199999999999
MAR01370_f,2359.0,4788.5,8849.699999999999,11589.6
MAR01373_f,-1.0,-1.0,-1.0,-1.0
MAR01374_f,-1.0,-1.0,-1.0,-1.0
MAR01375_f,-1.0,-1.0,-1.0,-1.0
MAR01376_f,-1.0,-1.0,-1.0,-1.0
MAR01379_f,2359.0,4788.5,8849.699999999999,11589.6
MAR01382_f,31.1,33.8,451.0,497.6
MAR01383_f,-1.0,-1.0,-1.0,-1.0
MAR01384_f,2359.0,4788.5,8849.699999999999,11589.6
MAR01387_f,31.1,33.8,451.0,497.6
MAR01388,-1.0,-1.0,-1.0,-1.0
MAR01389_f,-1.0,-1.0,-1.0,-1.0
MAR01390,-1.0,-1.0,-1.0,-1.0
MAR01391,-1.0,-1.0,-1.0,-1.0
MAR01393_f,-1.0,-1.0,-1.0,-1.0
MAR01394_f,208.1,430.20000000000005,229.3,422.29999999999995
MAR01395_f,-1.0,-1.0,-1.0,-1.0
MAR01398_f,2359.0,4788.5,8849.699999999999,11589.6
MAR01401_f,-1.0,-1.0,-1.0,-1.0
MAR01402_f,-1.0,-1.0,-1.0,-1.0
MAR00703,23.3,9.2,1.6,8.3
MAR00705,21.4,9.2,24.4,27.7
MAR00706,21.4,9.2,24.4,27.7
MAR00708,21.4,9.2,24.4,27.7
MAR07598,190.6,83.0,339.1,114.9
MAR07600,87.6,43.0,196.6,148.9
MAR07602,62.2,3.1,1.6,2.0
MAR07603,149.70000000000002,138.3,370.70000000000005,676.1
MAR07604_f,46.7,9.2,63.400000000000006,18.7
MAR07605,-1.0,-1.0,-1.0,-1.0
MAR07606,-1.0,-1.0,-1.0,-1.0
MAR07607,-1.0,-1.0,-1.0,-1.0
MAR07610_f,87.6,43.0,196.6,148.9
MAR07614,62.2,3.1,1.6,2.0
MAR07615,149.70000000000002,138.3,370.70000000000005,676.1
MAR07200,-1.0,-1.0,-1.0,-1.0
MAR07202,17.5,6.1,15.9,16.0
MAR07203,15.6,3.1,12.7,8.9
MAR07205,46.7,12.3,22.2,14.9
MAR07206,-1.0,-1.0,-1.0,-1.0
MAR07207,15.5,6.2,24.9,12.899999999999999
MAR07208,-1.0,-1.0,-1.0,-1.0
MAR07209,1.9,3.1,9.3,2.8
MAR07210,-1.0,-1.0,-1.0,-1.0
MAR07211,1.9,3.1,9.3,2.8
MAR07212,-1.0,-1.0,-1.0,-1.0
MAR07213,1.9,3.1,9.3,2.8
MAR07214,-1.0,-1.0,-1.0,-1.0
MAR07215,1.9,3.1,9.3,2.8
MAR07216,17.5,3.1,38.1,8.3
MAR07217,11.7,9.2,22.1,15.5
MAR07218,17.5,9.2,24.8,14.9
MAR07219,54.5,3.1,19.8,2.6
MAR07220,-1.0,-1.0,-1.0,-1.0
MAR07221,-1.0,-1.0,-1.0,-1.0
MAR07222,-1.0,-1.0,-1.0,-1.0
MAR07490,-1.0,-1.0,-1.0,-1.0
MAR07491,-1.0,-1.0,-1.0,-1.0
MAR07492,-1.0,-1.0,-1.0,-1.0
MAR07493,99.1,21.5,63.0,19.2
MAR07494,89.39999999999999,18.4,55.2,16.3
MAR07495,99.1,21.5,63.0,19.2
MAR07496,89.39999999999999,18.4,55.2,16.3
MAR07497,-1.0,-1.0,-1.0,-1.0
MAR07498,-1.0,-1.0,-1.0,-1.0
MAR07509,-1.0,-1.0,-1.0,-1.0
MAR07510,3.9,12.3,6.3,6.7
MAR07519,5.8,6.1,0.1,3.1
MAR07520,99.1,21.5,63.0,19.2
MAR07521,89.39999999999999,18.4,55.2,16.3
MAR07522,5.8,6.1,0.1,3.1
MAR07534,-1.0,-1.0,-1.0,-1.0
MAR07535,99.1,21.5,63.0,19.2
MAR07536,89.39999999999999,18.4,55.2,16.3
MAR07537,5.8,6.1,0.1,3.1
MAR07538,-1.0,-1.0,-1.0,-1.0
MAR07551,-1.0,-1.0,-1.0,-1.0
MAR07552,5.8,6.1,0.1,3.1
MAR07553,-1.0,-1.0,-1.0,-1.0
MAR07554,-1.0,-1.0,-1.0,-1.0
MAR07501,-1.0,-1.0,-1.0,-1.0
MAR07502,1.9,3.1,3.1,15.1
MAR07503,136.0,79.9,244.89999999999998,196.0
MAR07504,95.19999999999999,46.1,114.3,134.0
MAR07505,37.0,9.2,60.7,126.1
MAR07506,1.9,3.1,3.1,15.1
MAR07507,136.0,79.9,244.89999999999998,196.0
MAR07508,-1.0,-1.0,-1.0,-1.0
MAR07513,-1.0,-1.0,-1.0,-1.0
MAR07514,1.9,3.1,3.1,15.1
MAR07515,136.0,79.9,244.89999999999998,196.0
MAR07516,95.19999999999999,46.1,114.3,134.0
MAR07517,21.4,3.1,4.4,4.2
MAR07518,-1.0,-1.0,-1.0,-1.0
MAR07525,-1.0,-1.0,-1.0,-1.0
MAR07526,3.9,3.1,5.3,5.3
MAR07527,95.19999999999999,46.1,114.3,134.0
MAR07528,95.19999999999999,46.1,114.3,134.0
MAR07529,37.0,9.2,60.7,126.1
MAR07530,3.9,3.1,5.3,5.3
MAR07531,95.19999999999999,46.1,114.3,134.0
MAR07532,95.19999999999999,46.1,114.3,134.0
MAR07533,-1.0,-1.0,-1.0,-1.0
MAR07541,-1.0,-1.0,-1.0,-1.0
MAR07542,3.9,3.1,5.3,5.3
MAR07543,95.19999999999999,46.1,114.3,134.0
MAR07544,95.19999999999999,46.1,114.3,134.0
MAR07545,-1.0,-1.0,-1.0,-1.0
MAR07546,37.0,9.2,60.7,126.1
MAR07547,3.9,3.1,5.3,5.3
MAR07548,95.19999999999999,46.1,114.3,134.0
MAR07549,95.19999999999999,46.1,114.3,134.0
MAR07550,-1.0,-1.0,-1.0,-1.0
MAR07557,-1.0,-1.0,-1.0,-1.0
MAR07558,1.9,3.1,3.1,15.1
MAR07559,136.0,79.9,244.89999999999998,196.0
MAR07560,3.9,3.1,5.3,5.3
MAR07561,95.19999999999999,46.1,114.3,134.0
MAR07562,37.0,9.2,60.7,126.1
MAR07563,95.19999999999999,46.1,114.3,134.0
MAR07564,1.9,3.1,3.1,15.1
MAR07565,134.20000000000002,73.8,232.7,318.70000000000005
MAR07566,95.19999999999999,46.1,114.3,134.0
MAR07567,-1.0,-1.0,-1.0,-1.0
MAR07225,-1.0,-1.0,-1.0,-1.0
MAR07226,-1.0,-1.0,-1.0,-1.0
MAR07227,-1.0,-1.0,-1.0,-1.0
MAR07228,-1.0,-1.0,-1.0,-1.0
MAR07229,-1.0,-1.0,-1.0,-1.0
MAR07230,-1.0,-1.0,-1.0,-1.0
MAR07231,-1.0,-1.0,-1.0,-1.0
MAR07232,-1.0,-1.0,-1.0,-1.0
MAR07233,-1.0,-1.0,-1.0,-1.0
MAR07234,-1.0,-1.0,-1.0,-1.0
MAR07235,37.0,9.2,60.7,126.1
MAR07236,-1.0,-1.0,-1.0,-1.0
MAR07237,-1.0,-1.0,-1.0,-1.0
MAR07238,-1.0,-1.0,-1.0,-1.0
MAR07239,-1.0,-1.0,-1.0,-1.0
MAR07240,-1.0,-1.0,-1.0,-1.0
MAR07241,21.4,3.1,4.4,4.2
MAR07242,-1.0,-1.0,-1.0,-1.0
MAR07243,-1.0,-1.0,-1.0,-1.0
MAR07244,-1.0,-1.0,-1.0,-1.0
MAR07245,-1.0,-1.0,-1.0,-1.0
MAR07246,-1.0,-1.0,-1.0,-1.0
MAR07247,21.4,3.1,4.4,4.2
MAR07248,-1.0,-1.0,-1.0,-1.0
MAR07249,-1.0,-1.0,-1.0,-1.0
MAR07250,-1.0,-1.0,-1.0,-1.0
MAR07251,-1.0,-1.0,-1.0,-1.0
MAR07571,37.0,9.2,60.7,126.1
MAR07572,95.19999999999999,46.1,114.3,134.0
MAR07573,25.3,3.1,60.5,18.6
MAR07335,25.299999999999997,24.6,20.7,10.6
MAR07336,21.4,40.0,19.800000000000004,21.2
MAR07337,210.10000000000002,18.4,207.0,103.2
MAR07338,21.4,40.0,19.800000000000004,21.2
MAR07339,-1.0,-1.0,-1.0,-1.0
MAR07340,210.10000000000002,18.4,207.0,103.2
MAR07341,21.4,40.0,19.800000000000004,21.2
MAR07342,-1.0,-1.0,-1.0,-1.0
MAR07343,210.10000000000002,18.4,207.0,103.2
MAR07344,21.4,40.0,19.800000000000004,21.2
MAR07345,-1.0,-1.0,-1.0,-1.0
MAR07346,210.10000000000002,18.4,207.0,103.2
MAR07347,21.4,40.0,19.800000000000004,21.2
MAR07348,-1.0,-1.0,-1.0,-1.0
MAR07349,210.10000000000002,18.4,207.0,103.2
MAR07350,21.4,40.0,19.800000000000004,21.2
MAR07351,-1.0,-1.0,-1.0,-1.0
MAR07352,210.10000000000002,18.4,207.0,103.2
MAR07353,21.4,40.0,19.800000000000004,21.2
MAR07354,-1.0,-1.0,-1.0,-1.0
MAR07355,210.10000000000002,18.4,207.0,103.2
MAR07356,21.4,40.0,19.800000000000004,21.2
MAR07357,-1.0,-1.0,-1.0,-1.0
MAR07358,210.10000000000002,18.4,207.0,103.2
MAR07359,21.4,40.0,19.800000000000004,21.2
MAR07360,-1.0,-1.0,-1.0,-1.0
MAR07361,210.10000000000002,18.4,207.0,103.2
MAR07362,21.4,40.0,19.800000000000004,21.2
MAR07363,-1.0,-1.0,-1.0,-1.0
MAR07364,210.10000000000002,18.4,207.0,103.2
MAR07365,21.4,40.0,19.800000000000004,21.2
MAR07366,-1.0,-1.0,-1.0,-1.0
MAR07367,210.10000000000002,18.4,207.0,103.2
MAR07368,21.4,40.0,19.800000000000004,21.2
MAR07369,-1.0,-1.0,-1.0,-1.0
MAR07370,210.10000000000002,18.4,207.0,103.2
MAR07371,5.8,6.1,0.1,3.1
MAR07442,25.299999999999997,21.5,150.9,43.9
MAR07443,210.10000000000002,18.4,207.0,103.2
MAR07444,21.4,40.0,19.800000000000004,21.2
MAR07445,210.10000000000002,18.4,207.0,103.2
MAR07446,21.4,40.0,19.800000000000004,21.2
MAR07447,-1.0,-1.0,-1.0,-1.0
MAR07448,210.10000000000002,18.4,207.0,103.2
MAR07449,21.4,40.0,19.800000000000004,21.2
MAR07450,-1.0,-1.0,-1.0,-1.0
MAR07451,210.10000000000002,18.4,207.0,103.2
MAR07452,5.8,6.1,0.1,3.1
MAR07471,210.10000000000002,18.4,207.0,103.2
MAR07472,25.299999999999997,21.5,150.9,43.9
MAR07473,21.4,40.0,19.800000000000004,21.2
MAR07474,210.10000000000002,18.4,207.0,103.2
MAR07475,21.4,40.0,19.800000000000004,21.2
MAR07476,-1.0,-1.0,-1.0,-1.0
MAR07477,210.10000000000002,18.4,207.0,103.2
MAR07478,21.4,40.0,19.800000000000004,21.2
MAR07479,-1.0,-1.0,-1.0,-1.0
MAR07480,210.10000000000002,18.4,207.0,103.2
MAR07481,5.8,6.1,0.1,3.1
MAR07373,72.0,6.1,34.8,28.8
MAR07375,72.0,6.1,34.8,28.8
MAR07376,13.6,3.1,21.9,15.0
MAR07377,11.7,3.1,6.6,2.7
MAR07378,3.9,3.1,5.3,5.3
MAR07379,3.9,3.1,5.3,5.3
MAR07380,3.9,3.1,5.3,5.3
MAR07381,-1.0,-1.0,-1.0,-1.0
MAR07382,95.19999999999999,46.1,114.3,134.0
MAR07383,95.19999999999999,46.1,114.3,134.0
MAR07384,3.9,3.1,5.3,5.3
MAR07385,-1.0,-1.0,-1.0,-1.0
MAR07386,95.19999999999999,46.1,114.3,134.0
MAR07387,95.19999999999999,46.1,114.3,134.0
MAR07388,3.9,3.1,5.3,5.3
MAR07389,-1.0,-1.0,-1.0,-1.0
MAR07390,95.19999999999999,46.1,114.3,134.0
MAR07391,95.19999999999999,46.1,114.3,134.0
MAR07392,3.9,3.1,5.3,5.3
MAR07393,-1.0,-1.0,-1.0,-1.0
MAR07394,95.19999999999999,46.1,114.3,134.0
MAR07395,95.19999999999999,46.1,114.3,134.0
MAR07396,3.9,3.1,5.3,5.3
MAR07397,-1.0,-1.0,-1.0,-1.0
MAR07398,95.19999999999999,46.1,114.3,134.0
MAR07399,95.19999999999999,46.1,114.3,134.0
MAR07400,3.9,3.1,5.3,5.3
MAR07401,-1.0,-1.0,-1.0,-1.0
MAR07402,95.19999999999999,46.1,114.3,134.0
MAR07403,95.19999999999999,46.1,114.3,134.0
MAR07404,3.9,3.1,5.3,5.3
MAR07405,-1.0,-1.0,-1.0,-1.0
MAR07406,95.19999999999999,46.1,114.3,134.0
MAR07407,95.19999999999999,46.1,114.3,134.0
MAR07408,3.9,3.1,5.3,5.3
MAR07409,-1.0,-1.0,-1.0,-1.0
MAR07410,95.19999999999999,46.1,114.3,134.0
MAR07411,95.19999999999999,46.1,114.3,134.0
MAR07412,3.9,3.1,5.3,5.3
MAR07413,-1.0,-1.0,-1.0,-1.0
MAR07414,95.19999999999999,46.1,114.3,134.0
MAR07415,95.19999999999999,46.1,114.3,134.0
MAR07416,3.9,3.1,5.3,5.3
MAR07417,-1.0,-1.0,-1.0,-1.0
MAR07418,95.19999999999999,46.1,114.3,134.0
MAR07419,95.19999999999999,46.1,114.3,134.0
MAR07420,3.9,3.1,5.3,5.3
MAR07421,-1.0,-1.0,-1.0,-1.0
MAR07422,95.19999999999999,46.1,114.3,134.0
MAR07423,95.19999999999999,46.1,114.3,134.0
MAR07424,3.9,3.1,5.3,5.3
MAR07425,95.19999999999999,46.1,114.3,134.0
MAR07426,3.9,3.1,5.3,5.3
MAR07427,95.19999999999999,46.1,114.3,134.0
MAR07455,3.9,3.1,5.3,5.3
MAR07456,3.9,3.1,5.3,5.3
MAR07457,3.9,3.1,5.3,5.3
MAR07458,-1.0,-1.0,-1.0,-1.0
MAR07459,95.19999999999999,46.1,114.3,134.0
MAR07460,95.19999999999999,46.1,114.3,134.0
MAR07461,3.9,3.1,5.3,5.3
MAR07462,95.19999999999999,46.1,114.3,134.0
MAR07463,-1.0,-1.0,-1.0,-1.0
MAR07464,95.19999999999999,46.1,114.3,134.0
MAR07465,3.9,3.1,5.3,5.3
MAR07466,95.19999999999999,46.1,114.3,134.0
MAR07467,3.9,3.1,5.3,5.3
MAR07468,-1.0,-1.0,-1.0,-1.0
MAR07469,7.8,3.1,29.7,6.3
MAR07484,3.9,3.1,5.3,5.3
MAR07485,3.9,3.1,5.3,5.3
MAR07486,3.9,3.1,5.3,5.3
MAR07487,-1.0,-1.0,-1.0,-1.0
MAR07488,95.19999999999999,46.1,114.3,134.0
MAR07489,95.19999999999999,46.1,114.3,134.0
MAR08643,42.8,18.4,423.3,109.4
MAR08645,42.8,18.4,423.3,109.4
MAR08648,-1.0,-1.0,-1.0,-1.0
MAR01581,-1.0,-1.0,-1.0,-1.0
MAR01584,9.7,9.2,57.6,42.9
MAR01585,9.7,9.2,57.6,42.9
MAR01589,-1.0,-1.0,-1.0,-1.0
MAR01590,-1.0,-1.0,-1.0,-1.0
MAR01592,-1.0,-1.0,-1.0,-1.0
MAR01593_f,-1.0,-1.0,-1.0,-1.0
MAR01595,-1.0,-1.0,-1.0,-1.0
MAR01598,-1.0,-1.0,-1.0,-1.0
MAR01599,95.30000000000001,52.199999999999996,1204.9,569.0
MAR01604,3.9,9.2,363.4,61.7
MAR01605,3.9,9.2,363.4,61.7
MAR01608,3.9,9.2,363.4,61.7
MAR01609,3.9,9.2,363.4,61.7
MAR01610,3.9,9.2,363.4,61.7
MAR01611,3.9,9.2,363.4,61.7
MAR01613,3.9,9.2,363.4,61.7
MAR01614,3.9,9.2,363.4,61.7
MAR01619_f,15.5,36.9,510.4,154.7
MAR01620_f,15.5,36.9,510.4,154.7
MAR01622,38.9,24.6,102.9,60.2
MAR01623_f,-1.0,-1.0,-1.0,-1.0
MAR01624,15.5,36.9,510.4,154.7
MAR01625,15.5,36.9,510.4,154.7
MAR01627,15.5,36.9,510.4,154.7
MAR01629_f,-1.0,-1.0,-1.0,-1.0
MAR01631_f,-1.0,-1.0,-1.0,-1.0
MAR01632,-1.0,-1.0,-1.0,-1.0
MAR01638,23.3,12.299999999999999,260.7,106.4
MAR01642,19.4,6.1,235.5,58.6
MAR01646,19.4,6.1,235.5,58.6
MAR01652,227.49999999999997,528.6,1985.3,1370.9
MAR01659,175.1,162.9,225.3,402.5
MAR01660,17.5,40.0,25.6,77.3
MAR01663,17.5,40.0,25.6,77.3
MAR01665,15.5,36.9,510.4,154.7
MAR01667,-1.0,-1.0,-1.0,-1.0
MAR01668,-1.0,-1.0,-1.0,-1.0
MAR01670,-1.0,-1.0,-1.0,-1.0
MAR01673,-1.0,-1.0,-1.0,-1.0
MAR01676,95.30000000000001,52.199999999999996,1204.9,569.0
MAR01678,-1.0,-1.0,-1.0,-1.0
MAR01679_f,-1.0,-1.0,-1.0,-1.0
MAR01681,3.9,9.2,363.4,61.7
MAR01682,3.9,9.2,363.4,61.7
MAR01684_f,68.0,132.1,545.5,348.0
MAR01685,3.9,9.2,363.4,61.7
MAR01687,3.9,9.2,363.4,61.7
MAR01689,3.9,9.2,363.4,61.7
MAR01691,3.9,9.2,363.4,61.7
MAR01692_f,192.5,362.70000000000005,1478.0,1356.0
MAR01693,3.9,9.2,363.4,61.7
MAR01694_f,210.0,716.0,2042.3,1414.8000000000002
MAR01695_f,-1.0,-1.0,-1.0,-1.0
MAR01696,38.9,24.6,102.9,60.2
MAR01697,15.5,36.9,510.4,154.7
MAR01699,15.5,36.9,510.4,154.7
MAR01700,15.5,36.9,510.4,154.7
MAR01701_f,-1.0,-1.0,-1.0,-1.0
MAR01702,-1.0,-1.0,-1.0,-1.0
MAR01703_f,-1.0,-1.0,-1.0,-1.0
MAR01704,3.9,6.1,92.5,40.4
MAR01706,52.5,64.5,512.4,184.1
MAR01708,19.4,6.1,235.5,58.6
MAR01710,227.49999999999997,528.6,1985.3,1370.9
MAR01716,23.299999999999997,46.2,72.69999999999999,333.29999999999995
MAR01717_f,-1.0,-1.0,-1.0,-1.0
MAR01718,23.299999999999997,46.2,72.69999999999999,333.29999999999995
MAR01720,-1.0,-1.0,-1.0,-1.0
MAR01722,-1.0,-1.0,-1.0,-1.0
MAR01723,-1.0,-1.0,-1.0,-1.0
MAR01725_f,-1.0,-1.0,-1.0,-1.0
MAR01726,15.5,36.9,510.4,154.7
MAR01727,15.5,36.9,510.4,154.7
MAR01729,-1.0,-1.0,-1.0,-1.0
MAR01730,-1.0,-1.0,-1.0,-1.0
MAR01735,1.9,3.1,1.4,6.7
MAR01737,3.9,3.1,55.0,4.7
MAR01738,9.7,9.2,57.6,42.9
MAR01739,-1.0,-1.0,-1.0,-1.0
MAR01740,-1.0,-1.0,-1.0,-1.0
MAR01741,-1.0,-1.0,-1.0,-1.0
MAR01742,-1.0,-1.0,-1.0,-1.0
MAR01743,-1.0,-1.0,-1.0,-1.0
MAR01744,-1.0,-1.0,-1.0,-1.0
MAR01745,-1.0,-1.0,-1.0,-1.0
MAR01746,3.9,9.2,363.4,61.7
MAR01747,3.9,9.2,363.4,61.7
MAR01748,3.9,9.2,363.4,61.7
MAR01749,3.9,9.2,363.4,61.7
MAR01750,3.9,9.2,363.4,61.7
MAR01751,3.9,9.2,363.4,61.7
MAR01752,-1.0,-1.0,-1.0,-1.0
MAR01753,-1.0,-1.0,-1.0,-1.0
MAR01754,15.5,36.9,510.4,154.7
MAR01756,15.5,36.9,510.4,154.7
MAR01758,-1.0,-1.0,-1.0,-1.0
MAR01759,-1.0,-1.0,-1.0,-1.0
MAR01760,-1.0,-1.0,-1.0,-1.0
MAR01761,-1.0,-1.0,-1.0,-1.0
MAR01762,3.9,9.2,363.4,61.7
MAR01764_f,-1.0,-1.0,-1.0,-1.0
MAR01765,9.7,6.1,34.0,8.0
MAR01766,9.7,9.2,57.6,42.9
MAR01767,-1.0,-1.0,-1.0,-1.0
MAR01768,-1.0,-1.0,-1.0,-1.0
MAR01769,-1.0,-1.0,-1.0,-1.0
MAR01770,-1.0,-1.0,-1.0,-1.0
MAR01771,-1.0,-1.0,-1.0,-1.0
MAR01772_f,-1.0,-1.0,-1.0,-1.0
MAR01774,-1.0,-1.0,-1.0,-1.0
MAR01776,-1.0,-1.0,-1.0,-1.0
MAR01777,9.7,6.1,34.0,8.0
MAR01778_f,9.7,9.2,57.6,42.9
MAR01781,-1.0,-1.0,-1.0,-1.0
MAR01783,-1.0,-1.0,-1.0,-1.0
MAR01784,-1.0,-1.0,-1.0,-1.0
MAR01785,-1.0,-1.0,-1.0,-1.0
MAR01786,-1.0,-1.0,-1.0,-1.0
MAR01787,-1.0,-1.0,-1.0,-1.0
MAR01790_f,3.9,9.2,363.4,61.7
MAR01792_f,3.9,9.2,363.4,61.7
MAR01794,3.9,9.2,363.4,61.7
MAR01796,3.9,9.2,363.4,61.7
MAR01797,3.9,9.2,363.4,61.7
MAR01798,3.9,9.2,363.4,61.7
MAR01800,3.9,9.2,363.4,61.7
MAR01802_f,3.9,9.2,363.4,61.7
MAR01803_f,3.9,9.2,363.4,61.7
MAR01804,3.9,9.2,363.4,61.7
MAR01805,3.9,9.2,363.4,61.7
MAR01806_f,3.9,9.2,363.4,61.7
MAR01807_f,3.9,9.2,363.4,61.7
MAR01810,-1.0,-1.0,-1.0,-1.0
MAR01811,3.9,9.2,363.4,61.7
MAR01813_f,653.5,746.8999999999999,1867.7999999999997,2095.9
MAR01815,-1.0,-1.0,-1.0,-1.0
MAR01817,-1.0,-1.0,-1.0,-1.0
MAR01819,-1.0,-1.0,-1.0,-1.0
MAR01830,-1.0,-1.0,-1.0,-1.0
MAR01831,-1.0,-1.0,-1.0,-1.0
MAR01832,15.5,36.9,510.4,154.7
MAR01833,15.5,36.9,510.4,154.7
MAR01834_f,-1.0,-1.0,-1.0,-1.0
MAR01835_f,-1.0,-1.0,-1.0,-1.0
MAR01836_f,-1.0,-1.0,-1.0,-1.0
MAR01837_f,-1.0,-1.0,-1.0,-1.0
MAR01838,-1.0,-1.0,-1.0,-1.0
MAR01839,-1.0,-1.0,-1.0,-1.0
MAR01840,-1.0,-1.0,-1.0,-1.0
MAR01841,-1.0,-1.0,-1.0,-1.0
MAR01842,-1.0,-1.0,-1.0,-1.0
MAR01843_f,-1.0,-1.0,-1.0,-1.0
MAR01844,-1.0,-1.0,-1.0,-1.0
MAR01845,-1.0,-1.0,-1.0,-1.0
MAR01846,-1.0,-1.0,-1.0,-1.0
MAR03799,23.299999999999997,46.2,72.69999999999999,333.29999999999995
MAR03908,-1.0,-1.0,-1.0,-1.0
MAR03910,-1.0,-1.0,-1.0,-1.0
MAR03911,-1.0,-1.0,-1.0,-1.0
MAR04679,11.7,12.3,4.3,14.0
MAR08063,-1.0,-1.0,-1.0,-1.0
MAR08064,-1.0,-1.0,-1.0,-1.0
MAR08065,-1.0,-1.0,-1.0,-1.0
MAR08759,-1.0,-1.0,-1.0,-1.0
MAR01847,-1.0,-1.0,-1.0,-1.0
MAR01848,15.5,36.9,510.4,154.7
MAR01850_f,-1.0,-1.0,-1.0,-1.0
MAR01852_f,-1.0,-1.0,-1.0,-1.0
MAR01853,-1.0,-1.0,-1.0,-1.0
MAR01854_f,-1.0,-1.0,-1.0,-1.0
MAR01855,-1.0,-1.0,-1.0,-1.0
MAR01857,-1.0,-1.0,-1.0,-1.0
MAR01859_f,-1.0,-1.0,-1.0,-1.0
MAR01861,-1.0,-1.0,-1.0,-1.0
MAR01862,-1.0,-1.0,-1.0,-1.0
MAR01863,-1.0,-1.0,-1.0,-1.0
MAR01864,-1.0,-1.0,-1.0,-1.0
MAR01865,-1.0,-1.0,-1.0,-1.0
MAR01866,-1.0,-1.0,-1.0,-1.0
MAR01867,-1.0,-1.0,-1.0,-1.0
MAR01868,-1.0,-1.0,-1.0,-1.0
MAR01870,-1.0,-1.0,-1.0,-1.0
MAR01872,-1.0,-1.0,-1.0,-1.0
MAR01874,-1.0,-1.0,-1.0,-1.0
MAR01875_f,-1.0,-1.0,-1.0,-1.0
MAR01876_f,-1.0,-1.0,-1.0,-1.0
MAR01877_f,-1.0,-1.0,-1.0,-1.0
MAR01878,-1.0,-1.0,-1.0,-1.0
MAR01879_f,-1.0,-1.0,-1.0,-1.0
MAR01880_f,-1.0,-1.0,-1.0,-1.0
MAR01881_f,-1.0,-1.0,-1.0,-1.0
MAR01882_f,-1.0,-1.0,-1.0,-1.0
MAR01883_f,-1.0,-1.0,-1.0,-1.0
MAR01884_f,-1.0,-1.0,-1.0,-1.0
MAR01885_f,-1.0,-1.0,-1.0,-1.0
MAR01886_f,-1.0,-1.0,-1.0,-1.0
MAR01887_f,-1.0,-1.0,-1.0,-1.0
MAR01888_f,-1.0,-1.0,-1.0,-1.0
MAR01889_f,-1.0,-1.0,-1.0,-1.0
MAR01890_f,-1.0,-1.0,-1.0,-1.0
MAR01891_f,-1.0,-1.0,-1.0,-1.0
MAR01892_f,-1.0,-1.0,-1.0,-1.0
MAR01893_f,-1.0,-1.0,-1.0,-1.0
MAR01894_f,-1.0,-1.0,-1.0,-1.0
MAR01895,-1.0,-1.0,-1.0,-1.0
MAR01896,-1.0,-1.0,-1.0,-1.0
MAR01897,-1.0,-1.0,-1.0,-1.0
MAR01403_f,-1.0,-1.0,-1.0,-1.0
MAR01404_f,-1.0,-1.0,-1.0,-1.0
MAR01405,-1.0,-1.0,-1.0,-1.0
MAR01406_f,-1.0,-1.0,-1.0,-1.0
MAR01407_f,-1.0,-1.0,-1.0,-1.0
MAR01408_f,-1.0,-1.0,-1.0,-1.0
MAR01409_f,-1.0,-1.0,-1.0,-1.0
MAR01410,-1.0,-1.0,-1.0,-1.0
MAR01411,-1.0,-1.0,-1.0,-1.0
MAR01412,-1.0,-1.0,-1.0,-1.0
MAR01413,-1.0,-1.0,-1.0,-1.0
MAR01414,-1.0,-1.0,-1.0,-1.0
MAR01415,-1.0,-1.0,-1.0,-1.0
MAR01416,-1.0,-1.0,-1.0,-1.0
MAR01417,-1.0,-1.0,-1.0,-1.0
MAR01418_f,-1.0,-1.0,-1.0,-1.0
MAR01419_f,-1.0,-1.0,-1.0,-1.0
MAR01420_f,-1.0,-1.0,-1.0,-1.0
MAR01421_f,-1.0,-1.0,-1.0,-1.0
MAR01422_f,-1.0,-1.0,-1.0,-1.0
MAR01423_f,-1.0,-1.0,-1.0,-1.0
MAR01424_f,-1.0,-1.0,-1.0,-1.0
MAR01425_f,-1.0,-1.0,-1.0,-1.0
MAR01426_f,-1.0,-1.0,-1.0,-1.0
MAR01427_f,-1.0,-1.0,-1.0,-1.0
MAR01428_f,-1.0,-1.0,-1.0,-1.0
MAR01429_f,-1.0,-1.0,-1.0,-1.0
MAR01430_f,-1.0,-1.0,-1.0,-1.0
MAR01431_f,-1.0,-1.0,-1.0,-1.0
MAR01432_f,-1.0,-1.0,-1.0,-1.0
MAR01433_f,-1.0,-1.0,-1.0,-1.0
MAR08262,-1.0,-1.0,-1.0,-1.0
MAR08263,44.7,3.1,0.3,27.5
MAR08264,-1.0,-1.0,-1.0,-1.0
MAR08267,44.7,3.1,0.3,27.5
MAR08268,-1.0,-1.0,-1.0,-1.0
MAR08271,-1.0,-1.0,-1.0,-1.0
MAR08275,-1.0,-1.0,-1.0,-1.0
MAR08276,-1.0,-1.0,-1.0,-1.0
MAR08277,-1.0,-1.0,-1.0,-1.0
MAR08278,15.6,33.8,17.6,18.2
MAR08279,-1.0,-1.0,-1.0,-1.0
MAR08280,-1.0,-1.0,-1.0,-1.0
MAR08281,44.7,3.1,0.3,27.5
MAR08284,44.7,3.1,0.3,27.5
MAR08285,-1.0,-1.0,-1.0,-1.0
MAR08286,-1.0,-1.0,-1.0,-1.0
MAR08287,-1.0,-1.0,-1.0,-1.0
MAR08288,44.7,3.1,0.3,27.5
MAR08291,-1.0,-1.0,-1.0,-1.0
MAR08292,44.7,3.1,0.3,27.5
MAR08293,-1.0,-1.0,-1.0,-1.0
MAR08294,-1.0,-1.0,-1.0,-1.0
MAR08295,44.7,3.1,0.3,27.5
MAR08298,44.7,3.1,0.3,27.5
MAR08302,44.7,3.1,0.3,27.5
MAR08305,15.6,33.8,17.6,18.2
MAR08306,-1.0,-1.0,-1.0,-1.0
MAR08307,-1.0,-1.0,-1.0,-1.0
MAR08308,-1.0,-1.0,-1.0,-1.0
MAR08309,-1.0,-1.0,-1.0,-1.0
MAR08316,7.8,9.2,32.5,13.3
MAR08317,-1.0,-1.0,-1.0,-1.0
MAR08318,25.299999999999997,24.6,20.7,10.6
MAR08319,-1.0,-1.0,-1.0,-1.0
MAR08322,-1.0,-1.0,-1.0,-1.0
MAR08325,5.8,6.1,77.9,7.5
MAR08326,-1.0,-1.0,-1.0,-1.0
MAR08327,-1.0,-1.0,-1.0,-1.0
MAR08330,-1.0,-1.0,-1.0,-1.0
MAR08331,-1.0,-1.0,-1.0,-1.0
MAR08332,-1.0,-1.0,-1.0,-1.0
MAR08333,-1.0,-1.0,-1.0,-1.0
MAR08334,-1.0,-1.0,-1.0,-1.0
MAR08337,5.8,6.1,77.9,7.5
MAR00712_f,31.1,9.2,304.2,89.7
MAR03992_f,106.9,61.4,270.80000000000007,149.3
MAR04228,1.9,6.1,226.5,136.6
MAR04251,48.6,27.7,372.3,527.4
MAR04252,138.20000000000002,218.2,108.6,306.0
MAR04253,27.2,52.2,53.2,80.2
MAR04254,64.2,12.3,100.0,181.4
MAR04255,11.7,52.2,13.4,32.7
MAR04257,17.5,18.4,12.700000000000001,31.5
MAR04259,-1.0,-1.0,-1.0,-1.0
MAR04260,11.7,9.2,14.8,13.4
MAR04261,11.7,9.2,14.8,13.4
MAR04262,42.8,12.3,384.9,39.1
MAR04263,11.7,52.2,13.4,32.7
MAR04264,138.20000000000002,218.2,108.6,306.0
MAR04265,27.2,52.2,53.2,80.2
MAR04267,17.5,18.4,12.700000000000001,31.5
MAR04268,1.9,6.1,208.3,21.2
MAR04269,13.6,9.2,85.4,20.5
MAR04270,21.4,9.2,17.5,122.10000000000001
MAR04271,27.2,27.7,361.0,18.4
MAR04276,9.7,12.3,10.3,14.6
MAR04278,11.7,9.2,14.8,13.4
MAR04662,50.6,33.8,32.0,83.9
MAR07142,1.9,3.1,2.7,6.0
MAR07143,1.9,3.1,2.7,6.0
MAR07623,7.8,9.2,6.0,14.4
MAR07625,7.8,9.2,6.0,14.4
MAR07627,1.9,3.1,2.7,6.0
MAR07676,85.6,15.4,4159.2,130.8
MAR07677,1.9,3.1,701.6,145.2
MAR07678,1.9,3.1,701.6,145.2
MAR08788,1.9,3.1,2.7,6.0
MAR08790,9.7,12.3,10.3,14.6
MAR08791_f,50.6,33.8,32.0,83.9
MAR03871,68.1,40.0,80.6,91.0
MAR04058,68.1,40.0,80.6,91.0
MAR04498,-1.0,-1.0,-1.0,-1.0
MAR04499,-1.0,-1.0,-1.0,-1.0
MAR04500,19.4,43.0,36.5,80.2
MAR04714,81.60000000000001,83.0,230.9,89.4
MAR04715,81.60000000000001,83.0,230.9,89.4
MAR04716,-1.0,-1.0,-1.0,-1.0
MAR04717_f,-1.0,-1.0,-1.0,-1.0
MAR04718,81.60000000000001,83.0,230.9,89.4
MAR04723,60.3,362.7,135.7,277.0
MAR04725_f,9.7,18.4,4.8,18.2
MAR04727,68.1,40.0,80.6,91.0
MAR04730_f,81.60000000000001,83.0,230.9,89.4
MAR04731_f,81.60000000000001,83.0,230.9,89.4
MAR04732,-1.0,-1.0,-1.0,-1.0
MAR04733,9.7,18.4,4.8,18.2
MAR04734,68.1,40.0,80.6,91.0
MAR07731,7.8,6.1,77.2,28.0
MAR08792,3.9,3.1,5.8,4.4
MAR00663,89.5,199.9,193.60000000000002,245.8
MAR04308,38.9,43.0,0.9,6.1
MAR06539,70.0,230.5,0.1,4414.6
MAR06540,27.2,288.9,97.1,404.09999999999997
MAR06542,13.6,3.1,10.5,11.6
MAR06543,15.6,15.4,34.6,30.9
MAR06544,7.8,3.1,20.0,8.7
MAR06545,414.4000000000001,949.8,430.1999999999999,1278.8
MAR06546,13.6,15.4,45.6,33.8
MAR06547,414.4000000000001,949.8,430.1999999999999,1278.8
MAR06548,70.1,24.6,50.8,23.2
MAR06549,3.9,3.1,3.1,3.1
MAR06550,27.2,15.4,55.7,34.1
MAR06551,31.1,9.2,11.3,9.6
MAR06552,46.599999999999994,21.6,21.499999999999996,14.799999999999999
MAR06553,36.9,55.3,17.8,33.0
MAR06554,56.4,27.599999999999998,19.7,27.9
MAR06555,13.6,12.299999999999999,35.5,37.3
MAR06556,27.2,15.4,55.7,34.1
MAR06557,414.4000000000001,949.8,430.1999999999999,1278.8
MAR06558,27.2,15.4,55.7,34.1
MAR06559,89.5,199.9,193.60000000000002,245.8
MAR06560,23.3,6.1,10.8,9.8
MAR06561,7.8,12.3,24.5,21.0
MAR06562,27.2,288.9,97.1,404.09999999999997
MAR06563,9.7,3.1,5.2,4.0
MAR06564,3.9,6.1,52.0,23.2
MAR06565,23.3,6.1,10.8,9.8
MAR06566,27.2,18.4,31.1,20.7
MAR06567,27.2,18.4,31.1,20.7
MAR06568,1.9,6.1,12.1,8.4
MAR06569,7.8,12.3,24.5,21.0
MAR06570,3.9,3.1,3.1,3.1
MAR06571,27.2,288.9,97.1,404.09999999999997
MAR06572,38.9,43.0,0.9,6.1
MAR06573,1.9,6.1,12.1,8.4
MAR06574,1.9,6.1,12.1,8.4
MAR06575_f,27.2,18.4,31.1,20.7
MAR06576,1.9,9.2,2.1,3.1
MAR06579,31.1,9.2,11.3,9.6
MAR06580,31.1,9.2,11.3,9.6
MAR06581,31.1,9.2,11.3,9.6
MAR06583,27.2,15.4,55.7,34.1
MAR06584,27.2,15.4,55.7,34.1
MAR06585,27.2,15.4,55.7,34.1
MAR06587,13.6,3.1,10.5,11.6
MAR06588,13.6,3.1,10.5,11.6
MAR06589,13.6,3.1,10.5,11.6
MAR06591,414.4000000000001,949.8,430.1999999999999,1278.8
MAR06592,31.1,9.2,11.3,9.6
MAR06595,31.1,9.2,11.3,9.6
MAR07652,122.5,64.5,55.7,93.7
MAR07654,122.5,64.5,55.7,93.7
MAR07655,103.1,285.9,80.30000000000001,73.0
MAR07656,17.5,3.1,20.3,20.4
MAR08799,1.9,6.1,12.1,8.4
MAR08800,1.9,6.1,12.1,8.4
MAR08801,-1.0,-1.0,-1.0,-1.0
MAR08802,3.9,3.1,13.4,12.5
MAR08803,1.9,6.1,12.1,8.4
MAR08804,1.9,6.1,12.1,8.4
MAR08805,1.9,6.1,12.1,8.4
MAR08806,-1.0,-1.0,-1.0,-1.0
MAR08807,27.2,15.4,55.7,34.1
MAR08808,-1.0,-1.0,-1.0,-1.0
MAR08809,3.9,3.1,13.4,12.5
MAR08810,3.9,3.1,3.1,3.1
MAR08811,31.1,9.2,11.3,9.6
MAR08812,3.9,3.1,13.4,12.5
MAR08813,31.1,9.2,11.3,9.6
MAR08814,31.1,9.2,11.3,9.6
MAR08815,31.1,9.2,11.3,9.6
MAR08816,21.4,12.299999999999999,35.5,37.3
MAR08817,46.599999999999994,21.6,21.499999999999996,14.799999999999999
MAR08818,46.7,37.0,17.200000000000003,21.799999999999997
MAR08819,70.1,24.6,50.8,23.2
MAR08820,-1.0,-1.0,-1.0,-1.0
MAR08821,31.1,9.2,11.3,9.6
MAR08822,89.5,199.9,193.60000000000002,245.8
MAR08823,11.7,15.4,3.6,7.7
MAR08824,13.6,3.1,10.5,11.6
MAR08825,70.1,24.6,50.8,23.2
MAR08826,56.4,27.599999999999998,19.7,27.9
MAR08827,70.1,24.6,50.8,23.2
MAR08829,13.6,3.1,10.5,11.6
MAR08830,13.6,15.4,45.6,33.8
MAR08831,31.1,9.2,11.3,9.6
MAR08833,11.7,15.4,3.6,7.7
MAR08835,122.5,64.5,55.7,93.7
MAR08836,122.5,64.5,55.7,93.7
MAR03925_f,27.2,61.5,377.8,393.0
MAR03929_f,9.7,27.7,364.6,312.4
MAR03972,-1.0,-1.0,-1.0,-1.0
MAR04332_f,15.6,9.2,43.3,32.8
MAR04333_f,15.6,9.2,43.3,32.8
MAR04335_f,15.6,9.2,43.3,32.8
MAR04336,7.8,46.1,543.3,165.4
MAR04338,17.5,24.6,143.9,60.4
MAR04340,60.199999999999996,79.9,106.2,66.8
MAR04440_f,40.8,70.7,104.9,51.3
MAR04442_f,17.5,24.6,143.9,60.4
MAR04444_f,36.9,33.8,145.20000000000002,75.9
MAR04446,25.3,3.1,18.8,15.1
MAR04448,25.3,3.1,18.8,15.1
MAR04503_f,17.5,24.6,143.9,60.4
MAR04505_f,60.199999999999996,79.9,106.2,66.8
MAR04654_f,15.6,9.2,43.3,32.8
MAR04655_f,15.6,9.2,43.3,32.8
MAR04656,15.6,9.2,43.3,32.8
MAR04665,21.4,3.1,78.7,22.2
MAR09726,9.7,27.7,364.6,312.4
MAR04666,23.3,73.8,223.0,199.7
MAR07145,9.7,3.1,31.4,16.0
MAR07146,64.2,507.1,175.8,269.8
MAR07147,3.9,12.3,41.7,17.0
MAR07908,9.7,6.1,55.8,18.5
MAR07909,9.7,6.1,55.8,18.5
MAR07910,9.7,6.1,55.8,18.5
MAR07911,9.7,6.1,55.8,18.5
MAR07912,9.7,6.1,55.8,18.5
MAR07913,9.7,6.1,55.8,18.5
MAR07916,17.5,12.3,213.0,194.3
MAR07919,17.5,12.3,213.0,194.3
MAR07920,17.5,12.3,213.0,194.3
MAR07921,17.5,12.3,213.0,194.3
MAR07922,17.5,12.3,213.0,194.3
MAR07925,17.5,12.3,213.0,194.3
MAR08105,9.7,6.1,55.8,18.5
MAR08106,9.7,6.1,55.8,18.5
MAR08107,9.7,6.1,55.8,18.5
MAR08108,9.7,6.1,55.8,18.5
MAR08109,9.7,6.1,55.8,18.5
MAR08110,9.7,6.1,55.8,18.5
MAR08112,9.7,6.1,55.8,18.5
MAR08113,9.7,6.1,55.8,18.5
MAR08114,9.7,6.1,55.8,18.5
MAR08115,9.7,6.1,55.8,18.5
MAR08116,9.7,6.1,55.8,18.5
MAR08117,9.7,6.1,55.8,18.5
MAR08129,17.5,12.3,213.0,194.3
MAR08130,17.5,12.3,213.0,194.3
MAR08132,17.5,12.3,213.0,194.3
MAR08133,17.5,12.3,213.0,194.3
MAR08135,17.5,12.3,213.0,194.3
MAR08136,17.5,12.3,213.0,194.3
MAR08137,17.5,12.3,213.0,194.3
MAR08138,17.5,12.3,213.0,194.3
MAR08139,17.5,12.3,213.0,194.3
MAR08140,17.5,12.3,213.0,194.3
MAR08141,17.5,12.3,213.0,194.3
MAR08142,17.5,12.3,213.0,194.3
MAR08143,23.3,73.8,223.0,199.7
MAR08144_f,17.5,24.6,143.9,60.4
MAR08758,7.8,46.1,543.3,165.4
MAR07661,23.3,3.1,84.8,22.9
MAR07662,23.3,3.1,84.8,22.9
MAR07663,23.3,3.1,84.8,22.9
MAR07668,15.6,6.1,15.9,5.4
MAR07669,-1.0,-1.0,-1.0,-1.0
MAR07670,15.6,6.1,15.9,5.4
MAR07671,-1.0,-1.0,-1.0,-1.0
MAR07672,9.7,6.1,14.4,5.6
MAR07673,9.7,6.1,14.4,5.6
MAR04160,5.8,6.1,84.5,37.1
MAR04162,5.8,6.1,84.5,37.1
MAR04163,56.4,181.3,142.6,127.8
MAR04165_f,38.9,27.7,65.3,81.2
MAR04166,38.9,27.7,65.3,81.2
MAR04167,38.9,27.7,65.3,81.2
MAR04169,5.8,6.1,84.5,37.1
MAR04170,5.8,6.1,84.5,37.1
MAR04523_f,27.2,61.5,377.8,393.0
MAR04539_f,200.3,381.09999999999997,731.4,721.9
MAR04540_f,200.3,381.09999999999997,731.4,721.9
MAR04541_f,200.3,381.09999999999997,731.4,721.9
MAR04542_f,200.3,381.09999999999997,731.4,721.9
MAR04543_f,200.3,381.09999999999997,731.4,721.9
MAR04544_f,200.3,381.09999999999997,731.4,721.9
MAR04816,-1.0,-1.0,-1.0,-1.0
MAR04817_f,5.8,6.1,84.5,37.1
MAR04818_f,5.8,6.1,84.5,37.1
MAR04833_f,5.8,6.1,84.5,37.1
MAR04834_f,5.8,6.1,84.5,37.1
MAR04835_f,5.8,6.1,84.5,37.1
MAR04836_f,5.8,6.1,84.5,37.1
MAR08538,200.3,381.09999999999997,731.4,721.9
MAR08738,56.4,181.3,142.6,127.8
MAR08739,38.9,27.7,65.3,81.2
MAR08740,-1.0,-1.0,-1.0,-1.0
MAR06393,-1.0,-1.0,-1.0,-1.0
MAR06394_f,-1.0,-1.0,-1.0,-1.0
MAR06396,87.5,633.0999999999999,292.6,1046.0
MAR06405_f,35.0,12.3,57.1,12.5
MAR08345_f,-1.0,-1.0,-1.0,-1.0
MAR08346_f,15.6,55.3,202.7,181.8
MAR08348_f,-1.0,-1.0,-1.0,-1.0
MAR08349,192.5,362.70000000000005,1478.0,1356.0
MAR08619,-1.0,-1.0,-1.0,-1.0
MAR08620,-1.0,-1.0,-1.0,-1.0
MAR08621,-1.0,-1.0,-1.0,-1.0
MAR08622,-1.0,-1.0,-1.0,-1.0
MAR08623,-1.0,-1.0,-1.0,-1.0
MAR08624,-1.0,-1.0,-1.0,-1.0
MAR08625,-1.0,-1.0,-1.0,-1.0
MAR03991,1894.3000000000002,10289.8,6147.400000000001,19521.2
MAR04657,19.4,40.0,267.6,33.2
MAR04744,13.6,9.2,80.6,45.3
MAR04746,7.8,21.5,24.2,22.1
MAR04748,27.2,73.8,56.8,131.7
MAR04750,27.2,61.5,102.9,116.6
MAR04752,-1.0,-1.0,-1.0,-1.0
MAR04755,9.7,21.5,5.7,16.8
MAR04757,9.7,21.5,5.7,16.8
MAR04762,21.4,33.8,19.0,33.8
MAR04763,40.9,107.60000000000001,129.79999999999998,347.3
MAR04764,128.4,291.9,828.6,542.4
MAR04768_f,-1.0,-1.0,-1.0,-1.0
MAR04769_f,-1.0,-1.0,-1.0,-1.0
MAR04770_f,-1.0,-1.0,-1.0,-1.0
MAR04771_f,-1.0,-1.0,-1.0,-1.0
MAR04772,27.2,61.5,102.9,116.6
MAR04773_f,-1.0,-1.0,-1.0,-1.0
MAR06395,-1.0,-1.0,-1.0,-1.0
MAR08634,128.4,291.9,828.6,542.4
MAR09717,-1.0,-1.0,-1.0,-1.0
MAR06630,17.5,18.4,165.9,46.3
MAR06631,68.0,132.1,545.5,348.0
MAR06632,17.5,18.4,165.9,46.3
MAR06633,68.0,132.1,545.5,348.0
MAR06634,-1.0,-1.0,-1.0,-1.0
MAR06635,21.4,18.4,10.4,6.7
MAR06636,147.9,132.0,13015.5,845.4
MAR06637,-1.0,-1.0,-1.0,-1.0
MAR06638_f,37.0,147.5,281.79999999999995,725.0
MAR06639,21.4,18.4,10.4,6.7
MAR06640,-1.0,-1.0,-1.0,-1.0
MAR06641,-1.0,-1.0,-1.0,-1.0
MAR06642,-1.0,-1.0,-1.0,-1.0
MAR06643,21.4,18.4,10.4,6.7
MAR06644_f,37.0,147.5,281.79999999999995,725.0
MAR06645,21.4,18.4,10.4,6.7
MAR06646,97.3,301.2,678.4,385.2
MAR06647,97.3,301.2,678.4,385.2
MAR06648,-1.0,-1.0,-1.0,-1.0
MAR06649,-1.0,-1.0,-1.0,-1.0
MAR06650,21.4,18.4,10.4,6.7
MAR06651,21.4,18.4,10.4,6.7
MAR06652_f,97.3,301.2,678.4,385.2
MAR06653,-1.0,-1.0,-1.0,-1.0
MAR06654,-1.0,-1.0,-1.0,-1.0
MAR06655,-1.0,-1.0,-1.0,-1.0
MAR06656,-1.0,-1.0,-1.0,-1.0
MAR06657,42.8,15.4,8.6,1.5
MAR06658,42.8,15.4,8.6,1.5
MAR06659_f,-1.0,-1.0,-1.0,-1.0
MAR06660_f,-1.0,-1.0,-1.0,-1.0
MAR06661_f,-1.0,-1.0,-1.0,-1.0
MAR06662_f,-1.0,-1.0,-1.0,-1.0
MAR06663_f,-1.0,-1.0,-1.0,-1.0
MAR06664,-1.0,-1.0,-1.0,-1.0
MAR06665,-1.0,-1.0,-1.0,-1.0
MAR06666,151.7,79.89999999999999,572.8,1026.1
MAR06667,151.7,79.89999999999999,572.8,1026.1
MAR06668_f,151.7,79.89999999999999,572.8,1026.1
MAR06669,151.7,79.89999999999999,572.8,1026.1
MAR06670_f,653.5,746.8999999999999,1867.7999999999997,2095.9
MAR06671_f,-1.0,-1.0,-1.0,-1.0
MAR06672_f,-1.0,-1.0,-1.0,-1.0
MAR06673_f,-1.0,-1.0,-1.0,-1.0
MAR06674_f,97.3,301.2,678.4,385.2
MAR06675_f,97.3,301.2,678.4,385.2
MAR06676_f,97.3,301.2,678.4,385.2
MAR06677,-1.0,-1.0,-1.0,-1.0
MAR06678,-1.0,-1.0,-1.0,-1.0
MAR06679,151.7,79.89999999999999,572.8,1026.1
MAR06680,151.7,79.89999999999999,572.8,1026.1
MAR06681,-1.0,-1.0,-1.0,-1.0
MAR06682,-1.0,-1.0,-1.0,-1.0
MAR06683,-1.0,-1.0,-1.0,-1.0
MAR06684,-1.0,-1.0,-1.0,-1.0
MAR06685,151.7,79.89999999999999,572.8,1026.1
MAR06686,151.7,79.89999999999999,572.8,1026.1
MAR06687,-1.0,-1.0,-1.0,-1.0
MAR06690_f,-1.0,-1.0,-1.0,-1.0
MAR06691_f,-1.0,-1.0,-1.0,-1.0
MAR06692_f,-1.0,-1.0,-1.0,-1.0
MAR06693_f,-1.0,-1.0,-1.0,-1.0
MAR06694_f,-1.0,-1.0,-1.0,-1.0
MAR06695_f,-1.0,-1.0,-1.0,-1.0
MAR06697_f,-1.0,-1.0,-1.0,-1.0
MAR06699_f,-1.0,-1.0,-1.0,-1.0
MAR06700,-1.0,-1.0,-1.0,-1.0
MAR06701,-1.0,-1.0,-1.0,-1.0
MAR06702,-1.0,-1.0,-1.0,-1.0
MAR06703,-1.0,-1.0,-1.0,-1.0
MAR06704,151.7,79.89999999999999,572.8,1026.1
MAR06705,151.7,79.89999999999999,572.8,1026.1
MAR08697,-1.0,-1.0,-1.0,-1.0
MAR08698_f,-1.0,-1.0,-1.0,-1.0
MAR08699_f,-1.0,-1.0,-1.0,-1.0
MAR08700,-1.0,-1.0,-1.0,-1.0
MAR08702_f,-1.0,-1.0,-1.0,-1.0
MAR08703,-1.0,-1.0,-1.0,-1.0
MAR08704_f,-1.0,-1.0,-1.0,-1.0
MAR08706,-1.0,-1.0,-1.0,-1.0
MAR08709_f,37.0,147.5,281.79999999999995,725.0
MAR08710_f,-1.0,-1.0,-1.0,-1.0
MAR08711_f,-1.0,-1.0,-1.0,-1.0
MAR08712,-1.0,-1.0,-1.0,-1.0
MAR08713,-1.0,-1.0,-1.0,-1.0
MAR08717,-1.0,-1.0,-1.0,-1.0
MAR06506,40.8,55.3,38.2,138.6
MAR06507,21.4,9.2,17.5,122.10000000000001
MAR06508,29.2,12.3,26.0,29.7
MAR06509,-1.0,-1.0,-1.0,-1.0
MAR06510,-1.0,-1.0,-1.0,-1.0
MAR06511,95.3,248.9,827.2,448.6
MAR04537,-1.0,-1.0,-1.0,-1.0
MAR04545,5.8,12.3,63.5,315.4
MAR04546,-1.0,-1.0,-1.0,-1.0
MAR04547,-1.0,-1.0,-1.0,-1.0
MAR04548_f,42.8,15.4,8.6,1.5
MAR04549_f,108.89999999999999,64.5,94.7,86.4
MAR04550,-1.0,-1.0,-1.0,-1.0
MAR04551,-1.0,-1.0,-1.0,-1.0
MAR04552_f,-1.0,-1.0,-1.0,-1.0
MAR04553_f,-1.0,-1.0,-1.0,-1.0
MAR04554_f,-1.0,-1.0,-1.0,-1.0
MAR04555,-1.0,-1.0,-1.0,-1.0
MAR04556_f,-1.0,-1.0,-1.0,-1.0
MAR04557,-1.0,-1.0,-1.0,-1.0
MAR04558,56.4,110.60000000000001,413.9,660.3
MAR04559,192.5,362.70000000000005,1478.0,1356.0
MAR04560,1.9,3.1,701.6,145.2
MAR04561_f,68.0,132.1,545.5,348.0
MAR04563,153.6,282.8,324.09999999999997,84.60000000000001
MAR04564,-1.0,-1.0,-1.0,-1.0
MAR04204,3.9,15.4,4.4,8.9
MAR04206,3.9,15.4,4.4,8.9
MAR04207,-1.0,-1.0,-1.0,-1.0
MAR04208,25.3,55.3,38.3,71.1
MAR08744,25.3,55.3,38.3,71.1
MAR08746,74.0,350.4,179.4,248.4
MAR08748,-1.0,-1.0,-1.0,-1.0
MAR08613,-1.0,-1.0,-1.0,-1.0
MAR08615_f,50.6,135.2,267.8,153.0
MAR08616_f,50.6,135.2,267.8,153.0
MAR04064,3.9,3.1,2.4,11.8
MAR04065,99.2,104.5,44.9,79.9
MAR04066,99.2,104.5,44.9,79.9
MAR04067,9.7,33.8,136.3,67.4
MAR04068,99.2,104.5,44.9,79.9
MAR04069,9.7,33.8,136.3,67.4
MAR04070,9.7,33.8,136.3,67.4
MAR04071_f,9.7,33.8,136.3,67.4
MAR08102,1.9,3.1,701.6,145.2
MAR08724,3.9,3.1,2.4,11.8
MAR08725,3.9,3.1,2.4,11.8
MAR02114,-1.0,-1.0,-1.0,-1.0
MAR02115,1.9,3.1,7.0,5.6
MAR02117,3.9,9.2,363.4,61.7
MAR02118,7.8,9.2,0.8,261.6
MAR02129,23.4,33.8,106.4,56.0
MAR02130_f,23.4,33.8,106.4,56.0
MAR02131,23.4,33.8,106.4,56.0
MAR02132,23.4,33.8,106.4,56.0
MAR02133,23.4,33.8,106.4,56.0
MAR02134,23.4,33.8,106.4,56.0
MAR02135,23.4,33.8,106.4,56.0
MAR02136,23.4,33.8,106.4,56.0
MAR02137,-1.0,-1.0,-1.0,-1.0
MAR02138,-1.0,-1.0,-1.0,-1.0
MAR02139,-1.0,-1.0,-1.0,-1.0
MAR02140,-1.0,-1.0,-1.0,-1.0
MAR02142,23.4,33.8,106.4,56.0
MAR02143,23.4,33.8,106.4,56.0
MAR02144,23.4,33.8,106.4,56.0
MAR02145,23.4,33.8,106.4,56.0
MAR07996,3.9,9.2,363.4,61.7
MAR07999,-1.0,-1.0,-1.0,-1.0
MAR08003,-1.0,-1.0,-1.0,-1.0
MAR08004,7.8,9.2,0.8,261.6
MAR08005,-1.0,-1.0,-1.0,-1.0
MAR08006,-1.0,-1.0,-1.0,-1.0
MAR08008,7.8,9.2,0.8,261.6
MAR08011_f,-1.0,-1.0,-1.0,-1.0
MAR08012_f,-1.0,-1.0,-1.0,-1.0
MAR08013_f,-1.0,-1.0,-1.0,-1.0
MAR08014_f,-1.0,-1.0,-1.0,-1.0
MAR06423_f,-1.0,-1.0,-1.0,-1.0
MAR06426,-1.0,-1.0,-1.0,-1.0
MAR06427,-1.0,-1.0,-1.0,-1.0
MAR06428,-1.0,-1.0,-1.0,-1.0
MAR06429,-1.0,-1.0,-1.0,-1.0
MAR06432,700.1,1825.8,5487.4,5039.0999999999985
MAR06433,879.1,2738.6,6414.099999999999,6363.299999999999
MAR06434,-1.0,-1.0,-1.0,-1.0
MAR06435,879.1,2738.6,6414.099999999999,6363.299999999999
MAR06436,700.1,1825.8,5487.4,5039.0999999999985
MAR06441,-1.0,-1.0,-1.0,-1.0
MAR06442,-1.0,-1.0,-1.0,-1.0
MAR06443,-1.0,-1.0,-1.0,-1.0
MAR06444,-1.0,-1.0,-1.0,-1.0
MAR06447,-1.0,-1.0,-1.0,-1.0
MAR06448,879.1,2738.6,6414.099999999999,6363.299999999999
MAR06450,700.1,1825.8,5487.4,5039.0999999999985
MAR06451,879.1,2738.6,6414.099999999999,6363.299999999999
MAR06453,700.1,1825.8,5487.4,5039.0999999999985
MAR06456_f,-1.0,-1.0,-1.0,-1.0
MAR06457_f,-1.0,-1.0,-1.0,-1.0
MAR06458_f,-1.0,-1.0,-1.0,-1.0
MAR06459_f,-1.0,-1.0,-1.0,-1.0
MAR06460_f,-1.0,-1.0,-1.0,-1.0
MAR06461,-1.0,-1.0,-1.0,-1.0
MAR06464,-1.0,-1.0,-1.0,-1.0
MAR06465,-1.0,-1.0,-1.0,-1.0
MAR06466,-1.0,-1.0,-1.0,-1.0
MAR06467,-1.0,-1.0,-1.0,-1.0
MAR06470,-1.0,-1.0,-1.0,-1.0
MAR06471,700.1,1825.8,5487.4,5039.0999999999985
MAR06472,700.1,1825.8,5487.4,5039.0999999999985
MAR06473,700.1,1825.8,5487.4,5039.0999999999985
MAR06476,-1.0,-1.0,-1.0,-1.0
MAR06500_f,-1.0,-1.0,-1.0,-1.0
MAR06477,-1.0,-1.0,-1.0,-1.0
MAR06478,-1.0,-1.0,-1.0,-1.0
MAR06479,-1.0,-1.0,-1.0,-1.0
MAR06482,-1.0,-1.0,-1.0,-1.0
MAR06484,700.1,1825.8,5487.4,5039.0999999999985
MAR06486,700.1,1825.8,5487.4,5039.0999999999985
MAR06488,-1.0,-1.0,-1.0,-1.0
MAR06490,151.7,79.89999999999999,572.8,1026.1
MAR06492_f,37.0,9.2,60.7,126.1
MAR06495,151.7,79.89999999999999,572.8,1026.1
MAR06496,37.0,9.2,60.7,126.1
MAR06501_f,-1.0,-1.0,-1.0,-1.0
MAR06992,42.8,15.4,8.6,1.5
MAR06993,42.8,15.4,8.6,1.5
MAR06994,42.8,15.4,8.6,1.5
MAR06995_f,2349.3,4754.7,8433.399999999998,11514.1
MAR06996_f,50.6,3.1,650.1,80.5
MAR06997,-1.0,-1.0,-1.0,-1.0
MAR06998,2349.3,4754.7,8433.399999999998,11514.1
MAR06999,42.8,15.4,8.6,1.5
MAR07000,42.8,15.4,8.6,1.5
MAR07001,42.8,15.4,8.6,1.5
MAR07002,42.8,15.4,8.6,1.5
MAR07003,2349.3,4754.7,8433.399999999998,11514.1
MAR07004,50.6,3.1,650.1,80.5
MAR07005,95.30000000000001,52.199999999999996,1204.9,569.0
MAR07006,-1.0,-1.0,-1.0,-1.0
MAR07007,-1.0,-1.0,-1.0,-1.0
MAR07008,-1.0,-1.0,-1.0,-1.0
MAR07009,-1.0,-1.0,-1.0,-1.0
MAR07010,-1.0,-1.0,-1.0,-1.0
MAR07011,-1.0,-1.0,-1.0,-1.0
MAR07012,-1.0,-1.0,-1.0,-1.0
MAR07013,2349.3,4754.7,8433.399999999998,11514.1
MAR07014,50.6,3.1,650.1,80.5
MAR07015,-1.0,-1.0,-1.0,-1.0
MAR07016,-1.0,-1.0,-1.0,-1.0
MAR07017,42.8,15.4,8.6,1.5
MAR07018,-1.0,-1.0,-1.0,-1.0
MAR07019_f,42.8,15.4,8.6,1.5
MAR07020,-1.0,-1.0,-1.0,-1.0
MAR07021,42.8,15.4,8.6,1.5
MAR07022,2349.3,4754.7,8433.399999999998,11514.1
MAR07023,50.6,3.1,650.1,80.5
MAR07024,-1.0,-1.0,-1.0,-1.0
MAR07025,91.4,239.7,236.7,1149.0
MAR07026,91.4,239.7,236.7,1149.0
MAR07027,91.4,239.7,236.7,1149.0
MAR07028,91.4,239.7,236.7,1149.0
MAR07029,2349.3,4754.7,8433.399999999998,11514.1
MAR07030,42.8,15.4,8.6,1.5
MAR07031,-1.0,-1.0,-1.0,-1.0
MAR07032,-1.0,-1.0,-1.0,-1.0
MAR07033,42.8,15.4,8.6,1.5
MAR07034,-1.0,-1.0,-1.0,-1.0
MAR07035,107.0,6.1,0.1,0.7
MAR07036,42.8,15.4,8.6,1.5
MAR07037,-1.0,-1.0,-1.0,-1.0
MAR07038,68.0,132.1,545.5,348.0
MAR07039,151.7,79.89999999999999,572.8,1026.1
MAR07040,42.8,15.4,8.6,1.5
MAR07041,2349.3,4754.7,8433.399999999998,11514.1
MAR07042,50.6,3.1,650.1,80.5
MAR07043,-1.0,-1.0,-1.0,-1.0
MAR07044,-1.0,-1.0,-1.0,-1.0
MAR07045,-1.0,-1.0,-1.0,-1.0
MAR07046,-1.0,-1.0,-1.0,-1.0
MAR07047,-1.0,-1.0,-1.0,-1.0
MAR07048_f,42.8,15.4,8.6,1.5
MAR07049_f,-1.0,-1.0,-1.0,-1.0
MAR07050,2349.3,4754.7,8433.399999999998,11514.1
MAR07051,50.6,3.1,650.1,80.5
MAR07052,42.8,15.4,8.6,1.5
MAR07053,42.8,15.4,8.6,1.5
MAR07054,42.8,15.4,8.6,1.5
MAR07055,50.6,3.1,650.1,80.5
MAR07056,42.8,15.4,8.6,1.5
MAR07057,-1.0,-1.0,-1.0,-1.0
MAR07058,50.6,3.1,650.1,80.5
MAR07059,190.6,660.6999999999999,1537.6,853.0
MAR07060,42.8,15.4,8.6,1.5
MAR07061,-1.0,-1.0,-1.0,-1.0
MAR07062,-1.0,-1.0,-1.0,-1.0
MAR07063,-1.0,-1.0,-1.0,-1.0
MAR07064,-1.0,-1.0,-1.0,-1.0
MAR07065,151.7,79.89999999999999,572.8,1026.1
MAR07066,151.7,79.89999999999999,572.8,1026.1
MAR07067,-1.0,-1.0,-1.0,-1.0
MAR07068,-1.0,-1.0,-1.0,-1.0
MAR07069,-1.0,-1.0,-1.0,-1.0
MAR07070,-1.0,-1.0,-1.0,-1.0
MAR07071,-1.0,-1.0,-1.0,-1.0
MAR07072,-1.0,-1.0,-1.0,-1.0
MAR07073,-1.0,-1.0,-1.0,-1.0
MAR07074,-1.0,-1.0,-1.0,-1.0
MAR07075,-1.0,-1.0,-1.0,-1.0
MAR07076,-1.0,-1.0,-1.0,-1.0
MAR07077,-1.0,-1.0,-1.0,-1.0
MAR07078,42.8,15.4,8.6,1.5
MAR07079,2349.3,4754.7,8433.399999999998,11514.1
MAR07080,2349.3,4754.7,8433.399999999998,11514.1
MAR07081,50.6,3.1,650.1,80.5
MAR07082,42.8,15.4,8.6,1.5
MAR07083,2349.3,4754.7,8433.399999999998,11514.1
MAR07084,2349.3,4754.7,8433.399999999998,11514.1
MAR07085,-1.0,-1.0,-1.0,-1.0
MAR07086,-1.0,-1.0,-1.0,-1.0
MAR07087,-1.0,-1.0,-1.0,-1.0
MAR07088,42.8,15.4,8.6,1.5
MAR07089,2349.3,4754.7,8433.399999999998,11514.1
MAR07090,-1.0,-1.0,-1.0,-1.0
MAR07091,42.8,15.4,8.6,1.5
MAR07092,2349.3,4754.7,8433.399999999998,11514.1
MAR07093,2349.3,4754.7,8433.399999999998,11514.1
MAR07094,-1.0,-1.0,-1.0,-1.0
MAR07095,-1.0,-1.0,-1.0,-1.0
MAR07096,42.8,15.4,8.6,1.5
MAR07097,2349.3,4754.7,8433.399999999998,11514.1
MAR07098,-1.0,-1.0,-1.0,-1.0
MAR07099,-1.0,-1.0,-1.0,-1.0
MAR07100,2349.3,4754.7,8433.399999999998,11514.1
MAR07103,2349.3,4754.7,8433.399999999998,11514.1
MAR07104,-1.0,-1.0,-1.0,-1.0
MAR07106,-1.0,-1.0,-1.0,-1.0
MAR07688,19.4,169.1,259.2,113.9
MAR08032,-1.0,-1.0,-1.0,-1.0
MAR08034,-1.0,-1.0,-1.0,-1.0
MAR08036,5.8,3.1,449.1,75.3
MAR08037,5.8,3.1,449.1,75.3
MAR08038,5.8,3.1,449.1,75.3
MAR08040,-1.0,-1.0,-1.0,-1.0
MAR08043,-1.0,-1.0,-1.0,-1.0
MAR08046,-1.0,-1.0,-1.0,-1.0
MAR08049,-1.0,-1.0,-1.0,-1.0
MAR08052,-1.0,-1.0,-1.0,-1.0
MAR08055,-1.0,-1.0,-1.0,-1.0
MAR08059,-1.0,-1.0,-1.0,-1.0
MAR08596,-1.0,-1.0,-1.0,-1.0
MAR08598,-1.0,-1.0,-1.0,-1.0
MAR08601,-1.0,-1.0,-1.0,-1.0
MAR06535_f,260.6,713.0,1371.6,724.4
MAR06536_f,260.6,713.0,1371.6,724.4
MAR09569,136.2,21.4,94.8,150.79999999999998
MAR03955_f,108.9,292.0,148.6,335.1
MAR03984,81.7,169.1,442.20000000000005,226.3
MAR04201,330.6,879.0,1806.6999999999998,949.2
MAR04202,95.2,153.6,569.6,365.0
MAR05127_f,-1.0,-1.0,-1.0,-1.0
MAR05128_f,-1.0,-1.0,-1.0,-1.0
MAR05363,-1.0,-1.0,-1.0,-1.0
MAR07794,173.2,338.1,319.70000000000005,898.5
MAR08617,-1.0,-1.0,-1.0,-1.0
MAR08752,260.6,713.0,1371.6,724.4
MAR07741_f,-1.0,-1.0,-1.0,-1.0
MAR09464,46.699999999999996,12.299999999999999,56.199999999999996,27.799999999999997
MAR09465,-1.0,-1.0,-1.0,-1.0
MAR09466_f,72.0,42.9,201.9,122.79999999999998
MAR09467_f,72.0,42.9,201.9,122.79999999999998
MAR09468,5.8,6.1,28.1,23.0
MAR09469,9.7,9.2,91.7,9.7
MAR09470_f,15.6,12.3,268.0,148.1
MAR09471,31.1,36.9,33.8,76.6
MAR09472,13.6,3.1,66.3,39.5
MAR09473,-1.0,-1.0,-1.0,-1.0
MAR09474,153.6,282.8,324.09999999999997,84.60000000000001
MAR09475,-1.0,-1.0,-1.0,-1.0
MAR09476,1.9,9.2,1.7,10.7
MAR09477,-1.0,-1.0,-1.0,-1.0
MAR09478,-1.0,-1.0,-1.0,-1.0
MAR09479,-1.0,-1.0,-1.0,-1.0
MAR09480,-1.0,-1.0,-1.0,-1.0
MAR09481,-1.0,-1.0,-1.0,-1.0
MAR09482,-1.0,-1.0,-1.0,-1.0
MAR09483,-1.0,-1.0,-1.0,-1.0
MAR09484,15.6,86.1,42.1,65.4
MAR09485,-1.0,-1.0,-1.0,-1.0
MAR09487_f,200.20000000000002,116.79999999999998,203.0,162.4
MAR09488,1388.7,2965.7999999999997,1183.3999999999999,2710.7999999999997
MAR09489,-1.0,-1.0,-1.0,-1.0
MAR09490,736.9999999999997,645.5000000000003,875.9000000000002,779.1000000000001
MAR09491,3688.899999999999,4269.199999999997,4671.299999999999,5799.9
MAR09492_f,1906.0,2898.0,2968.5,3949.500000000001
MAR09493,25.3,3.1,181.1,16.9
MAR09494,-1.0,-1.0,-1.0,-1.0
MAR09495_f,299.40000000000003,178.29999999999998,312.80000000000007,228.5
MAR09496,-1.0,-1.0,-1.0,-1.0
MAR09497,23.3,52.2,25.0,116.9
MAR09498,77.8,107.6,560.9,330.9
MAR09499,35.0,3.1,9.4,14.7
MAR09500_f,83.6,58.4,113.9,74.0
MAR09501_f,-1.0,-1.0,-1.0,-1.0
MAR09502,7.8,6.1,13.4,8.2
MAR09503,-1.0,-1.0,-1.0,-1.0
MAR09504_f,35.0,92.2,95.1,270.8
MAR09505_f,-1.0,-1.0,-1.0,-1.0
MAR09506,15.6,24.6,15.6,34.0
MAR09507,-1.0,-1.0,-1.0,-1.0
MAR09508,-1.0,-1.0,-1.0,-1.0
MAR09509_f,44.7,79.9,46.2,71.2
MAR09510_f,-1.0,-1.0,-1.0,-1.0
MAR09511_f,11.7,3.1,8.5,8.5
MAR09512_f,91.4,132.1,503.0,223.5
MAR09513,153.6,224.3,135.7,399.3
MAR09514,23.299999999999997,40.0,268.0,278.3
MAR09515,38.9,3.1,25.1,22.7
MAR09516,25.2,12.299999999999999,21.7,20.0
MAR09517,361.7,52.3,187.7,165.29999999999998
MAR09518_f,52.5,79.89999999999999,36.1,87.30000000000001
MAR09519_f,19.5,15.299999999999999,29.900000000000002,38.4
MAR09520_f,7.8,24.6,6.8,53.2
MAR09521_f,11.7,27.7,18.7,25.8
MAR09522,91.4,95.3,118.5,238.89999999999998
MAR09523,11.7,3.1,8.0,6.8
MAR09524_f,-1.0,-1.0,-1.0,-1.0
MAR09525_f,-1.0,-1.0,-1.0,-1.0
MAR09527_f,-1.0,-1.0,-1.0,-1.0
MAR09528,5.8,3.1,13.5,5.0
MAR09529,-1.0,-1.0,-1.0,-1.0
MAR09530,13.6,3.1,21.9,15.0
MAR09531,5.8,24.6,25.8,33.1
MAR09532,103.1,24.6,63.099999999999994,43.7
MAR09534,3.9,9.2,9.8,5.6
MAR09535_f,23.3,64.5,47.5,90.9
MAR09536,54.5,18.4,0.3,7.5
MAR09537,11.7,12.3,23.0,41.0
MAR09538_f,56.4,264.3,222.5,640.8000000000001
MAR09539,93.4,67.6,767.1,177.6
MAR09540,-1.0,-1.0,-1.0,-1.0
MAR09541_f,15.6,18.4,26.0,38.1
MAR09542_f,46.7,3.1,1.6,35.2
MAR09543,25.3,3.1,0.7,12.6
MAR09544_f,17.5,55.3,109.4,522.5
MAR09545,-1.0,-1.0,-1.0,-1.0
MAR09546,13.6,18.4,13.2,65.8
MAR09547_f,19.4,6.1,8.1,12.0
MAR09548_f,-1.0,-1.0,-1.0,-1.0
MAR09549_f,7.8,18.4,27.1,32.6
MAR09550_f,9.7,3.1,17.2,24.9
MAR09551,-1.0,-1.0,-1.0,-1.0
MAR09552,103.1,285.9,80.30000000000001,73.0
MAR09553,29.2,6.1,50.6,7.9
MAR09801_f,5.8,15.4,6.9,30.7
MAR09807,21.4,9.2,27.2,38.9
MAR09554,-1.0,-1.0,-1.0,-1.0
MAR09555,5.8,18.4,78.9,281.4
MAR09556,3.9,3.1,0.9,14.1
MAR09557,-1.0,-1.0,-1.0,-1.0
MAR09558,42.8,40.0,36.3,31.3
MAR09559,15.6,6.1,33.6,19.9
MAR09560,15.6,61.5,163.4,111.6
MAR09561,-1.0,-1.0,-1.0,-1.0
MAR09562,-1.0,-1.0,-1.0,-1.0
MAR09563,192.5,362.70000000000005,1478.0,1356.0
MAR09564,124.4,245.9,1184.1000000000001,1091.9
MAR09565,25.3,95.3,20.4,90.1
MAR09566,155.5,402.6,938.1,899.0
MAR09567,25.3,95.3,20.4,90.1
MAR09568,155.5,402.6,938.1,899.0
MAR09570,15.6,86.1,42.1,65.4
MAR09571,-1.0,-1.0,-1.0,-1.0
MAR09572,-1.0,-1.0,-1.0,-1.0
MAR09573,151.7,79.89999999999999,572.8,1026.1
MAR09574,151.7,79.89999999999999,572.8,1026.1
MAR09575,-1.0,-1.0,-1.0,-1.0
MAR09580,15.6,6.1,8.8,2.7
MAR09581_f,1.9,3.1,53.6,1.7
MAR09582,1.9,3.1,36.9,38.7
MAR09583_f,-1.0,-1.0,-1.0,-1.0
MAR09584,1.9,3.1,36.9,38.7
MAR09585,19.4,3.1,148.9,69.9
MAR09586,-1.0,-1.0,-1.0,-1.0
MAR09587,3.9,3.1,89.6,17.0
MAR09588,-1.0,-1.0,-1.0,-1.0
MAR09798,-1.0,-1.0,-1.0,-1.0
MAR09806,478.5,76.8,1776.1,323.2
MAR00010,79.8,132.2,167.6,92.0
MAR00011,-1.0,-1.0,-1.0,-1.0
MAR00012,-1.0,-1.0,-1.0,-1.0
MAR00013,-1.0,-1.0,-1.0,-1.0
MAR00014,-1.0,-1.0,-1.0,-1.0
MAR00477,-1.0,-1.0,-1.0,-1.0
MAR00545,-1.0,-1.0,-1.0,-1.0
MAR00546,-1.0,-1.0,-1.0,-1.0
MAR00547,-1.0,-1.0,-1.0,-1.0
MAR00548,-1.0,-1.0,-1.0,-1.0
MAR00549,-1.0,-1.0,-1.0,-1.0
MAR00550,-1.0,-1.0,-1.0,-1.0
MAR00551,-1.0,-1.0,-1.0,-1.0
MAR00552,-1.0,-1.0,-1.0,-1.0
MAR00553,-1.0,-1.0,-1.0,-1.0
MAR00555,-1.0,-1.0,-1.0,-1.0
MAR00556,-1.0,-1.0,-1.0,-1.0
MAR00557,-1.0,-1.0,-1.0,-1.0
MAR00558,-1.0,-1.0,-1.0,-1.0
MAR00559,-1.0,-1.0,-1.0,-1.0
MAR00560,-1.0,-1.0,-1.0,-1.0
MAR00561,-1.0,-1.0,-1.0,-1.0
MAR00685,-1.0,-1.0,-1.0,-1.0
MAR00686,-1.0,-1.0,-1.0,-1.0
MAR00687,-1.0,-1.0,-1.0,-1.0
MAR00688_f,-1.0,-1.0,-1.0,-1.0
MAR00689,-1.0,-1.0,-1.0,-1.0
MAR00690,-1.0,-1.0,-1.0,-1.0
MAR00691,-1.0,-1.0,-1.0,-1.0
MAR00692_f,-1.0,-1.0,-1.0,-1.0
MAR01185,-1.0,-1.0,-1.0,-1.0
MAR01227,-1.0,-1.0,-1.0,-1.0
MAR05233,-1.0,-1.0,-1.0,-1.0
MAR05234,-1.0,-1.0,-1.0,-1.0
MAR05238,-1.0,-1.0,-1.0,-1.0
MAR05239,-1.0,-1.0,-1.0,-1.0
MAR05243,-1.0,-1.0,-1.0,-1.0
MAR05244,-1.0,-1.0,-1.0,-1.0
MAR05247,-1.0,-1.0,-1.0,-1.0
MAR05257,-1.0,-1.0,-1.0,-1.0
MAR09022,-1.0,-1.0,-1.0,-1.0
MAR00004,-1.0,-1.0,-1.0,-1.0
MAR00006,122.6,153.7,682.8000000000001,151.9
MAR00007,-1.0,-1.0,-1.0,-1.0
MAR00008,-1.0,-1.0,-1.0,-1.0
MAR00009,-1.0,-1.0,-1.0,-1.0
MAR00015,-1.0,-1.0,-1.0,-1.0
MAR00016,-1.0,-1.0,-1.0,-1.0
MAR00017,-1.0,-1.0,-1.0,-1.0
MAR00018_f,-1.0,-1.0,-1.0,-1.0
MAR00019,3.9,6.1,148.8,2.7
MAR00155_f,93.3,565.5,8558.3,2410.2999999999997
MAR00164_f,93.3,565.5,8558.3,2410.2999999999997
MAR00167_f,93.3,565.5,8558.3,2410.2999999999997
MAR00170_f,93.3,565.5,8558.3,2410.2999999999997
MAR00173_f,93.3,565.5,8558.3,2410.2999999999997
MAR00176_f,93.3,565.5,8558.3,2410.2999999999997
MAR00179_f,93.3,565.5,8558.3,2410.2999999999997
MAR00183_f,93.3,565.5,8558.3,2410.2999999999997
MAR00187,93.3,565.5,8558.3,2410.2999999999997
MAR00190,229.50000000000003,375.0,231.29999999999998,465.2
MAR00191,93.3,565.5,8558.3,2410.2999999999997
MAR00194,-1.0,-1.0,-1.0,-1.0
MAR00195,93.3,565.5,8558.3,2410.2999999999997
MAR00198,-1.0,-1.0,-1.0,-1.0
MAR00199,93.3,565.5,8558.3,2410.2999999999997
MAR00202,-1.0,-1.0,-1.0,-1.0
MAR00203,93.3,565.5,8558.3,2410.2999999999997
MAR00207,-1.0,-1.0,-1.0,-1.0
MAR00208,93.3,565.5,8558.3,2410.2999999999997
MAR00211,-1.0,-1.0,-1.0,-1.0
MAR00212,93.3,565.5,8558.3,2410.2999999999997
MAR00215,-1.0,-1.0,-1.0,-1.0
MAR00216,93.3,565.5,8558.3,2410.2999999999997
MAR00224,-1.0,-1.0,-1.0,-1.0
MAR00225,93.3,565.5,8558.3,2410.2999999999997
MAR00231,-1.0,-1.0,-1.0,-1.0
MAR00232,93.3,565.5,8558.3,2410.2999999999997
MAR00235,-1.0,-1.0,-1.0,-1.0
MAR00236,93.3,565.5,8558.3,2410.2999999999997
MAR00239,-1.0,-1.0,-1.0,-1.0
MAR00240,93.3,565.5,8558.3,2410.2999999999997
MAR00243,-1.0,-1.0,-1.0,-1.0
MAR00244,93.3,565.5,8558.3,2410.2999999999997
MAR00247,-1.0,-1.0,-1.0,-1.0
MAR00248,93.3,565.5,8558.3,2410.2999999999997
MAR00253,-1.0,-1.0,-1.0,-1.0
MAR00254,93.3,565.5,8558.3,2410.2999999999997
MAR00257,-1.0,-1.0,-1.0,-1.0
MAR00258,93.3,565.5,8558.3,2410.2999999999997
MAR00261,-1.0,-1.0,-1.0,-1.0
MAR00262,93.3,565.5,8558.3,2410.2999999999997
MAR00265,-1.0,-1.0,-1.0,-1.0
MAR00266,93.3,565.5,8558.3,2410.2999999999997
MAR00269,-1.0,-1.0,-1.0,-1.0
MAR00270,93.3,565.5,8558.3,2410.2999999999997
MAR00273,-1.0,-1.0,-1.0,-1.0
MAR00274,93.3,565.5,8558.3,2410.2999999999997
MAR00277,-1.0,-1.0,-1.0,-1.0
MAR00278,93.3,565.5,8558.3,2410.2999999999997
MAR00281,-1.0,-1.0,-1.0,-1.0
MAR00282,93.3,565.5,8558.3,2410.2999999999997
MAR00287,-1.0,-1.0,-1.0,-1.0
MAR00288,93.3,565.5,8558.3,2410.2999999999997
MAR00291,-1.0,-1.0,-1.0,-1.0
MAR00292,93.3,565.5,8558.3,2410.2999999999997
MAR00295,-1.0,-1.0,-1.0,-1.0
MAR00296,93.3,565.5,8558.3,2410.2999999999997
MAR00299,-1.0,-1.0,-1.0,-1.0
MAR00300,93.3,565.5,8558.3,2410.2999999999997
MAR00303,-1.0,-1.0,-1.0,-1.0
MAR00304,93.3,565.5,8558.3,2410.2999999999997
MAR00307,-1.0,-1.0,-1.0,-1.0
MAR00308,93.3,565.5,8558.3,2410.2999999999997
MAR00311,-1.0,-1.0,-1.0,-1.0
MAR00312,93.3,565.5,8558.3,2410.2999999999997
MAR00317,-1.0,-1.0,-1.0,-1.0
MAR00318,93.3,565.5,8558.3,2410.2999999999997
MAR00321,-1.0,-1.0,-1.0,-1.0
MAR00322,93.3,565.5,8558.3,2410.2999999999997
MAR00325,-1.0,-1.0,-1.0,-1.0
MAR00326,93.3,565.5,8558.3,2410.2999999999997
MAR00329,-1.0,-1.0,-1.0,-1.0
MAR00330,93.3,565.5,8558.3,2410.2999999999997
MAR00335,-1.0,-1.0,-1.0,-1.0
MAR00336,93.3,565.5,8558.3,2410.2999999999997
MAR00339,-1.0,-1.0,-1.0,-1.0
MAR00340,93.3,565.5,8558.3,2410.2999999999997
MAR00343,-1.0,-1.0,-1.0,-1.0
MAR00344,93.3,565.5,8558.3,2410.2999999999997
MAR00347,-1.0,-1.0,-1.0,-1.0
MAR00348,93.3,565.5,8558.3,2410.2999999999997
MAR00351,-1.0,-1.0,-1.0,-1.0
MAR00352,93.3,565.5,8558.3,2410.2999999999997
MAR00355,-1.0,-1.0,-1.0,-1.0
MAR00356,93.3,565.5,8558.3,2410.2999999999997
MAR00359,-1.0,-1.0,-1.0,-1.0
MAR00360,93.3,565.5,8558.3,2410.2999999999997
MAR00363,-1.0,-1.0,-1.0,-1.0
MAR00364,93.3,565.5,8558.3,2410.2999999999997
MAR00367,-1.0,-1.0,-1.0,-1.0
MAR00368,93.3,565.5,8558.3,2410.2999999999997
MAR00371,-1.0,-1.0,-1.0,-1.0
MAR00372,93.3,565.5,8558.3,2410.2999999999997
MAR00375,-1.0,-1.0,-1.0,-1.0
MAR00376,93.3,565.5,8558.3,2410.2999999999997
MAR00379,-1.0,-1.0,-1.0,-1.0
MAR00380,93.3,565.5,8558.3,2410.2999999999997
MAR00383,-1.0,-1.0,-1.0,-1.0
MAR00384,93.3,565.5,8558.3,2410.2999999999997
MAR00387,-1.0,-1.0,-1.0,-1.0
MAR00388,93.3,565.5,8558.3,2410.2999999999997
MAR00391,-1.0,-1.0,-1.0,-1.0
MAR00392,93.3,565.5,8558.3,2410.2999999999997
MAR00395,-1.0,-1.0,-1.0,-1.0
MAR00396,93.3,565.5,8558.3,2410.2999999999997
MAR00399,-1.0,-1.0,-1.0,-1.0
MAR00400,93.3,565.5,8558.3,2410.2999999999997
MAR00403,-1.0,-1.0,-1.0,-1.0
MAR00404,93.3,565.5,8558.3,2410.2999999999997
MAR00407,-1.0,-1.0,-1.0,-1.0
MAR00408,93.3,565.5,8558.3,2410.2999999999997
MAR00411,-1.0,-1.0,-1.0,-1.0
MAR00412,93.3,565.5,8558.3,2410.2999999999997
MAR00415,-1.0,-1.0,-1.0,-1.0
MAR00416,93.3,565.5,8558.3,2410.2999999999997
MAR00419,-1.0,-1.0,-1.0,-1.0
MAR00420,93.3,565.5,8558.3,2410.2999999999997
MAR00423,-1.0,-1.0,-1.0,-1.0
MAR00424,93.3,565.5,8558.3,2410.2999999999997
MAR00427,-1.0,-1.0,-1.0,-1.0
MAR00428,93.3,565.5,8558.3,2410.2999999999997
MAR00431,-1.0,-1.0,-1.0,-1.0
MAR00432,93.3,565.5,8558.3,2410.2999999999997
MAR00435,-1.0,-1.0,-1.0,-1.0
MAR00436,93.3,565.5,8558.3,2410.2999999999997
MAR00439,-1.0,-1.0,-1.0,-1.0
MAR00440_f,-1.0,-1.0,-1.0,-1.0
MAR00444_f,-1.0,-1.0,-1.0,-1.0
MAR00469,-1.0,-1.0,-1.0,-1.0
MAR00470,-1.0,-1.0,-1.0,-1.0
MAR00476,-1.0,-1.0,-1.0,-1.0
MAR00770_f,38.9,159.8,15.0,40.2
MAR00782_f,-1.0,-1.0,-1.0,-1.0
MAR01082,-1.0,-1.0,-1.0,-1.0
MAR01086_f,-1.0,-1.0,-1.0,-1.0
MAR01898_f,-1.0,-1.0,-1.0,-1.0
MAR01899_f,-1.0,-1.0,-1.0,-1.0
MAR01900_f,-1.0,-1.0,-1.0,-1.0
MAR01901_f,-1.0,-1.0,-1.0,-1.0
MAR01902_f,-1.0,-1.0,-1.0,-1.0
MAR01903_f,-1.0,-1.0,-1.0,-1.0
MAR01904_f,-1.0,-1.0,-1.0,-1.0
MAR01905_f,-1.0,-1.0,-1.0,-1.0
MAR01906_f,-1.0,-1.0,-1.0,-1.0
MAR01907_f,-1.0,-1.0,-1.0,-1.0
MAR01908_f,-1.0,-1.0,-1.0,-1.0
MAR01909_f,-1.0,-1.0,-1.0,-1.0
MAR01910,-1.0,-1.0,-1.0,-1.0
MAR01911,25.3,3.1,1.2,0.9
MAR01913,-1.0,-1.0,-1.0,-1.0
MAR01914,33.1,3.1,1.5,4.3
MAR01919,11.7,3.1,0.1,0.6
MAR02013_f,-1.0,-1.0,-1.0,-1.0
MAR03858,118.6,15.299999999999999,10.6,2.4
MAR03916_f,-1.0,-1.0,-1.0,-1.0
MAR03951_f,-1.0,-1.0,-1.0,-1.0
MAR03959_f,-1.0,-1.0,-1.0,-1.0
MAR03964,-1.0,-1.0,-1.0,-1.0
MAR04062_f,-1.0,-1.0,-1.0,-1.0
MAR04063_f,-1.0,-1.0,-1.0,-1.0
MAR04249_f,-1.0,-1.0,-1.0,-1.0
MAR04321_f,9.7,9.2,25.6,83.6
MAR04432_f,-1.0,-1.0,-1.0,-1.0
MAR04433_f,-1.0,-1.0,-1.0,-1.0
MAR04434_f,-1.0,-1.0,-1.0,-1.0
MAR04435_f,-1.0,-1.0,-1.0,-1.0
MAR04436_f,-1.0,-1.0,-1.0,-1.0
MAR04691,17.5,6.1,18.7,245.5
MAR04721,-1.0,-1.0,-1.0,-1.0
MAR04844_f,11.7,6.1,175.2,5.5
MAR04845,5.8,3.1,34.9,80.3
MAR04847_f,15.6,6.1,0.8,0.4
MAR04848_f,15.6,6.1,0.8,0.4
MAR04849_f,-1.0,-1.0,-1.0,-1.0
MAR04858_f,27.2,12.2,23.0,12.0
MAR04861_f,-1.0,-1.0,-1.0,-1.0
MAR04873_f,-1.0,-1.0,-1.0,-1.0
MAR04875_f,-1.0,-1.0,-1.0,-1.0
MAR04882_f,15.6,6.1,0.8,0.4
MAR04885_f,42.699999999999996,15.4,2.1999999999999997,237.79999999999998
MAR04896_f,-1.0,-1.0,-1.0,-1.0
MAR04910,29.1,30.7,73.10000000000001,113.10000000000001
MAR04912,27.2,18.4,71.9,11.7
MAR04919_f,-1.0,-1.0,-1.0,-1.0
MAR04928,118.6,15.299999999999999,10.6,2.4
MAR04931,54.5,24.6,25.9,126.2
MAR04932,-1.0,-1.0,-1.0,-1.0
MAR04933,7.8,3.1,2.8,6.3
MAR04934,-1.0,-1.0,-1.0,-1.0
MAR04935,118.6,15.299999999999999,10.6,2.4
MAR04938,5.8,3.1,17.8,183.6
MAR04939,3.9,3.1,0.2,63.6
MAR04946,33.1,3.1,1.5,4.3
MAR04947_f,-1.0,-1.0,-1.0,-1.0
MAR04948_f,-1.0,-1.0,-1.0,-1.0
MAR04949_f,-1.0,-1.0,-1.0,-1.0
MAR04952,-1.0,-1.0,-1.0,-1.0
MAR04954_f,241.1,24.6,144.1,118.69999999999999
MAR04956,33.1,92.2,0.1,0.8
MAR04958_f,-1.0,-1.0,-1.0,-1.0
MAR04969_f,-1.0,-1.0,-1.0,-1.0
MAR04973_f,21.4,6.1,2.4,1.4
MAR04975,-1.0,-1.0,-1.0,-1.0
MAR04976,118.6,15.299999999999999,10.6,2.4
MAR04980_f,15.6,6.1,0.8,0.4
MAR04982_f,-1.0,-1.0,-1.0,-1.0
MAR04983,5.8,3.1,34.9,80.3
MAR04985_f,15.6,6.1,0.8,0.4
MAR04989_f,-1.0,-1.0,-1.0,-1.0
MAR04990_f,-1.0,-1.0,-1.0,-1.0
MAR04992_f,3.9,3.1,0.6,43.9
MAR04993_f,-1.0,-1.0,-1.0,-1.0
MAR04994_f,-1.0,-1.0,-1.0,-1.0
MAR04995,-1.0,-1.0,-1.0,-1.0
MAR04996,21.4,6.1,2.4,1.4
MAR04999_f,1.9,3.1,53.6,1.7
MAR05000_f,-1.0,-1.0,-1.0,-1.0
MAR05002_f,-1.0,-1.0,-1.0,-1.0
MAR05003_f,23.4,12.2,14.5,1.4
MAR05005,-1.0,-1.0,-1.0,-1.0
MAR05007,-1.0,-1.0,-1.0,-1.0
MAR05008_f,23.4,12.2,14.5,1.4
MAR05009_f,-1.0,-1.0,-1.0,-1.0
MAR05010_f,-1.0,-1.0,-1.0,-1.0
MAR05011_f,-1.0,-1.0,-1.0,-1.0
MAR05013_f,-1.0,-1.0,-1.0,-1.0
MAR05018,118.6,15.299999999999999,10.6,2.4
MAR05020,-1.0,-1.0,-1.0,-1.0
MAR05021,-1.0,-1.0,-1.0,-1.0
MAR05023_f,-1.0,-1.0,-1.0,-1.0
MAR05029_f,31.099999999999998,15.299999999999999,28.0,85.0
MAR05032_f,23.4,12.2,14.5,1.4
MAR05034_f,23.4,12.2,14.5,1.4
MAR05035_f,23.4,12.2,14.5,1.4
MAR05037_f,23.4,12.2,14.5,1.4
MAR05038,5.8,3.1,34.9,80.3
MAR05039,5.8,3.1,34.9,80.3
MAR05040,5.8,3.1,34.9,80.3
MAR05041,-1.0,-1.0,-1.0,-1.0
MAR05042_f,23.4,12.2,14.5,1.4
MAR05068,-1.0,-1.0,-1.0,-1.0
MAR05070_f,44.7,36.8,3.7,372.0
MAR05071,-1.0,-1.0,-1.0,-1.0
MAR05073,44.7,36.8,3.7,372.0
MAR05074_f,44.7,36.8,3.7,372.0
MAR05076,44.7,36.8,3.7,372.0
MAR05077,44.7,36.8,3.7,372.0
MAR05078_f,44.7,36.8,3.7,372.0
MAR05079,44.7,36.8,3.7,372.0
MAR05080_f,44.7,36.8,3.7,372.0
MAR05082_f,44.7,36.8,3.7,372.0
MAR05084,44.7,36.8,3.7,372.0
MAR05085_f,44.7,36.8,3.7,372.0
MAR05087,44.7,36.8,3.7,372.0
MAR05088,44.7,36.8,3.7,372.0
MAR05089_f,44.7,36.8,3.7,372.0
MAR05091,44.7,36.8,3.7,372.0
MAR05092_f,44.7,36.8,3.7,372.0
MAR05094,-1.0,-1.0,-1.0,-1.0
MAR05129,-1.0,-1.0,-1.0,-1.0
MAR05198_f,-1.0,-1.0,-1.0,-1.0
MAR05200_f,-1.0,-1.0,-1.0,-1.0
MAR05202_f,-1.0,-1.0,-1.0,-1.0
MAR05206_f,-1.0,-1.0,-1.0,-1.0
MAR05213_f,-1.0,-1.0,-1.0,-1.0
MAR05215_f,-1.0,-1.0,-1.0,-1.0
MAR05216_f,-1.0,-1.0,-1.0,-1.0
MAR05219_f,-1.0,-1.0,-1.0,-1.0
MAR05221_f,-1.0,-1.0,-1.0,-1.0
MAR05231_f,-1.0,-1.0,-1.0,-1.0
MAR05232,-1.0,-1.0,-1.0,-1.0
MAR05236,-1.0,-1.0,-1.0,-1.0
MAR05237,-1.0,-1.0,-1.0,-1.0
MAR05240,-1.0,-1.0,-1.0,-1.0
MAR05241,-1.0,-1.0,-1.0,-1.0
MAR05246,-1.0,-1.0,-1.0,-1.0
MAR05296_f,-1.0,-1.0,-1.0,-1.0
MAR05303_f,-1.0,-1.0,-1.0,-1.0
MAR05305,266.4,12.299999999999999,220.0,44.7
MAR05307,-1.0,-1.0,-1.0,-1.0
MAR05308,266.4,12.299999999999999,220.0,44.7
MAR05311,258.6,9.2,219.5,24.8
MAR05313,-1.0,-1.0,-1.0,-1.0
MAR05314,-1.0,-1.0,-1.0,-1.0
MAR05315,313.1,33.8,245.4,151.0
MAR05316,-1.0,-1.0,-1.0,-1.0
MAR05317,-1.0,-1.0,-1.0,-1.0
MAR05318,-1.0,-1.0,-1.0,-1.0
MAR05319,258.6,9.2,219.5,24.8
MAR05320,258.6,9.2,219.5,24.8
MAR05322,258.6,9.2,219.5,24.8
MAR05324,258.6,9.2,219.5,24.8
MAR05326,258.6,9.2,219.5,24.8
MAR05328,-1.0,-1.0,-1.0,-1.0
MAR05330,-1.0,-1.0,-1.0,-1.0
MAR05332,-1.0,-1.0,-1.0,-1.0
MAR05333,66.1,3.1,215.6,24.1
MAR05335,-1.0,-1.0,-1.0,-1.0
MAR05429,5624.800000000001,29044.000000000007,56.0,28027.699999999993
MAR05430,-1.0,-1.0,-1.0,-1.0
MAR05432,60.3,15.4,4.0,8.4
MAR05433,-1.0,-1.0,-1.0,-1.0
MAR05435,-1.0,-1.0,-1.0,-1.0
MAR05436,-1.0,-1.0,-1.0,-1.0
MAR05437,-1.0,-1.0,-1.0,-1.0
MAR05438,-1.0,-1.0,-1.0,-1.0
MAR05439,-1.0,-1.0,-1.0,-1.0
MAR05440,-1.0,-1.0,-1.0,-1.0
MAR05441_f,-1.0,-1.0,-1.0,-1.0
MAR05442,33.1,6.1,3.0,5.1
MAR05443,33.1,6.1,3.0,5.1
MAR05444,33.1,6.1,3.0,5.1
MAR05445,33.1,6.1,3.0,5.1
MAR05446,-1.0,-1.0,-1.0,-1.0
MAR05447,-1.0,-1.0,-1.0,-1.0
MAR05448,19.4,12.3,29.0,173.2
MAR05450,3.9,3.1,0.2,113.0
MAR05451,-1.0,-1.0,-1.0,-1.0
MAR05454,-1.0,-1.0,-1.0,-1.0
MAR05455,-1.0,-1.0,-1.0,-1.0
MAR05457,-1.0,-1.0,-1.0,-1.0
MAR05458_f,54.5,24.6,25.9,126.2
MAR05459_f,-1.0,-1.0,-1.0,-1.0
MAR05460_f,54.5,24.6,25.9,126.2
MAR05461_f,-1.0,-1.0,-1.0,-1.0
MAR05462_f,-1.0,-1.0,-1.0,-1.0
MAR05463_f,-1.0,-1.0,-1.0,-1.0
MAR05464_f,-1.0,-1.0,-1.0,-1.0
MAR05465_f,13.6,9.2,1.5,87.8
MAR05466_f,-1.0,-1.0,-1.0,-1.0
MAR05467_f,-1.0,-1.0,-1.0,-1.0
MAR05468_f,-1.0,-1.0,-1.0,-1.0
MAR05469_f,-1.0,-1.0,-1.0,-1.0
MAR05470_f,54.5,24.6,25.9,126.2
MAR05471_f,-1.0,-1.0,-1.0,-1.0
MAR05472_f,-1.0,-1.0,-1.0,-1.0
MAR05473_f,54.5,24.6,25.9,126.2
MAR05474_f,-1.0,-1.0,-1.0,-1.0
MAR05475_f,-1.0,-1.0,-1.0,-1.0
MAR05476_f,-1.0,-1.0,-1.0,-1.0
MAR05477_f,-1.0,-1.0,-1.0,-1.0
MAR05478_f,-1.0,-1.0,-1.0,-1.0
MAR05479_f,-1.0,-1.0,-1.0,-1.0
MAR05480_f,-1.0,-1.0,-1.0,-1.0
MAR05481_f,-1.0,-1.0,-1.0,-1.0
MAR05482_f,-1.0,-1.0,-1.0,-1.0
MAR05483_f,-1.0,-1.0,-1.0,-1.0
MAR05484_f,-1.0,-1.0,-1.0,-1.0
MAR05485_f,-1.0,-1.0,-1.0,-1.0
MAR05486_f,-1.0,-1.0,-1.0,-1.0
MAR05487_f,54.5,24.6,25.9,126.2
MAR05488_f,-1.0,-1.0,-1.0,-1.0
MAR05489_f,-1.0,-1.0,-1.0,-1.0
MAR05490_f,-1.0,-1.0,-1.0,-1.0
MAR05491_f,-1.0,-1.0,-1.0,-1.0
MAR05492_f,109.0,49.2,51.8,252.4
MAR05493_f,-1.0,-1.0,-1.0,-1.0
MAR05494_f,-1.0,-1.0,-1.0,-1.0
MAR05495_f,-1.0,-1.0,-1.0,-1.0
MAR05496_f,-1.0,-1.0,-1.0,-1.0
MAR05497_f,54.5,24.6,25.9,126.2
MAR05498_f,-1.0,-1.0,-1.0,-1.0
MAR05499_f,-1.0,-1.0,-1.0,-1.0
MAR05500_f,-1.0,-1.0,-1.0,-1.0
MAR05501_f,-1.0,-1.0,-1.0,-1.0
MAR05502_f,-1.0,-1.0,-1.0,-1.0
MAR05503_f,-1.0,-1.0,-1.0,-1.0
MAR05504_f,-1.0,-1.0,-1.0,-1.0
MAR05505_f,-1.0,-1.0,-1.0,-1.0
MAR05506_f,-1.0,-1.0,-1.0,-1.0
MAR05507_f,-1.0,-1.0,-1.0,-1.0
MAR05508_f,-1.0,-1.0,-1.0,-1.0
MAR05509_f,-1.0,-1.0,-1.0,-1.0
MAR05510_f,-1.0,-1.0,-1.0,-1.0
MAR05511_f,-1.0,-1.0,-1.0,-1.0
MAR05512_f,-1.0,-1.0,-1.0,-1.0
MAR05513_f,-1.0,-1.0,-1.0,-1.0
MAR05514_f,-1.0,-1.0,-1.0,-1.0
MAR05515_f,-1.0,-1.0,-1.0,-1.0
MAR05516_f,54.5,24.6,25.9,126.2
MAR05517_f,-1.0,-1.0,-1.0,-1.0
MAR05518_f,-1.0,-1.0,-1.0,-1.0
MAR05519_f,-1.0,-1.0,-1.0,-1.0
MAR05520_f,-1.0,-1.0,-1.0,-1.0
MAR05521_f,-1.0,-1.0,-1.0,-1.0
MAR05522_f,-1.0,-1.0,-1.0,-1.0
MAR05523_f,-1.0,-1.0,-1.0,-1.0
MAR05524_f,-1.0,-1.0,-1.0,-1.0
MAR05525_f,-1.0,-1.0,-1.0,-1.0
MAR05526_f,-1.0,-1.0,-1.0,-1.0
MAR05527_f,-1.0,-1.0,-1.0,-1.0
MAR05528_f,-1.0,-1.0,-1.0,-1.0
MAR05529_f,-1.0,-1.0,-1.0,-1.0
MAR05530_f,-1.0,-1.0,-1.0,-1.0
MAR05531_f,-1.0,-1.0,-1.0,-1.0
MAR05532_f,-1.0,-1.0,-1.0,-1.0
MAR05533_f,-1.0,-1.0,-1.0,-1.0
MAR05534_f,-1.0,-1.0,-1.0,-1.0
MAR05535_f,-1.0,-1.0,-1.0,-1.0
MAR05536_f,-1.0,-1.0,-1.0,-1.0
MAR05537_f,-1.0,-1.0,-1.0,-1.0
MAR05538_f,-1.0,-1.0,-1.0,-1.0
MAR05539_f,-1.0,-1.0,-1.0,-1.0
MAR05540_f,-1.0,-1.0,-1.0,-1.0
MAR05541_f,-1.0,-1.0,-1.0,-1.0
MAR05542_f,-1.0,-1.0,-1.0,-1.0
MAR05543_f,-1.0,-1.0,-1.0,-1.0
MAR05544_f,-1.0,-1.0,-1.0,-1.0
MAR05545_f,-1.0,-1.0,-1.0,-1.0
MAR05546_f,-1.0,-1.0,-1.0,-1.0
MAR05547_f,-1.0,-1.0,-1.0,-1.0
MAR05548_f,-1.0,-1.0,-1.0,-1.0
MAR05549_f,-1.0,-1.0,-1.0,-1.0
MAR05550,33.1,15.4,3.5,221.2
MAR05551_f,-1.0,-1.0,-1.0,-1.0
MAR05552_f,-1.0,-1.0,-1.0,-1.0
MAR05553_f,-1.0,-1.0,-1.0,-1.0
MAR05554_f,-1.0,-1.0,-1.0,-1.0
MAR05555_f,-1.0,-1.0,-1.0,-1.0
MAR05556_f,-1.0,-1.0,-1.0,-1.0
MAR05557_f,-1.0,-1.0,-1.0,-1.0
MAR05558_f,-1.0,-1.0,-1.0,-1.0
MAR05559_f,-1.0,-1.0,-1.0,-1.0
MAR05560_f,-1.0,-1.0,-1.0,-1.0
MAR05561_f,-1.0,-1.0,-1.0,-1.0
MAR05562_f,-1.0,-1.0,-1.0,-1.0
MAR05563_f,-1.0,-1.0,-1.0,-1.0
MAR05564_f,-1.0,-1.0,-1.0,-1.0
MAR05565_f,-1.0,-1.0,-1.0,-1.0
MAR05566_f,-1.0,-1.0,-1.0,-1.0
MAR05567_f,-1.0,-1.0,-1.0,-1.0
MAR05568_f,-1.0,-1.0,-1.0,-1.0
MAR05569_f,-1.0,-1.0,-1.0,-1.0
MAR05570_f,-1.0,-1.0,-1.0,-1.0
MAR05571_f,-1.0,-1.0,-1.0,-1.0
MAR05572_f,-1.0,-1.0,-1.0,-1.0
MAR05573_f,-1.0,-1.0,-1.0,-1.0
MAR05574_f,-1.0,-1.0,-1.0,-1.0
MAR05575_f,-1.0,-1.0,-1.0,-1.0
MAR05576_f,-1.0,-1.0,-1.0,-1.0
MAR05577_f,-1.0,-1.0,-1.0,-1.0
MAR05578_f,54.5,24.6,25.9,126.2
MAR05579_f,-1.0,-1.0,-1.0,-1.0
MAR05580_f,-1.0,-1.0,-1.0,-1.0
MAR05581_f,-1.0,-1.0,-1.0,-1.0
MAR05582_f,-1.0,-1.0,-1.0,-1.0
MAR05583_f,-1.0,-1.0,-1.0,-1.0
MAR05584_f,-1.0,-1.0,-1.0,-1.0
MAR05585_f,-1.0,-1.0,-1.0,-1.0
MAR05586_f,-1.0,-1.0,-1.0,-1.0
MAR05587,-1.0,-1.0,-1.0,-1.0
MAR05588,-1.0,-1.0,-1.0,-1.0
MAR05589,-1.0,-1.0,-1.0,-1.0
MAR05590,-1.0,-1.0,-1.0,-1.0
MAR05591,-1.0,-1.0,-1.0,-1.0
MAR05592,-1.0,-1.0,-1.0,-1.0
MAR05593,-1.0,-1.0,-1.0,-1.0
MAR05594,-1.0,-1.0,-1.0,-1.0
MAR05595,-1.0,-1.0,-1.0,-1.0
MAR05596,-1.0,-1.0,-1.0,-1.0
MAR05597,-1.0,-1.0,-1.0,-1.0
MAR05598,-1.0,-1.0,-1.0,-1.0
MAR05599,-1.0,-1.0,-1.0,-1.0
MAR05600,-1.0,-1.0,-1.0,-1.0
MAR05601,-1.0,-1.0,-1.0,-1.0
MAR05602,-1.0,-1.0,-1.0,-1.0
MAR05603,7.8,3.1,0.5,19.9
MAR05604,7.8,3.1,0.5,19.9
MAR05605,-1.0,-1.0,-1.0,-1.0
MAR05606,-1.0,-1.0,-1.0,-1.0
MAR05607,-1.0,-1.0,-1.0,-1.0
MAR05608,-1.0,-1.0,-1.0,-1.0
MAR05609,7.8,3.1,0.5,19.9
MAR05610,-1.0,-1.0,-1.0,-1.0
MAR05611,-1.0,-1.0,-1.0,-1.0
MAR05612,7.8,3.1,0.5,19.9
MAR05613,-1.0,-1.0,-1.0,-1.0
MAR05614,7.8,3.1,0.5,19.9
MAR05615,-1.0,-1.0,-1.0,-1.0
MAR05616,-1.0,-1.0,-1.0,-1.0
MAR05617,-1.0,-1.0,-1.0,-1.0
MAR05618,7.8,3.1,0.5,19.9
MAR05619,7.8,3.1,0.5,19.9
MAR05620,-1.0,-1.0,-1.0,-1.0
MAR05621,-1.0,-1.0,-1.0,-1.0
MAR05622,-1.0,-1.0,-1.0,-1.0
MAR05623,-1.0,-1.0,-1.0,-1.0
MAR05624,7.8,3.1,0.5,19.9
MAR05625,-1.0,-1.0,-1.0,-1.0
MAR05626,-1.0,-1.0,-1.0,-1.0
MAR05627,7.8,3.1,0.5,19.9
MAR05628,-1.0,-1.0,-1.0,-1.0
MAR05629,7.8,3.1,0.5,19.9
MAR05630,-1.0,-1.0,-1.0,-1.0
MAR05631,-1.0,-1.0,-1.0,-1.0
MAR05632,-1.0,-1.0,-1.0,-1.0
MAR05633,7.8,3.1,0.5,19.9
MAR05634,7.8,3.1,0.5,19.9
MAR05635,-1.0,-1.0,-1.0,-1.0
MAR05636,-1.0,-1.0,-1.0,-1.0
MAR05637,-1.0,-1.0,-1.0,-1.0
MAR05638,-1.0,-1.0,-1.0,-1.0
MAR05639,7.8,3.1,0.5,19.9
MAR05640,-1.0,-1.0,-1.0,-1.0
MAR05641,-1.0,-1.0,-1.0,-1.0
MAR05642,7.8,3.1,0.5,19.9
MAR05643,-1.0,-1.0,-1.0,-1.0
MAR05644,7.8,3.1,0.5,19.9
MAR05645,-1.0,-1.0,-1.0,-1.0
MAR05646,-1.0,-1.0,-1.0,-1.0
MAR05647,-1.0,-1.0,-1.0,-1.0
MAR05648,-1.0,-1.0,-1.0,-1.0
MAR05649,-1.0,-1.0,-1.0,-1.0
MAR05650,-1.0,-1.0,-1.0,-1.0
MAR05651,-1.0,-1.0,-1.0,-1.0
MAR05652,-1.0,-1.0,-1.0,-1.0
MAR05653,-1.0,-1.0,-1.0,-1.0
MAR05654,-1.0,-1.0,-1.0,-1.0
MAR05655,-1.0,-1.0,-1.0,-1.0
MAR05656,-1.0,-1.0,-1.0,-1.0
MAR05657,-1.0,-1.0,-1.0,-1.0
MAR05658,-1.0,-1.0,-1.0,-1.0
MAR05659,-1.0,-1.0,-1.0,-1.0
MAR05660,-1.0,-1.0,-1.0,-1.0
MAR05661,-1.0,-1.0,-1.0,-1.0
MAR05662,-1.0,-1.0,-1.0,-1.0
MAR05663,-1.0,-1.0,-1.0,-1.0
MAR05664,-1.0,-1.0,-1.0,-1.0
MAR05665,-1.0,-1.0,-1.0,-1.0
MAR05666,-1.0,-1.0,-1.0,-1.0
MAR05667,-1.0,-1.0,-1.0,-1.0
MAR05668,-1.0,-1.0,-1.0,-1.0
MAR05669,-1.0,-1.0,-1.0,-1.0
MAR05670,-1.0,-1.0,-1.0,-1.0
MAR05671,-1.0,-1.0,-1.0,-1.0
MAR05672,-1.0,-1.0,-1.0,-1.0
MAR05673,-1.0,-1.0,-1.0,-1.0
MAR05674,-1.0,-1.0,-1.0,-1.0
MAR05675,-1.0,-1.0,-1.0,-1.0
MAR05676,-1.0,-1.0,-1.0,-1.0
MAR05677,-1.0,-1.0,-1.0,-1.0
MAR05678,-1.0,-1.0,-1.0,-1.0
MAR05679,-1.0,-1.0,-1.0,-1.0
MAR05680,-1.0,-1.0,-1.0,-1.0
MAR05681,-1.0,-1.0,-1.0,-1.0
MAR05682,-1.0,-1.0,-1.0,-1.0
MAR05683,-1.0,-1.0,-1.0,-1.0
MAR05684,-1.0,-1.0,-1.0,-1.0
MAR05685,-1.0,-1.0,-1.0,-1.0
MAR05686,-1.0,-1.0,-1.0,-1.0
MAR05687,-1.0,-1.0,-1.0,-1.0
MAR05688,-1.0,-1.0,-1.0,-1.0
MAR05689,-1.0,-1.0,-1.0,-1.0
MAR05690,-1.0,-1.0,-1.0,-1.0
MAR05691,-1.0,-1.0,-1.0,-1.0
MAR05692,-1.0,-1.0,-1.0,-1.0
MAR05693,-1.0,-1.0,-1.0,-1.0
MAR05694,-1.0,-1.0,-1.0,-1.0
MAR05695,-1.0,-1.0,-1.0,-1.0
MAR05696,-1.0,-1.0,-1.0,-1.0
MAR05697,-1.0,-1.0,-1.0,-1.0
MAR05698,-1.0,-1.0,-1.0,-1.0
MAR05699,-1.0,-1.0,-1.0,-1.0
MAR05700,-1.0,-1.0,-1.0,-1.0
MAR05701,-1.0,-1.0,-1.0,-1.0
MAR05702,-1.0,-1.0,-1.0,-1.0
MAR05703,-1.0,-1.0,-1.0,-1.0
MAR05704,-1.0,-1.0,-1.0,-1.0
MAR05705,-1.0,-1.0,-1.0,-1.0
MAR05706,-1.0,-1.0,-1.0,-1.0
MAR05707,-1.0,-1.0,-1.0,-1.0
MAR05708,7.8,3.1,0.5,19.9
MAR05709,7.8,3.1,0.5,19.9
MAR05710,7.8,3.1,0.5,19.9
MAR05711,-1.0,-1.0,-1.0,-1.0
MAR05712,-1.0,-1.0,-1.0,-1.0
MAR05713,-1.0,-1.0,-1.0,-1.0
MAR05714,-1.0,-1.0,-1.0,-1.0
MAR05715,-1.0,-1.0,-1.0,-1.0
MAR05716,-1.0,-1.0,-1.0,-1.0
MAR05717,7.8,3.1,0.5,19.9
MAR05718,-1.0,-1.0,-1.0,-1.0
MAR05719,7.8,3.1,0.5,19.9
MAR05720,-1.0,-1.0,-1.0,-1.0
MAR05721,-1.0,-1.0,-1.0,-1.0
MAR05722,-1.0,-1.0,-1.0,-1.0
MAR05723,-1.0,-1.0,-1.0,-1.0
MAR05724,-1.0,-1.0,-1.0,-1.0
MAR05725,-1.0,-1.0,-1.0,-1.0
MAR05726,-1.0,-1.0,-1.0,-1.0
MAR05727,-1.0,-1.0,-1.0,-1.0
MAR05728,-1.0,-1.0,-1.0,-1.0
MAR05729,-1.0,-1.0,-1.0,-1.0
MAR05730,-1.0,-1.0,-1.0,-1.0
MAR05731,-1.0,-1.0,-1.0,-1.0
MAR05732,-1.0,-1.0,-1.0,-1.0
MAR05733,-1.0,-1.0,-1.0,-1.0
MAR05734,-1.0,-1.0,-1.0,-1.0
MAR05735,-1.0,-1.0,-1.0,-1.0
MAR05736,-1.0,-1.0,-1.0,-1.0
MAR05737,-1.0,-1.0,-1.0,-1.0
MAR05738,-1.0,-1.0,-1.0,-1.0
MAR05739,-1.0,-1.0,-1.0,-1.0
MAR05740,-1.0,-1.0,-1.0,-1.0
MAR05741,-1.0,-1.0,-1.0,-1.0
MAR05742,-1.0,-1.0,-1.0,-1.0
MAR05743,-1.0,-1.0,-1.0,-1.0
MAR05744,-1.0,-1.0,-1.0,-1.0
MAR05745,-1.0,-1.0,-1.0,-1.0
MAR05746,-1.0,-1.0,-1.0,-1.0
MAR05747,-1.0,-1.0,-1.0,-1.0
MAR05748,-1.0,-1.0,-1.0,-1.0
MAR05749,-1.0,-1.0,-1.0,-1.0
MAR05750,-1.0,-1.0,-1.0,-1.0
MAR05751,-1.0,-1.0,-1.0,-1.0
MAR05752,-1.0,-1.0,-1.0,-1.0
MAR05753,7.8,3.1,0.5,19.9
MAR05754,7.8,3.1,0.5,19.9
MAR05755,7.8,3.1,0.5,19.9
MAR05756,-1.0,-1.0,-1.0,-1.0
MAR05757,-1.0,-1.0,-1.0,-1.0
MAR05758,-1.0,-1.0,-1.0,-1.0
MAR05759,-1.0,-1.0,-1.0,-1.0
MAR05760,7.8,3.1,0.5,19.9
MAR05761,-1.0,-1.0,-1.0,-1.0
MAR05762,-1.0,-1.0,-1.0,-1.0
MAR05763,-1.0,-1.0,-1.0,-1.0
MAR05764,7.8,3.1,0.5,19.9
MAR05765,-1.0,-1.0,-1.0,-1.0
MAR05766,-1.0,-1.0,-1.0,-1.0
MAR05767,-1.0,-1.0,-1.0,-1.0
MAR05768,-1.0,-1.0,-1.0,-1.0
MAR05769,-1.0,-1.0,-1.0,-1.0
MAR05770,-1.0,-1.0,-1.0,-1.0
MAR05771,-1.0,-1.0,-1.0,-1.0
MAR05772,-1.0,-1.0,-1.0,-1.0
MAR05773,-1.0,-1.0,-1.0,-1.0
MAR05774,-1.0,-1.0,-1.0,-1.0
MAR05775,-1.0,-1.0,-1.0,-1.0
MAR05776,-1.0,-1.0,-1.0,-1.0
MAR05777,-1.0,-1.0,-1.0,-1.0
MAR05778,-1.0,-1.0,-1.0,-1.0
MAR05779,-1.0,-1.0,-1.0,-1.0
MAR05780,-1.0,-1.0,-1.0,-1.0
MAR05781,-1.0,-1.0,-1.0,-1.0
MAR05782,-1.0,-1.0,-1.0,-1.0
MAR05783,7.8,3.1,0.5,19.9
MAR05784,7.8,3.1,0.5,19.9
MAR05785,7.8,3.1,0.5,19.9
MAR05786,-1.0,-1.0,-1.0,-1.0
MAR05787,-1.0,-1.0,-1.0,-1.0
MAR05788,-1.0,-1.0,-1.0,-1.0
MAR05789,-1.0,-1.0,-1.0,-1.0
MAR05790,7.8,3.1,0.5,19.9
MAR05791,-1.0,-1.0,-1.0,-1.0
MAR05792,-1.0,-1.0,-1.0,-1.0
MAR05793,7.8,3.1,0.5,19.9
MAR05794,-1.0,-1.0,-1.0,-1.0
MAR05795,-1.0,-1.0,-1.0,-1.0
MAR05796,-1.0,-1.0,-1.0,-1.0
MAR05797,-1.0,-1.0,-1.0,-1.0
MAR05798,-1.0,-1.0,-1.0,-1.0
MAR05799,-1.0,-1.0,-1.0,-1.0
MAR05800,-1.0,-1.0,-1.0,-1.0
MAR05801,-1.0,-1.0,-1.0,-1.0
MAR05802,-1.0,-1.0,-1.0,-1.0
MAR05803,-1.0,-1.0,-1.0,-1.0
MAR05804,-1.0,-1.0,-1.0,-1.0
MAR05805,-1.0,-1.0,-1.0,-1.0
MAR05806,-1.0,-1.0,-1.0,-1.0
MAR05807,-1.0,-1.0,-1.0,-1.0
MAR05808,-1.0,-1.0,-1.0,-1.0
MAR05809,-1.0,-1.0,-1.0,-1.0
MAR05810,-1.0,-1.0,-1.0,-1.0
MAR05811,-1.0,-1.0,-1.0,-1.0
MAR05812,-1.0,-1.0,-1.0,-1.0
MAR05813,-1.0,-1.0,-1.0,-1.0
MAR05814,-1.0,-1.0,-1.0,-1.0
MAR05815,-1.0,-1.0,-1.0,-1.0
MAR05816,-1.0,-1.0,-1.0,-1.0
MAR05817,-1.0,-1.0,-1.0,-1.0
MAR05818,-1.0,-1.0,-1.0,-1.0
MAR05819,-1.0,-1.0,-1.0,-1.0
MAR05820,-1.0,-1.0,-1.0,-1.0
MAR05821,-1.0,-1.0,-1.0,-1.0
MAR05822,-1.0,-1.0,-1.0,-1.0
MAR05823,-1.0,-1.0,-1.0,-1.0
MAR05824,-1.0,-1.0,-1.0,-1.0
MAR05825,-1.0,-1.0,-1.0,-1.0
MAR05826,-1.0,-1.0,-1.0,-1.0
MAR05827,-1.0,-1.0,-1.0,-1.0
MAR05828,-1.0,-1.0,-1.0,-1.0
MAR05829,-1.0,-1.0,-1.0,-1.0
MAR05830,-1.0,-1.0,-1.0,-1.0
MAR05831,-1.0,-1.0,-1.0,-1.0
MAR05832,-1.0,-1.0,-1.0,-1.0
MAR05833,-1.0,-1.0,-1.0,-1.0
MAR05834,-1.0,-1.0,-1.0,-1.0
MAR05835,-1.0,-1.0,-1.0,-1.0
MAR05836,-1.0,-1.0,-1.0,-1.0
MAR05837,-1.0,-1.0,-1.0,-1.0
MAR05838,-1.0,-1.0,-1.0,-1.0
MAR05839,-1.0,-1.0,-1.0,-1.0
MAR05840,-1.0,-1.0,-1.0,-1.0
MAR05841,-1.0,-1.0,-1.0,-1.0
MAR05842,37.0,33.8,5.0,485.7
MAR05843,-1.0,-1.0,-1.0,-1.0
MAR05844,-1.0,-1.0,-1.0,-1.0
MAR05845,-1.0,-1.0,-1.0,-1.0
MAR05846,-1.0,-1.0,-1.0,-1.0
MAR05847,-1.0,-1.0,-1.0,-1.0
MAR05848,-1.0,-1.0,-1.0,-1.0
MAR05849,-1.0,-1.0,-1.0,-1.0
MAR05850,-1.0,-1.0,-1.0,-1.0
MAR05851,-1.0,-1.0,-1.0,-1.0
MAR05852,-1.0,-1.0,-1.0,-1.0
MAR05853,-1.0,-1.0,-1.0,-1.0
MAR05854,-1.0,-1.0,-1.0,-1.0
MAR05855,-1.0,-1.0,-1.0,-1.0
MAR05856,-1.0,-1.0,-1.0,-1.0
MAR05857,-1.0,-1.0,-1.0,-1.0
MAR05858,-1.0,-1.0,-1.0,-1.0
MAR05859,-1.0,-1.0,-1.0,-1.0
MAR05860,-1.0,-1.0,-1.0,-1.0
MAR05861,-1.0,-1.0,-1.0,-1.0
MAR05862,-1.0,-1.0,-1.0,-1.0
MAR05863,-1.0,-1.0,-1.0,-1.0
MAR05864,-1.0,-1.0,-1.0,-1.0
MAR05865,-1.0,-1.0,-1.0,-1.0
MAR05866,-1.0,-1.0,-1.0,-1.0
MAR05867,-1.0,-1.0,-1.0,-1.0
MAR05868,-1.0,-1.0,-1.0,-1.0
MAR05869,-1.0,-1.0,-1.0,-1.0
MAR05870,-1.0,-1.0,-1.0,-1.0
MAR05871,-1.0,-1.0,-1.0,-1.0
MAR05872,-1.0,-1.0,-1.0,-1.0
MAR05873,58.4,43.0,27.4,390.7
MAR05874,-1.0,-1.0,-1.0,-1.0
MAR05875,-1.0,-1.0,-1.0,-1.0
MAR05876,-1.0,-1.0,-1.0,-1.0
MAR05877,-1.0,-1.0,-1.0,-1.0
MAR05878,-1.0,-1.0,-1.0,-1.0
MAR05879,-1.0,-1.0,-1.0,-1.0
MAR05880,-1.0,-1.0,-1.0,-1.0
MAR05881,-1.0,-1.0,-1.0,-1.0
MAR05882,-1.0,-1.0,-1.0,-1.0
MAR05883,-1.0,-1.0,-1.0,-1.0
MAR05884,-1.0,-1.0,-1.0,-1.0
MAR05885,-1.0,-1.0,-1.0,-1.0
MAR05886,-1.0,-1.0,-1.0,-1.0
MAR05887,-1.0,-1.0,-1.0,-1.0
MAR05888,-1.0,-1.0,-1.0,-1.0
MAR05889,-1.0,-1.0,-1.0,-1.0
MAR05890,-1.0,-1.0,-1.0,-1.0
MAR05891,-1.0,-1.0,-1.0,-1.0
MAR05892,-1.0,-1.0,-1.0,-1.0
MAR05893,-1.0,-1.0,-1.0,-1.0
MAR05894,-1.0,-1.0,-1.0,-1.0
MAR05895,-1.0,-1.0,-1.0,-1.0
MAR05896,-1.0,-1.0,-1.0,-1.0
MAR05897,-1.0,-1.0,-1.0,-1.0
MAR05898,-1.0,-1.0,-1.0,-1.0
MAR05899,-1.0,-1.0,-1.0,-1.0
MAR05900,-1.0,-1.0,-1.0,-1.0
MAR05901,-1.0,-1.0,-1.0,-1.0
MAR05902,-1.0,-1.0,-1.0,-1.0
MAR05903,-1.0,-1.0,-1.0,-1.0
MAR05904,-1.0,-1.0,-1.0,-1.0
MAR05905,-1.0,-1.0,-1.0,-1.0
MAR05906,-1.0,-1.0,-1.0,-1.0
MAR05907,33.1,15.4,3.5,221.2
MAR05908,33.1,15.4,3.5,221.2
MAR05909,33.1,15.4,3.5,221.2
MAR05910,33.1,15.4,3.5,221.2
MAR05911,33.1,15.4,3.5,221.2
MAR05912,33.1,15.4,3.5,221.2
MAR05913,33.1,15.4,3.5,221.2
MAR05914,33.1,15.4,3.5,221.2
MAR05915,33.1,15.4,3.5,221.2
MAR05916,33.1,15.4,3.5,221.2
MAR05917,33.1,15.4,3.5,221.2
MAR05918,33.1,15.4,3.5,221.2
MAR05919,33.1,15.4,3.5,221.2
MAR05920,33.1,15.4,3.5,221.2
MAR05921,33.1,15.4,3.5,221.2
MAR05922,33.1,15.4,3.5,221.2
MAR05923,33.1,15.4,3.5,221.2
MAR05924,33.1,15.4,3.5,221.2
MAR05925,33.1,15.4,3.5,221.2
MAR05926,33.1,15.4,3.5,221.2
MAR05927,33.1,15.4,3.5,221.2
MAR05928,33.1,15.4,3.5,221.2
MAR05929,33.1,15.4,3.5,221.2
MAR05930,33.1,15.4,3.5,221.2
MAR05931,33.1,15.4,3.5,221.2
MAR05932,33.1,15.4,3.5,221.2
MAR05933,33.1,15.4,3.5,221.2
MAR05934,33.1,15.4,3.5,221.2
MAR05935,33.1,15.4,3.5,221.2
MAR05936,33.1,15.4,3.5,221.2
MAR05937,33.1,15.4,3.5,221.2
MAR05938,33.1,15.4,3.5,221.2
MAR05939,33.1,15.4,3.5,221.2
MAR05940,33.1,15.4,3.5,221.2
MAR05941,33.1,15.4,3.5,221.2
MAR05942,33.1,15.4,3.5,221.2
MAR05943,33.1,15.4,3.5,221.2
MAR05944,33.1,15.4,3.5,221.2
MAR05945,33.1,15.4,3.5,221.2
MAR05946,33.1,15.4,3.5,221.2
MAR05947,33.1,15.4,3.5,221.2
MAR05948,33.1,15.4,3.5,221.2
MAR05949,33.1,15.4,3.5,221.2
MAR05950,33.1,15.4,3.5,221.2
MAR05951,33.1,15.4,3.5,221.2
MAR05952,33.1,15.4,3.5,221.2
MAR05953,33.1,15.4,3.5,221.2
MAR05954,33.1,15.4,3.5,221.2
MAR05955,33.1,15.4,3.5,221.2
MAR05956,33.1,15.4,3.5,221.2
MAR05957,33.1,15.4,3.5,221.2
MAR05958,33.1,15.4,3.5,221.2
MAR05959,33.1,15.4,3.5,221.2
MAR05960,33.1,15.4,3.5,221.2
MAR05961,33.1,15.4,3.5,221.2
MAR05962,33.1,15.4,3.5,221.2
MAR05963,33.1,15.4,3.5,221.2
MAR05964,33.1,15.4,3.5,221.2
MAR05965,33.1,15.4,3.5,221.2
MAR05966,33.1,15.4,3.5,221.2
MAR05967,33.1,15.4,3.5,221.2
MAR05968,33.1,15.4,3.5,221.2
MAR05969,33.1,15.4,3.5,221.2
MAR05970,33.1,15.4,3.5,221.2
MAR05971,33.1,15.4,3.5,221.2
MAR05972,33.1,15.4,3.5,221.2
MAR05973,33.1,15.4,3.5,221.2
MAR05974,33.1,15.4,3.5,221.2
MAR05975,33.1,15.4,3.5,221.2
MAR05976,33.1,15.4,3.5,221.2
MAR05977,33.1,15.4,3.5,221.2
MAR05978,33.1,15.4,3.5,221.2
MAR05979,33.1,15.4,3.5,221.2
MAR05980,33.1,15.4,3.5,221.2
MAR05981,33.1,15.4,3.5,221.2
MAR05982,33.1,15.4,3.5,221.2
MAR05983,33.1,15.4,3.5,221.2
MAR05984,33.1,15.4,3.5,221.2
MAR05985,33.1,15.4,3.5,221.2
MAR05986,33.1,15.4,3.5,221.2
MAR05987,79.69999999999999,70.7,281.8,167.9
MAR05989,95.29999999999998,73.7,209.0,387.1
MAR05990,3.9,3.1,6.6,14.2
MAR05992,5.8,3.1,17.8,183.6
MAR05993,-1.0,-1.0,-1.0,-1.0
MAR05994,3.9,3.1,0.2,63.6
MAR05995,3.9,3.1,0.2,63.6
MAR05996,5.8,3.1,17.8,183.6
MAR05997,-1.0,-1.0,-1.0,-1.0
MAR05998_f,118.6,15.299999999999999,10.6,2.4
MAR06000_f,118.6,15.299999999999999,10.6,2.4
MAR06001_f,118.6,15.299999999999999,10.6,2.4
MAR06002_f,118.6,15.299999999999999,10.6,2.4
MAR06003_f,118.6,15.299999999999999,10.6,2.4
MAR06004_f,118.6,15.299999999999999,10.6,2.4
MAR06005_f,118.6,15.299999999999999,10.6,2.4
MAR06006_f,118.6,15.299999999999999,10.6,2.4
MAR06007_f,118.6,15.299999999999999,10.6,2.4
MAR06008_f,118.6,15.299999999999999,10.6,2.4
MAR06009_f,118.6,15.299999999999999,10.6,2.4
MAR06010_f,118.6,15.299999999999999,10.6,2.4
MAR06011_f,118.6,15.299999999999999,10.6,2.4
MAR06012_f,118.6,15.299999999999999,10.6,2.4
MAR06013_f,118.6,15.299999999999999,10.6,2.4
MAR06014_f,118.6,15.299999999999999,10.6,2.4
MAR06015_f,118.6,15.299999999999999,10.6,2.4
MAR06016_f,118.6,15.299999999999999,10.6,2.4
MAR06017_f,118.6,15.299999999999999,10.6,2.4
MAR06018_f,118.6,15.299999999999999,10.6,2.4
MAR06019_f,118.6,15.299999999999999,10.6,2.4
MAR06020_f,118.6,15.299999999999999,10.6,2.4
MAR06021_f,118.6,15.299999999999999,10.6,2.4
MAR06022_f,118.6,15.299999999999999,10.6,2.4
MAR06023_f,118.6,15.299999999999999,10.6,2.4
MAR06024_f,118.6,15.299999999999999,10.6,2.4
MAR06025_f,118.6,15.299999999999999,10.6,2.4
MAR06026_f,118.6,15.299999999999999,10.6,2.4
MAR06027_f,118.6,15.299999999999999,10.6,2.4
MAR06028_f,118.6,15.299999999999999,10.6,2.4
MAR06029_f,118.6,15.299999999999999,10.6,2.4
MAR06030_f,118.6,15.299999999999999,10.6,2.4
MAR06031_f,118.6,15.299999999999999,10.6,2.4
MAR06032_f,118.6,15.299999999999999,10.6,2.4
MAR06033_f,118.6,15.299999999999999,10.6,2.4
MAR06034_f,118.6,15.299999999999999,10.6,2.4
MAR06035_f,118.6,15.299999999999999,10.6,2.4
MAR06036_f,118.6,15.299999999999999,10.6,2.4
MAR06037_f,118.6,15.299999999999999,10.6,2.4
MAR06038_f,118.6,15.299999999999999,10.6,2.4
MAR06039_f,118.6,15.299999999999999,10.6,2.4
MAR06040_f,118.6,15.299999999999999,10.6,2.4
MAR06041_f,118.6,15.299999999999999,10.6,2.4
MAR06042_f,118.6,15.299999999999999,10.6,2.4
MAR06043_f,118.6,15.299999999999999,10.6,2.4
MAR06044_f,118.6,15.299999999999999,10.6,2.4
MAR06045_f,118.6,15.299999999999999,10.6,2.4
MAR06046_f,118.6,15.299999999999999,10.6,2.4
MAR06047_f,118.6,15.299999999999999,10.6,2.4
MAR06048_f,118.6,15.299999999999999,10.6,2.4
MAR06049_f,118.6,15.299999999999999,10.6,2.4
MAR06050_f,118.6,15.299999999999999,10.6,2.4
MAR06051_f,118.6,15.299999999999999,10.6,2.4
MAR06052_f,118.6,15.299999999999999,10.6,2.4
MAR06053_f,118.6,15.299999999999999,10.6,2.4
MAR06054_f,118.6,15.299999999999999,10.6,2.4
MAR06055_f,42.8,3.1,1.9,0.3
MAR06056_f,-1.0,-1.0,-1.0,-1.0
MAR06057,-1.0,-1.0,-1.0,-1.0
MAR06058,-1.0,-1.0,-1.0,-1.0
MAR06059,1.9,3.1,10.6,3.2
MAR06060_f,-1.0,-1.0,-1.0,-1.0
MAR06061_f,-1.0,-1.0,-1.0,-1.0
MAR06062_f,-1.0,-1.0,-1.0,-1.0
MAR06063_f,-1.0,-1.0,-1.0,-1.0
MAR06064_f,-1.0,-1.0,-1.0,-1.0
MAR06065_f,-1.0,-1.0,-1.0,-1.0
MAR06066_f,-1.0,-1.0,-1.0,-1.0
MAR06067_f,-1.0,-1.0,-1.0,-1.0
MAR06068_f,-1.0,-1.0,-1.0,-1.0
MAR06069_f,-1.0,-1.0,-1.0,-1.0
MAR06070_f,-1.0,-1.0,-1.0,-1.0
MAR06071_f,-1.0,-1.0,-1.0,-1.0
MAR06072_f,-1.0,-1.0,-1.0,-1.0
MAR06073_f,-1.0,-1.0,-1.0,-1.0
MAR06074_f,-1.0,-1.0,-1.0,-1.0
MAR06075_f,-1.0,-1.0,-1.0,-1.0
MAR06076_f,-1.0,-1.0,-1.0,-1.0
MAR06077_f,-1.0,-1.0,-1.0,-1.0
MAR06078_f,-1.0,-1.0,-1.0,-1.0
MAR06079_f,-1.0,-1.0,-1.0,-1.0
MAR06080_f,-1.0,-1.0,-1.0,-1.0
MAR06081_f,-1.0,-1.0,-1.0,-1.0
MAR06082_f,-1.0,-1.0,-1.0,-1.0
MAR06083_f,-1.0,-1.0,-1.0,-1.0
MAR06084_f,-1.0,-1.0,-1.0,-1.0
MAR06085_f,-1.0,-1.0,-1.0,-1.0
MAR06086_f,-1.0,-1.0,-1.0,-1.0
MAR06087_f,-1.0,-1.0,-1.0,-1.0
MAR06088_f,-1.0,-1.0,-1.0,-1.0
MAR06089_f,-1.0,-1.0,-1.0,-1.0
MAR06090_f,-1.0,-1.0,-1.0,-1.0
MAR06091_f,-1.0,-1.0,-1.0,-1.0
MAR06092_f,-1.0,-1.0,-1.0,-1.0
MAR06093_f,-1.0,-1.0,-1.0,-1.0
MAR06094_f,-1.0,-1.0,-1.0,-1.0
MAR06095_f,-1.0,-1.0,-1.0,-1.0
MAR06096,-1.0,-1.0,-1.0,-1.0
MAR06097_f,-1.0,-1.0,-1.0,-1.0
MAR06098,-1.0,-1.0,-1.0,-1.0
MAR06099_f,-1.0,-1.0,-1.0,-1.0
MAR06100_f,-1.0,-1.0,-1.0,-1.0
MAR06101,42.8,3.1,1.9,0.3
MAR06102_f,-1.0,-1.0,-1.0,-1.0
MAR06103_f,-1.0,-1.0,-1.0,-1.0
MAR06104_f,-1.0,-1.0,-1.0,-1.0
MAR06105_f,-1.0,-1.0,-1.0,-1.0
MAR06106_f,-1.0,-1.0,-1.0,-1.0
MAR06107_f,-1.0,-1.0,-1.0,-1.0
MAR06108_f,-1.0,-1.0,-1.0,-1.0
MAR06109_f,-1.0,-1.0,-1.0,-1.0
MAR06110_f,-1.0,-1.0,-1.0,-1.0
MAR06111_f,-1.0,-1.0,-1.0,-1.0
MAR06112_f,-1.0,-1.0,-1.0,-1.0
MAR06113_f,-1.0,-1.0,-1.0,-1.0
MAR06114_f,-1.0,-1.0,-1.0,-1.0
MAR06115_f,-1.0,-1.0,-1.0,-1.0
MAR06116_f,-1.0,-1.0,-1.0,-1.0
MAR06117_f,-1.0,-1.0,-1.0,-1.0
MAR06118_f,-1.0,-1.0,-1.0,-1.0
MAR06119_f,-1.0,-1.0,-1.0,-1.0
MAR06120_f,-1.0,-1.0,-1.0,-1.0
MAR06121_f,-1.0,-1.0,-1.0,-1.0
MAR06122_f,-1.0,-1.0,-1.0,-1.0
MAR06123_f,-1.0,-1.0,-1.0,-1.0
MAR06124_f,-1.0,-1.0,-1.0,-1.0
MAR06125_f,-1.0,-1.0,-1.0,-1.0
MAR06126_f,-1.0,-1.0,-1.0,-1.0
MAR06127_f,-1.0,-1.0,-1.0,-1.0
MAR06128_f,-1.0,-1.0,-1.0,-1.0
MAR06129,42.8,3.1,1.9,0.3
MAR06130_f,-1.0,-1.0,-1.0,-1.0
MAR06131_f,-1.0,-1.0,-1.0,-1.0
MAR06132_f,-1.0,-1.0,-1.0,-1.0
MAR06133_f,-1.0,-1.0,-1.0,-1.0
MAR06134_f,-1.0,-1.0,-1.0,-1.0
MAR06135_f,-1.0,-1.0,-1.0,-1.0
MAR06136_f,-1.0,-1.0,-1.0,-1.0
MAR06137_f,-1.0,-1.0,-1.0,-1.0
MAR06138_f,-1.0,-1.0,-1.0,-1.0
MAR06139_f,-1.0,-1.0,-1.0,-1.0
MAR06140_f,-1.0,-1.0,-1.0,-1.0
MAR06141_f,-1.0,-1.0,-1.0,-1.0
MAR06145_f,-1.0,-1.0,-1.0,-1.0
MAR06146_f,-1.0,-1.0,-1.0,-1.0
MAR06147_f,-1.0,-1.0,-1.0,-1.0
MAR06148_f,-1.0,-1.0,-1.0,-1.0
MAR06149_f,-1.0,-1.0,-1.0,-1.0
MAR06150_f,-1.0,-1.0,-1.0,-1.0
MAR06151_f,-1.0,-1.0,-1.0,-1.0
MAR06152_f,-1.0,-1.0,-1.0,-1.0
MAR06153_f,-1.0,-1.0,-1.0,-1.0
MAR06154_f,-1.0,-1.0,-1.0,-1.0
MAR06155_f,-1.0,-1.0,-1.0,-1.0
MAR06156_f,-1.0,-1.0,-1.0,-1.0
MAR06157_f,-1.0,-1.0,-1.0,-1.0
MAR06158_f,-1.0,-1.0,-1.0,-1.0
MAR06159_f,-1.0,-1.0,-1.0,-1.0
MAR06160_f,-1.0,-1.0,-1.0,-1.0
MAR06161_f,-1.0,-1.0,-1.0,-1.0
MAR06162_f,-1.0,-1.0,-1.0,-1.0
MAR06163_f,-1.0,-1.0,-1.0,-1.0
MAR06164_f,-1.0,-1.0,-1.0,-1.0
MAR06165_f,-1.0,-1.0,-1.0,-1.0
MAR06166_f,-1.0,-1.0,-1.0,-1.0
MAR06167_f,-1.0,-1.0,-1.0,-1.0
MAR06168_f,-1.0,-1.0,-1.0,-1.0
MAR06169_f,-1.0,-1.0,-1.0,-1.0
MAR06170_f,-1.0,-1.0,-1.0,-1.0
MAR06171_f,-1.0,-1.0,-1.0,-1.0
MAR06172_f,-1.0,-1.0,-1.0,-1.0
MAR06173_f,-1.0,-1.0,-1.0,-1.0
MAR06174_f,-1.0,-1.0,-1.0,-1.0
MAR06175_f,-1.0,-1.0,-1.0,-1.0
MAR06176_f,-1.0,-1.0,-1.0,-1.0
MAR06177_f,-1.0,-1.0,-1.0,-1.0
MAR06178_f,-1.0,-1.0,-1.0,-1.0
MAR06179_f,-1.0,-1.0,-1.0,-1.0
MAR06180_f,-1.0,-1.0,-1.0,-1.0
MAR06181_f,-1.0,-1.0,-1.0,-1.0
MAR06182_f,-1.0,-1.0,-1.0,-1.0
MAR06183_f,-1.0,-1.0,-1.0,-1.0
MAR06184_f,-1.0,-1.0,-1.0,-1.0
MAR06185_f,-1.0,-1.0,-1.0,-1.0
MAR06186_f,-1.0,-1.0,-1.0,-1.0
MAR06187_f,-1.0,-1.0,-1.0,-1.0
MAR06188_f,-1.0,-1.0,-1.0,-1.0
MAR06189_f,-1.0,-1.0,-1.0,-1.0
MAR06190_f,-1.0,-1.0,-1.0,-1.0
MAR06191_f,-1.0,-1.0,-1.0,-1.0
MAR06192_f,-1.0,-1.0,-1.0,-1.0
MAR06193_f,-1.0,-1.0,-1.0,-1.0
MAR06194_f,-1.0,-1.0,-1.0,-1.0
MAR06195_f,-1.0,-1.0,-1.0,-1.0
MAR06196_f,-1.0,-1.0,-1.0,-1.0
MAR06197_f,-1.0,-1.0,-1.0,-1.0
MAR06198_f,-1.0,-1.0,-1.0,-1.0
MAR06199_f,-1.0,-1.0,-1.0,-1.0
MAR06200_f,-1.0,-1.0,-1.0,-1.0
MAR06201_f,-1.0,-1.0,-1.0,-1.0
MAR06202_f,-1.0,-1.0,-1.0,-1.0
MAR06203_f,-1.0,-1.0,-1.0,-1.0
MAR06204_f,-1.0,-1.0,-1.0,-1.0
MAR06205_f,-1.0,-1.0,-1.0,-1.0
MAR06206_f,-1.0,-1.0,-1.0,-1.0
MAR06207_f,-1.0,-1.0,-1.0,-1.0
MAR06208_f,-1.0,-1.0,-1.0,-1.0
MAR06209_f,-1.0,-1.0,-1.0,-1.0
MAR06210_f,-1.0,-1.0,-1.0,-1.0
MAR06211_f,-1.0,-1.0,-1.0,-1.0
MAR06212_f,-1.0,-1.0,-1.0,-1.0
MAR06213_f,-1.0,-1.0,-1.0,-1.0
MAR06214_f,-1.0,-1.0,-1.0,-1.0
MAR06215_f,-1.0,-1.0,-1.0,-1.0
MAR06216_f,-1.0,-1.0,-1.0,-1.0
MAR06217_f,-1.0,-1.0,-1.0,-1.0
MAR06218_f,-1.0,-1.0,-1.0,-1.0
MAR06219_f,-1.0,-1.0,-1.0,-1.0
MAR06221_f,-1.0,-1.0,-1.0,-1.0
MAR06222_f,-1.0,-1.0,-1.0,-1.0
MAR06223_f,-1.0,-1.0,-1.0,-1.0
MAR06224_f,-1.0,-1.0,-1.0,-1.0
MAR06225_f,-1.0,-1.0,-1.0,-1.0
MAR06226_f,-1.0,-1.0,-1.0,-1.0
MAR06227_f,-1.0,-1.0,-1.0,-1.0
MAR06228_f,-1.0,-1.0,-1.0,-1.0
MAR06229_f,-1.0,-1.0,-1.0,-1.0
MAR06230_f,-1.0,-1.0,-1.0,-1.0
MAR06231_f,-1.0,-1.0,-1.0,-1.0
MAR06232_f,-1.0,-1.0,-1.0,-1.0
MAR06233_f,-1.0,-1.0,-1.0,-1.0
MAR06234_f,-1.0,-1.0,-1.0,-1.0
MAR06235_f,-1.0,-1.0,-1.0,-1.0
MAR06236_f,-1.0,-1.0,-1.0,-1.0
MAR06237_f,-1.0,-1.0,-1.0,-1.0
MAR06238_f,-1.0,-1.0,-1.0,-1.0
MAR06239_f,-1.0,-1.0,-1.0,-1.0
MAR06240_f,-1.0,-1.0,-1.0,-1.0
MAR06241_f,1.9,3.1,53.6,1.7
MAR06242,-1.0,-1.0,-1.0,-1.0
MAR06243_f,1.9,3.1,53.6,1.7
MAR06244,-1.0,-1.0,-1.0,-1.0
MAR06245_f,1.9,3.1,53.6,1.7
MAR06246,44.699999999999996,6.2,55.5,2.0
MAR06247,1.9,3.1,53.6,1.7
MAR06248,-1.0,-1.0,-1.0,-1.0
MAR06249,-1.0,-1.0,-1.0,-1.0
MAR06250_f,-1.0,-1.0,-1.0,-1.0
MAR06251_f,-1.0,-1.0,-1.0,-1.0
MAR06253_f,-1.0,-1.0,-1.0,-1.0
MAR06254_f,-1.0,-1.0,-1.0,-1.0
MAR06255_f,-1.0,-1.0,-1.0,-1.0
MAR06256_f,-1.0,-1.0,-1.0,-1.0
MAR06257_f,-1.0,-1.0,-1.0,-1.0
MAR06258_f,-1.0,-1.0,-1.0,-1.0
MAR06259_f,-1.0,-1.0,-1.0,-1.0
MAR06260_f,-1.0,-1.0,-1.0,-1.0
MAR06261_f,-1.0,-1.0,-1.0,-1.0
MAR06262_f,-1.0,-1.0,-1.0,-1.0
MAR06263_f,-1.0,-1.0,-1.0,-1.0
MAR06264_f,-1.0,-1.0,-1.0,-1.0
MAR06265_f,-1.0,-1.0,-1.0,-1.0
MAR06266,-1.0,-1.0,-1.0,-1.0
MAR06267_f,-1.0,-1.0,-1.0,-1.0
MAR06268,42.8,3.1,1.9,0.3
MAR06269_f,-1.0,-1.0,-1.0,-1.0
MAR06270_f,-1.0,-1.0,-1.0,-1.0
MAR06271_f,-1.0,-1.0,-1.0,-1.0
MAR06272_f,-1.0,-1.0,-1.0,-1.0
MAR06273_f,-1.0,-1.0,-1.0,-1.0
MAR06274_f,-1.0,-1.0,-1.0,-1.0
MAR06275,-1.0,-1.0,-1.0,-1.0
MAR06351,5.8,3.1,34.9,80.3
MAR06352,5.8,3.1,34.9,80.3
MAR06353,-1.0,-1.0,-1.0,-1.0
MAR06354,-1.0,-1.0,-1.0,-1.0
MAR06355,-1.0,-1.0,-1.0,-1.0
MAR06356,-1.0,-1.0,-1.0,-1.0
MAR06357,-1.0,-1.0,-1.0,-1.0
MAR06358,-1.0,-1.0,-1.0,-1.0
MAR06359,-1.0,-1.0,-1.0,-1.0
MAR06360,-1.0,-1.0,-1.0,-1.0
MAR06361,-1.0,-1.0,-1.0,-1.0
MAR06362,-1.0,-1.0,-1.0,-1.0
MAR06363,-1.0,-1.0,-1.0,-1.0
MAR06364,-1.0,-1.0,-1.0,-1.0
MAR06365,-1.0,-1.0,-1.0,-1.0
MAR06366_f,23.4,12.2,14.5,1.4
MAR06367_f,23.4,12.2,14.5,1.4
MAR06368_f,23.4,12.2,14.5,1.4
MAR06369,23.4,12.2,14.5,1.4
MAR06370,-1.0,-1.0,-1.0,-1.0
MAR06371,27.2,21.5,7.2,16.1
MAR06372,27.2,21.5,7.2,16.1
MAR06373,27.2,21.5,7.2,16.1
MAR06374,27.2,21.5,7.2,16.1
MAR06375,258.6,9.2,219.5,24.8
MAR06377,7.8,3.1,0.5,19.9
MAR06379,-1.0,-1.0,-1.0,-1.0
MAR06380_f,-1.0,-1.0,-1.0,-1.0
MAR06381,258.6,9.2,219.5,24.8
MAR06382,258.6,9.2,219.5,24.8
MAR06383,-1.0,-1.0,-1.0,-1.0
MAR06384,66.1,3.1,215.6,24.1
MAR06392,-1.0,-1.0,-1.0,-1.0
MAR06406,-1.0,-1.0,-1.0,-1.0
MAR06424_f,-1.0,-1.0,-1.0,-1.0
MAR06439,-1.0,-1.0,-1.0,-1.0
MAR06462_f,-1.0,-1.0,-1.0,-1.0
MAR06474_f,3.9,6.1,148.8,2.7
MAR06505_f,-1.0,-1.0,-1.0,-1.0
MAR06512_f,363.8,796.1000000000001,445.2,1027.9
MAR06514_f,-1.0,-1.0,-1.0,-1.0
MAR06516_f,-1.0,-1.0,-1.0,-1.0
MAR06524,-1.0,-1.0,-1.0,-1.0
MAR06525,17.5,15.4,26.2,16.8
MAR06526,33.1,92.2,0.1,0.8
MAR06527,3.9,3.1,6.6,14.2
MAR06529,-1.0,-1.0,-1.0,-1.0
MAR06530,-1.0,-1.0,-1.0,-1.0
MAR06531,-1.0,-1.0,-1.0,-1.0
MAR06532,-1.0,-1.0,-1.0,-1.0
MAR06533,-1.0,-1.0,-1.0,-1.0
MAR06534,33.1,3.1,1.5,4.3
MAR06628,58.4,49.099999999999994,12487.3,603.2
MAR06732_f,1.9,3.1,53.6,1.7
MAR06733,-1.0,-1.0,-1.0,-1.0
MAR06989,-1.0,-1.0,-1.0,-1.0
MAR06991_f,-1.0,-1.0,-1.0,-1.0
MAR07109,-1.0,-1.0,-1.0,-1.0
MAR07111,-1.0,-1.0,-1.0,-1.0
MAR07113,-1.0,-1.0,-1.0,-1.0
MAR07115,-1.0,-1.0,-1.0,-1.0
MAR07117,-1.0,-1.0,-1.0,-1.0
MAR07119,-1.0,-1.0,-1.0,-1.0
MAR07121,-1.0,-1.0,-1.0,-1.0
MAR07123,-1.0,-1.0,-1.0,-1.0
MAR07125,-1.0,-1.0,-1.0,-1.0
MAR07127,-1.0,-1.0,-1.0,-1.0
MAR07173_f,-1.0,-1.0,-1.0,-1.0
MAR07184_f,-1.0,-1.0,-1.0,-1.0
MAR07223,-1.0,-1.0,-1.0,-1.0
MAR07253_f,-1.0,-1.0,-1.0,-1.0
MAR07372,-1.0,-1.0,-1.0,-1.0
MAR07453,-1.0,-1.0,-1.0,-1.0
MAR07482,-1.0,-1.0,-1.0,-1.0
MAR07499,15.6,6.1,0.8,0.4
MAR07511,-1.0,-1.0,-1.0,-1.0
MAR07523,-1.0,-1.0,-1.0,-1.0
MAR07539,-1.0,-1.0,-1.0,-1.0
MAR07555,-1.0,-1.0,-1.0,-1.0
MAR07568,-1.0,-1.0,-1.0,-1.0
MAR07569,-1.0,-1.0,-1.0,-1.0
MAR07579,-1.0,-1.0,-1.0,-1.0
MAR07583_f,-1.0,-1.0,-1.0,-1.0
MAR07608_f,-1.0,-1.0,-1.0,-1.0
MAR07609_f,-1.0,-1.0,-1.0,-1.0
MAR07629,87.5,6.2,131.7,34.5
MAR07630,-1.0,-1.0,-1.0,-1.0
MAR07631,-1.0,-1.0,-1.0,-1.0
MAR07632,-1.0,-1.0,-1.0,-1.0
MAR07633,-1.0,-1.0,-1.0,-1.0
MAR07634,-1.0,-1.0,-1.0,-1.0
MAR07635,-1.0,-1.0,-1.0,-1.0
MAR07636,-1.0,-1.0,-1.0,-1.0
MAR07637,-1.0,-1.0,-1.0,-1.0
MAR07639,-1.0,-1.0,-1.0,-1.0
MAR07643_f,54.5,24.6,25.9,126.2
MAR07644_f,54.5,24.6,25.9,126.2
MAR07645,-1.0,-1.0,-1.0,-1.0
MAR07650,-1.0,-1.0,-1.0,-1.0
MAR07651,-1.0,-1.0,-1.0,-1.0
MAR07660_f,-1.0,-1.0,-1.0,-1.0
MAR07666,-1.0,-1.0,-1.0,-1.0
MAR07667,-1.0,-1.0,-1.0,-1.0
MAR07679,-1.0,-1.0,-1.0,-1.0
MAR07680,9.7,6.1,0.1,1.7
MAR07681,-1.0,-1.0,-1.0,-1.0
MAR07682_f,-1.0,-1.0,-1.0,-1.0
MAR07683_f,-1.0,-1.0,-1.0,-1.0
MAR07684_f,-1.0,-1.0,-1.0,-1.0
MAR07685_f,-1.0,-1.0,-1.0,-1.0
MAR07686_f,-1.0,-1.0,-1.0,-1.0
MAR07687,-1.0,-1.0,-1.0,-1.0
MAR07690_f,-1.0,-1.0,-1.0,-1.0
MAR07691,33.1,6.1,3.0,5.1
MAR07692,33.1,6.1,3.0,5.1
MAR07699,-1.0,-1.0,-1.0,-1.0
MAR07700,-1.0,-1.0,-1.0,-1.0
MAR07734,-1.0,-1.0,-1.0,-1.0
MAR07735_f,-1.0,-1.0,-1.0,-1.0
MAR07736,-1.0,-1.0,-1.0,-1.0
MAR07737,-1.0,-1.0,-1.0,-1.0
MAR07738,-1.0,-1.0,-1.0,-1.0
MAR07739,-1.0,-1.0,-1.0,-1.0
MAR07774,-1.0,-1.0,-1.0,-1.0
MAR07781,-1.0,-1.0,-1.0,-1.0
MAR07787,-1.0,-1.0,-1.0,-1.0
MAR07798_f,-1.0,-1.0,-1.0,-1.0
MAR07896_f,-1.0,-1.0,-1.0,-1.0
MAR07898_f,-1.0,-1.0,-1.0,-1.0
MAR07900_f,-1.0,-1.0,-1.0,-1.0
MAR07901_f,-1.0,-1.0,-1.0,-1.0
MAR07902,33.1,3.1,1.5,4.3
MAR07903_f,-1.0,-1.0,-1.0,-1.0
MAR07904,-1.0,-1.0,-1.0,-1.0
MAR07905_f,-1.0,-1.0,-1.0,-1.0
MAR07906_f,-1.0,-1.0,-1.0,-1.0
MAR07946,-1.0,-1.0,-1.0,-1.0
MAR07951_f,-1.0,-1.0,-1.0,-1.0
MAR07961_f,-1.0,-1.0,-1.0,-1.0
MAR07964,-1.0,-1.0,-1.0,-1.0
MAR07967,-1.0,-1.0,-1.0,-1.0
MAR07975_f,-1.0,-1.0,-1.0,-1.0
MAR07977_f,-1.0,-1.0,-1.0,-1.0
MAR07979_f,-1.0,-1.0,-1.0,-1.0
MAR07982,-1.0,-1.0,-1.0,-1.0
MAR07986,-1.0,-1.0,-1.0,-1.0
MAR07990,-1.0,-1.0,-1.0,-1.0
MAR07994_f,-1.0,-1.0,-1.0,-1.0
MAR07997_f,-1.0,-1.0,-1.0,-1.0
MAR08002,-1.0,-1.0,-1.0,-1.0
MAR08007,-1.0,-1.0,-1.0,-1.0
MAR08010_f,-1.0,-1.0,-1.0,-1.0
MAR08015,-1.0,-1.0,-1.0,-1.0
MAR08023_f,-1.0,-1.0,-1.0,-1.0
MAR08031_f,-1.0,-1.0,-1.0,-1.0
MAR08033_f,-1.0,-1.0,-1.0,-1.0
MAR08035_f,-1.0,-1.0,-1.0,-1.0
MAR08039_f,-1.0,-1.0,-1.0,-1.0
MAR08041_f,-1.0,-1.0,-1.0,-1.0
MAR08042_f,-1.0,-1.0,-1.0,-1.0
MAR08044_f,-1.0,-1.0,-1.0,-1.0
MAR08045_f,-1.0,-1.0,-1.0,-1.0
MAR08047_f,-1.0,-1.0,-1.0,-1.0
MAR08048_f,-1.0,-1.0,-1.0,-1.0
MAR08050_f,-1.0,-1.0,-1.0,-1.0
MAR08051_f,-1.0,-1.0,-1.0,-1.0
MAR08053_f,-1.0,-1.0,-1.0,-1.0
MAR08054_f,-1.0,-1.0,-1.0,-1.0
MAR08056_f,-1.0,-1.0,-1.0,-1.0
MAR08057_f,-1.0,-1.0,-1.0,-1.0
MAR08061_f,-1.0,-1.0,-1.0,-1.0
MAR08073_f,-1.0,-1.0,-1.0,-1.0
MAR08075,35.0,6.1,9.6,0.4
MAR08076,79.69999999999999,27.700000000000003,33.0,181.6
MAR08077,79.69999999999999,27.700000000000003,33.0,181.6
MAR08079_f,-1.0,-1.0,-1.0,-1.0
MAR08080_f,-1.0,-1.0,-1.0,-1.0
MAR08081_f,-1.0,-1.0,-1.0,-1.0
MAR08090,-1.0,-1.0,-1.0,-1.0
MAR08095,-1.0,-1.0,-1.0,-1.0
MAR08100_f,-1.0,-1.0,-1.0,-1.0
MAR08101_f,-1.0,-1.0,-1.0,-1.0
MAR08103,-1.0,-1.0,-1.0,-1.0
MAR08104_f,-1.0,-1.0,-1.0,-1.0
MAR08154_f,-1.0,-1.0,-1.0,-1.0
MAR08158_f,-1.0,-1.0,-1.0,-1.0
MAR08161_f,-1.0,-1.0,-1.0,-1.0
MAR08164_f,-1.0,-1.0,-1.0,-1.0
MAR08214_f,-1.0,-1.0,-1.0,-1.0
MAR08223_f,-1.0,-1.0,-1.0,-1.0
MAR08225_f,-1.0,-1.0,-1.0,-1.0
MAR08229_f,-1.0,-1.0,-1.0,-1.0
MAR08231_f,-1.0,-1.0,-1.0,-1.0
MAR08240_f,-1.0,-1.0,-1.0,-1.0
MAR08247_f,-1.0,-1.0,-1.0,-1.0
MAR08253_f,-1.0,-1.0,-1.0,-1.0
MAR08266_f,-1.0,-1.0,-1.0,-1.0
MAR08270_f,-1.0,-1.0,-1.0,-1.0
MAR08273_f,-1.0,-1.0,-1.0,-1.0
MAR08283_f,-1.0,-1.0,-1.0,-1.0
MAR08290_f,-1.0,-1.0,-1.0,-1.0
MAR08297_f,-1.0,-1.0,-1.0,-1.0
MAR08300_f,-1.0,-1.0,-1.0,-1.0
MAR08304_f,-1.0,-1.0,-1.0,-1.0
MAR08311_f,-1.0,-1.0,-1.0,-1.0
MAR08313_f,-1.0,-1.0,-1.0,-1.0
MAR08315_f,-1.0,-1.0,-1.0,-1.0
MAR08321_f,-1.0,-1.0,-1.0,-1.0
MAR08324_f,-1.0,-1.0,-1.0,-1.0
MAR08329_f,-1.0,-1.0,-1.0,-1.0
MAR08336_f,-1.0,-1.0,-1.0,-1.0
MAR08339_f,-1.0,-1.0,-1.0,-1.0
MAR08340_f,-1.0,-1.0,-1.0,-1.0
MAR08343,-1.0,-1.0,-1.0,-1.0
MAR08354,-1.0,-1.0,-1.0,-1.0
MAR08364,35.0,6.1,9.6,0.4
MAR08374_f,-1.0,-1.0,-1.0,-1.0
MAR08408_f,-1.0,-1.0,-1.0,-1.0
MAR08420_f,-1.0,-1.0,-1.0,-1.0
MAR08429,3.9,3.1,0.6,43.9
MAR08515,-1.0,-1.0,-1.0,-1.0
MAR08520_f,-1.0,-1.0,-1.0,-1.0
MAR08536,-1.0,-1.0,-1.0,-1.0
MAR08551,-1.0,-1.0,-1.0,-1.0
MAR08567_f,-1.0,-1.0,-1.0,-1.0
MAR08586_f,-1.0,-1.0,-1.0,-1.0
MAR08593_f,-1.0,-1.0,-1.0,-1.0
MAR08595_f,-1.0,-1.0,-1.0,-1.0
MAR08597_f,-1.0,-1.0,-1.0,-1.0
MAR08599_f,-1.0,-1.0,-1.0,-1.0
MAR08600_f,-1.0,-1.0,-1.0,-1.0
MAR08602_f,-1.0,-1.0,-1.0,-1.0
MAR08612,-1.0,-1.0,-1.0,-1.0
MAR08618_f,-1.0,-1.0,-1.0,-1.0
MAR08629,-1.0,-1.0,-1.0,-1.0
MAR08631,-1.0,-1.0,-1.0,-1.0
MAR08632,-1.0,-1.0,-1.0,-1.0
MAR08633,-1.0,-1.0,-1.0,-1.0
MAR08635,-1.0,-1.0,-1.0,-1.0
MAR08636_f,15.6,6.1,0.8,0.4
MAR08656,-1.0,-1.0,-1.0,-1.0
MAR08658,-1.0,-1.0,-1.0,-1.0
MAR08659,-1.0,-1.0,-1.0,-1.0
MAR08660,-1.0,-1.0,-1.0,-1.0
MAR08670,-1.0,-1.0,-1.0,-1.0
MAR08671,-1.0,-1.0,-1.0,-1.0
MAR08676_f,-1.0,-1.0,-1.0,-1.0
MAR08677,-1.0,-1.0,-1.0,-1.0
MAR08678_f,-1.0,-1.0,-1.0,-1.0
MAR08679_f,-1.0,-1.0,-1.0,-1.0
MAR08686,-1.0,-1.0,-1.0,-1.0
MAR08687,33.1,15.4,3.5,221.2
MAR08696_f,-1.0,-1.0,-1.0,-1.0
MAR08714,-1.0,-1.0,-1.0,-1.0
MAR08718,-1.0,-1.0,-1.0,-1.0
MAR08720,-1.0,-1.0,-1.0,-1.0
MAR08721_f,-1.0,-1.0,-1.0,-1.0
MAR08723,-1.0,-1.0,-1.0,-1.0
MAR08730,-1.0,-1.0,-1.0,-1.0
MAR08732,-1.0,-1.0,-1.0,-1.0
MAR08733_f,54.5,24.6,25.9,126.2
MAR08734_f,54.5,24.6,25.9,126.2
MAR08735,-1.0,-1.0,-1.0,-1.0
MAR08736,-1.0,-1.0,-1.0,-1.0
MAR08760,-1.0,-1.0,-1.0,-1.0
MAR08797_f,-1.0,-1.0,-1.0,-1.0
MAR08798_f,-1.0,-1.0,-1.0,-1.0
MAR08846_f,21.4,6.1,2.4,1.4
MAR08847,-1.0,-1.0,-1.0,-1.0
MAR08849,-1.0,-1.0,-1.0,-1.0
MAR08850,-1.0,-1.0,-1.0,-1.0
MAR08852_f,-1.0,-1.0,-1.0,-1.0
MAR08853,-1.0,-1.0,-1.0,-1.0
MAR08854_f,-1.0,-1.0,-1.0,-1.0
MAR08861_f,-1.0,-1.0,-1.0,-1.0
MAR08863_f,-1.0,-1.0,-1.0,-1.0
MAR08864_f,-1.0,-1.0,-1.0,-1.0
MAR08865_f,-1.0,-1.0,-1.0,-1.0
MAR08866_f,-1.0,-1.0,-1.0,-1.0
MAR08867_f,-1.0,-1.0,-1.0,-1.0
MAR08869_f,-1.0,-1.0,-1.0,-1.0
MAR08870_f,-1.0,-1.0,-1.0,-1.0
MAR08872,-1.0,-1.0,-1.0,-1.0
MAR08873_f,-1.0,-1.0,-1.0,-1.0
MAR08876,-1.0,-1.0,-1.0,-1.0
MAR08877,-1.0,-1.0,-1.0,-1.0
MAR08878_f,-1.0,-1.0,-1.0,-1.0
MAR08879,-1.0,-1.0,-1.0,-1.0
MAR08881_f,-1.0,-1.0,-1.0,-1.0
MAR08883_f,-1.0,-1.0,-1.0,-1.0
MAR08884,-1.0,-1.0,-1.0,-1.0
MAR08889,-1.0,-1.0,-1.0,-1.0
MAR08892,-1.0,-1.0,-1.0,-1.0
MAR08893,-1.0,-1.0,-1.0,-1.0
MAR08896_f,-1.0,-1.0,-1.0,-1.0
MAR08898_f,-1.0,-1.0,-1.0,-1.0
MAR08899_f,-1.0,-1.0,-1.0,-1.0
MAR08901_f,-1.0,-1.0,-1.0,-1.0
MAR08903_f,-1.0,-1.0,-1.0,-1.0
MAR08905_f,-1.0,-1.0,-1.0,-1.0
MAR08907_f,-1.0,-1.0,-1.0,-1.0
MAR08911,124.5,15.4,14.7,7.3
MAR08912,124.5,15.4,14.7,7.3
MAR08913,-1.0,-1.0,-1.0,-1.0
MAR08917,-1.0,-1.0,-1.0,-1.0
MAR08922,-1.0,-1.0,-1.0,-1.0
MAR08923,-1.0,-1.0,-1.0,-1.0
MAR08924,-1.0,-1.0,-1.0,-1.0
MAR08925,-1.0,-1.0,-1.0,-1.0
MAR08927_f,-1.0,-1.0,-1.0,-1.0
MAR08929,-1.0,-1.0,-1.0,-1.0
MAR08930,-1.0,-1.0,-1.0,-1.0
MAR08931_f,-1.0,-1.0,-1.0,-1.0
MAR08932,-1.0,-1.0,-1.0,-1.0
MAR08933,-1.0,-1.0,-1.0,-1.0
MAR08934,-1.0,-1.0,-1.0,-1.0
MAR08935,-1.0,-1.0,-1.0,-1.0
MAR08936,-1.0,-1.0,-1.0,-1.0
MAR08937,-1.0,-1.0,-1.0,-1.0
MAR08938,-1.0,-1.0,-1.0,-1.0
MAR08939,-1.0,-1.0,-1.0,-1.0
MAR08940,-1.0,-1.0,-1.0,-1.0
MAR08941,-1.0,-1.0,-1.0,-1.0
MAR08942,-1.0,-1.0,-1.0,-1.0
MAR08943,-1.0,-1.0,-1.0,-1.0
MAR08944,-1.0,-1.0,-1.0,-1.0
MAR08945,-1.0,-1.0,-1.0,-1.0
MAR08946,-1.0,-1.0,-1.0,-1.0
MAR08947,-1.0,-1.0,-1.0,-1.0
MAR09173_f,-1.0,-1.0,-1.0,-1.0
MAR09175_f,-1.0,-1.0,-1.0,-1.0
MAR09176_f,-1.0,-1.0,-1.0,-1.0
MAR09178_f,-1.0,-1.0,-1.0,-1.0
MAR09180_f,-1.0,-1.0,-1.0,-1.0
MAR09182_f,-1.0,-1.0,-1.0,-1.0
MAR09183_f,-1.0,-1.0,-1.0,-1.0
MAR09184_f,-1.0,-1.0,-1.0,-1.0
MAR09185_f,-1.0,-1.0,-1.0,-1.0
MAR09187_f,-1.0,-1.0,-1.0,-1.0
MAR09188_f,-1.0,-1.0,-1.0,-1.0
MAR09189_f,-1.0,-1.0,-1.0,-1.0
MAR09190,54.5,24.6,25.9,126.2
MAR09191,54.5,24.6,25.9,126.2
MAR09192_f,-1.0,-1.0,-1.0,-1.0
MAR09193_f,-1.0,-1.0,-1.0,-1.0
MAR09195_f,-1.0,-1.0,-1.0,-1.0
MAR09196,31.1,49.2,243.6,150.4
MAR09197,31.1,49.2,243.6,150.4
MAR09198,3.9,3.1,5.0,73.0
MAR09590,33.1,3.1,1.5,4.3
MAR09591,-1.0,-1.0,-1.0,-1.0
MAR09592,-1.0,-1.0,-1.0,-1.0
MAR09593,-1.0,-1.0,-1.0,-1.0
MAR09594,-1.0,-1.0,-1.0,-1.0
MAR09595,-1.0,-1.0,-1.0,-1.0
MAR09596,-1.0,-1.0,-1.0,-1.0
MAR09597,-1.0,-1.0,-1.0,-1.0
MAR09598,-1.0,-1.0,-1.0,-1.0
MAR09599,-1.0,-1.0,-1.0,-1.0
MAR09600,-1.0,-1.0,-1.0,-1.0
MAR09601,-1.0,-1.0,-1.0,-1.0
MAR09602,-1.0,-1.0,-1.0,-1.0
MAR09603,-1.0,-1.0,-1.0,-1.0
MAR09604,-1.0,-1.0,-1.0,-1.0
MAR09605,-1.0,-1.0,-1.0,-1.0
MAR09606,-1.0,-1.0,-1.0,-1.0
MAR09607,-1.0,-1.0,-1.0,-1.0
MAR09608,-1.0,-1.0,-1.0,-1.0
MAR09609,-1.0,-1.0,-1.0,-1.0
MAR09610,3.9,3.1,0.2,63.6
MAR09611,-1.0,-1.0,-1.0,-1.0
MAR09612,-1.0,-1.0,-1.0,-1.0
MAR09613,17.5,6.1,18.7,245.5
MAR09614,-1.0,-1.0,-1.0,-1.0
MAR09615,-1.0,-1.0,-1.0,-1.0
MAR09616,-1.0,-1.0,-1.0,-1.0
MAR09617,-1.0,-1.0,-1.0,-1.0
MAR09618_f,-1.0,-1.0,-1.0,-1.0
MAR09619,1.9,3.1,36.9,38.7
MAR09620,-1.0,-1.0,-1.0,-1.0
MAR09621,-1.0,-1.0,-1.0,-1.0
MAR09622,-1.0,-1.0,-1.0,-1.0
MAR09623,1.9,3.1,0.1,34.9
MAR09624,1.9,3.1,0.1,34.9
MAR09635_f,-1.0,-1.0,-1.0,-1.0
MAR09636,-1.0,-1.0,-1.0,-1.0
MAR09637_f,-1.0,-1.0,-1.0,-1.0
MAR09638_f,-1.0,-1.0,-1.0,-1.0
MAR09639_f,-1.0,-1.0,-1.0,-1.0
MAR09640_f,-1.0,-1.0,-1.0,-1.0
MAR09641_f,-1.0,-1.0,-1.0,-1.0
MAR09642_f,-1.0,-1.0,-1.0,-1.0
MAR09643_f,-1.0,-1.0,-1.0,-1.0
MAR09644_f,-1.0,-1.0,-1.0,-1.0
MAR09645_f,-1.0,-1.0,-1.0,-1.0
MAR09646_f,-1.0,-1.0,-1.0,-1.0
MAR09647_f,-1.0,-1.0,-1.0,-1.0
MAR09648_f,-1.0,-1.0,-1.0,-1.0
MAR09649_f,-1.0,-1.0,-1.0,-1.0
MAR09650_f,-1.0,-1.0,-1.0,-1.0
MAR09651_f,-1.0,-1.0,-1.0,-1.0
MAR09652,-1.0,-1.0,-1.0,-1.0
MAR09653_f,-1.0,-1.0,-1.0,-1.0
MAR09654_f,-1.0,-1.0,-1.0,-1.0
MAR09655_f,-1.0,-1.0,-1.0,-1.0
MAR09656_f,-1.0,-1.0,-1.0,-1.0
MAR09657_f,-1.0,-1.0,-1.0,-1.0
MAR09658_f,-1.0,-1.0,-1.0,-1.0
MAR09659_f,-1.0,-1.0,-1.0,-1.0
MAR09660_f,-1.0,-1.0,-1.0,-1.0
MAR09661_f,-1.0,-1.0,-1.0,-1.0
MAR09662_f,-1.0,-1.0,-1.0,-1.0
MAR09663_f,-1.0,-1.0,-1.0,-1.0
MAR09720,-1.0,-1.0,-1.0,-1.0
MAR09728_f,-1.0,-1.0,-1.0,-1.0
MAR09731_f,-1.0,-1.0,-1.0,-1.0
MAR09737,-1.0,-1.0,-1.0,-1.0
MAR08071,-1.0,-1.0,-1.0,-1.0
MAR04312_f,278.09999999999997,568.5,371.59999999999997,637.2
MAR08428,-1.0,-1.0,-1.0,-1.0
MAR08430,-1.0,-1.0,-1.0,-1.0
MAR08022_f,-1.0,-1.0,-1.0,-1.0
MAR08070,-1.0,-1.0,-1.0,-1.0
MAR09015,17.5,30.7,40.9,55.8
MAR09019,-1.0,-1.0,-1.0,-1.0
MAR09020,-1.0,-1.0,-1.0,-1.0
MAR00157,-1.0,-1.0,-1.0,-1.0
MAR00158_f,128.4,58.30000000000001,284.3,137.2
MAR00166_f,-1.0,-1.0,-1.0,-1.0
MAR00169_f,289.8,1204.8,2797.5,2856.1
MAR00172_f,-1.0,-1.0,-1.0,-1.0
MAR00175_f,-1.0,-1.0,-1.0,-1.0
MAR00178_f,-1.0,-1.0,-1.0,-1.0
MAR00182_f,-1.0,-1.0,-1.0,-1.0
MAR00185_f,-1.0,-1.0,-1.0,-1.0
MAR00446_f,-1.0,-1.0,-1.0,-1.0
MAR00578,-1.0,-1.0,-1.0,-1.0
MAR00587_f,-1.0,-1.0,-1.0,-1.0
MAR00962_f,-1.0,-1.0,-1.0,-1.0
MAR01145_f,-1.0,-1.0,-1.0,-1.0
MAR01173_f,-1.0,-1.0,-1.0,-1.0
MAR01187_f,-1.0,-1.0,-1.0,-1.0
MAR01215_f,-1.0,-1.0,-1.0,-1.0
MAR01243_f,-1.0,-1.0,-1.0,-1.0
MAR01267,-1.0,-1.0,-1.0,-1.0
MAR01284_f,-1.0,-1.0,-1.0,-1.0
MAR01572_f,-1.0,-1.0,-1.0,-1.0
MAR01602_f,-1.0,-1.0,-1.0,-1.0
MAR01915_f,-1.0,-1.0,-1.0,-1.0
MAR01925_f,-1.0,-1.0,-1.0,-1.0
MAR01930,-1.0,-1.0,-1.0,-1.0
MAR01936_f,-1.0,-1.0,-1.0,-1.0
MAR01994,-1.0,-1.0,-1.0,-1.0
MAR01997_f,-1.0,-1.0,-1.0,-1.0
MAR02008,-1.0,-1.0,-1.0,-1.0
MAR02012,-1.0,-1.0,-1.0,-1.0
MAR02065_f,-1.0,-1.0,-1.0,-1.0
MAR02080_f,-1.0,-1.0,-1.0,-1.0
MAR02094,-1.0,-1.0,-1.0,-1.0
MAR02105_f,-1.0,-1.0,-1.0,-1.0
MAR02116,-1.0,-1.0,-1.0,-1.0
MAR02127_f,-1.0,-1.0,-1.0,-1.0
MAR02141,-1.0,-1.0,-1.0,-1.0
MAR02590,-1.0,-1.0,-1.0,-1.0
MAR03746_f,-1.0,-1.0,-1.0,-1.0
MAR03762_f,-1.0,-1.0,-1.0,-1.0
MAR03789_f,-1.0,-1.0,-1.0,-1.0
MAR03818_f,-1.0,-1.0,-1.0,-1.0
MAR03825,27.299999999999997,49.199999999999996,153.2,83.3
MAR03863_f,27.299999999999997,49.199999999999996,153.2,83.3
MAR03864,27.299999999999997,49.199999999999996,153.2,83.3
MAR03921_f,-1.0,-1.0,-1.0,-1.0
MAR03946_f,-1.0,-1.0,-1.0,-1.0
MAR03949,-1.0,-1.0,-1.0,-1.0
MAR03950_f,-1.0,-1.0,-1.0,-1.0
MAR03952_f,-1.0,-1.0,-1.0,-1.0
MAR03954,-1.0,-1.0,-1.0,-1.0
MAR03971,9.7,15.4,34.8,67.5
MAR04184,11.7,9.2,46.3,25.6
MAR04205,-1.0,-1.0,-1.0,-1.0
MAR04237_f,-1.0,-1.0,-1.0,-1.0
MAR04266_f,-1.0,-1.0,-1.0,-1.0
MAR04367_f,-1.0,-1.0,-1.0,-1.0
MAR04684,-1.0,-1.0,-1.0,-1.0
MAR04692_f,-1.0,-1.0,-1.0,-1.0
MAR04720_f,-1.0,-1.0,-1.0,-1.0
MAR04729_f,-1.0,-1.0,-1.0,-1.0
MAR04738_f,-1.0,-1.0,-1.0,-1.0
MAR04743_f,-1.0,-1.0,-1.0,-1.0
MAR04754,-1.0,-1.0,-1.0,-1.0
MAR04756_f,-1.0,-1.0,-1.0,-1.0
MAR04760_f,-1.0,-1.0,-1.0,-1.0
MAR04843_f,107.0,6.1,0.1,0.7
MAR04850,-1.0,-1.0,-1.0,-1.0
MAR04851_f,9.7,15.4,34.8,67.5
MAR04852_f,58.3,156.7,67.9,190.1
MAR04854_f,9.7,15.4,34.8,67.5
MAR04855_f,58.3,156.7,67.9,190.1
MAR04862,9.7,15.4,34.8,67.5
MAR04863_f,9.7,15.4,34.8,67.5
MAR04864_f,9.7,15.4,34.8,67.5
MAR04865,9.7,15.4,34.8,67.5
MAR04867_f,9.7,15.4,34.8,67.5
MAR04868_f,9.7,15.4,34.8,67.5
MAR04870,9.7,15.4,34.8,67.5
MAR04871_f,9.7,15.4,34.8,67.5
MAR04872_f,9.7,15.4,34.8,67.5
MAR04874_f,-1.0,-1.0,-1.0,-1.0
MAR04888_f,-1.0,-1.0,-1.0,-1.0
MAR04898_f,-1.0,-1.0,-1.0,-1.0
MAR04905,-1.0,-1.0,-1.0,-1.0
MAR04914_f,21.4,15.299999999999999,87.0,54.0
MAR04922_f,-1.0,-1.0,-1.0,-1.0
MAR04926,225.6,1364.6,1204.4,1313.6
MAR04940,9.7,15.4,34.8,67.5
MAR04944_f,-1.0,-1.0,-1.0,-1.0
MAR04951_f,-1.0,-1.0,-1.0,-1.0
MAR04953_f,-1.0,-1.0,-1.0,-1.0
MAR04959_f,-1.0,-1.0,-1.0,-1.0
MAR04963,-1.0,-1.0,-1.0,-1.0
MAR04964,33.1,30.7,199.4,107.5
MAR04971_f,33.1,30.7,199.4,107.5
MAR04972_f,33.1,30.7,199.4,107.5
MAR04957,-1.0,-1.0,-1.0,-1.0
MAR04977,-1.0,-1.0,-1.0,-1.0
MAR04979,-1.0,-1.0,-1.0,-1.0
MAR04997,23.4,12.2,14.5,1.4
MAR04998,-1.0,-1.0,-1.0,-1.0
MAR05006,-1.0,-1.0,-1.0,-1.0
MAR05014,-1.0,-1.0,-1.0,-1.0
MAR05015,-1.0,-1.0,-1.0,-1.0
MAR05016,-1.0,-1.0,-1.0,-1.0
MAR05022_f,17.5,24.6,10.8,0.4
MAR05031_f,7.8,6.1,13.7,1.0
MAR05033_f,7.8,6.1,13.7,1.0
MAR05036,7.8,6.1,13.7,1.0
MAR05043,212.0,642.3,451.0,948.6
MAR05046_f,15.6,3.1,12.9,9.4
MAR05096,-1.0,-1.0,-1.0,-1.0
MAR05099,-1.0,-1.0,-1.0,-1.0
MAR05101,-1.0,-1.0,-1.0,-1.0
MAR05102,-1.0,-1.0,-1.0,-1.0
MAR05105,5.8,21.5,153.3,8.5
MAR05107,-1.0,-1.0,-1.0,-1.0
MAR05109,-1.0,-1.0,-1.0,-1.0
MAR05112,-1.0,-1.0,-1.0,-1.0
MAR05113,19.4,21.5,93.0,45.7
MAR05114,25.2,27.6,93.8,58.7
MAR05115,-1.0,-1.0,-1.0,-1.0
MAR05116,-1.0,-1.0,-1.0,-1.0
MAR05117,-1.0,-1.0,-1.0,-1.0
MAR05118,-1.0,-1.0,-1.0,-1.0
MAR05121,-1.0,-1.0,-1.0,-1.0
MAR05122,5.8,3.1,16.3,7.1
MAR05124_f,29.2,21.5,26.5,30.7
MAR05125,-1.0,-1.0,-1.0,-1.0
MAR05126,-1.0,-1.0,-1.0,-1.0
MAR05222,-1.0,-1.0,-1.0,-1.0
MAR05223,-1.0,-1.0,-1.0,-1.0
MAR05225,-1.0,-1.0,-1.0,-1.0
MAR05227_f,-1.0,-1.0,-1.0,-1.0
MAR05292_f,21.4,24.6,2.1,78.4
MAR05304_f,-1.0,-1.0,-1.0,-1.0
MAR05348,118.6,15.299999999999999,10.6,2.4
MAR05349,118.6,15.299999999999999,10.6,2.4
MAR05361_f,-1.0,-1.0,-1.0,-1.0
MAR05411_f,-1.0,-1.0,-1.0,-1.0
MAR05420,70.0,15.4,53.0,39.7
MAR05426_f,-1.0,-1.0,-1.0,-1.0
MAR06276_f,33.1,30.7,199.4,107.5
MAR06277_f,33.1,30.7,199.4,107.5
MAR06286,33.1,30.7,199.4,107.5
MAR06287,33.1,30.7,199.4,107.5
MAR06288,33.1,30.7,199.4,107.5
MAR06289,33.1,30.7,199.4,107.5
MAR06290,33.1,30.7,199.4,107.5
MAR06291,33.1,30.7,199.4,107.5
MAR06292,33.1,30.7,199.4,107.5
MAR06293,33.1,30.7,199.4,107.5
MAR06294,33.1,30.7,199.4,107.5
MAR06295,33.1,30.7,199.4,107.5
MAR06296,33.1,30.7,199.4,107.5
MAR06297_f,33.1,30.7,199.4,107.5
MAR06298_f,33.1,30.7,199.4,107.5
MAR06299,-1.0,-1.0,-1.0,-1.0
MAR06300,-1.0,-1.0,-1.0,-1.0
MAR06301,5.8,21.5,153.3,8.5
MAR06302,5.8,21.5,153.3,8.5
MAR06303,-1.0,-1.0,-1.0,-1.0
MAR06304,-1.0,-1.0,-1.0,-1.0
MAR06305,-1.0,-1.0,-1.0,-1.0
MAR06306,-1.0,-1.0,-1.0,-1.0
MAR06307,5.8,21.5,153.3,8.5
MAR06308,5.8,21.5,153.3,8.5
MAR06309,-1.0,-1.0,-1.0,-1.0
MAR06310,-1.0,-1.0,-1.0,-1.0
MAR06311,-1.0,-1.0,-1.0,-1.0
MAR06312,-1.0,-1.0,-1.0,-1.0
MAR06313,5.8,21.5,153.3,8.5
MAR06314,5.8,21.5,153.3,8.5
MAR06315,-1.0,-1.0,-1.0,-1.0
MAR06316,-1.0,-1.0,-1.0,-1.0
MAR06317,5.8,21.5,153.3,8.5
MAR06318,5.8,21.5,153.3,8.5
MAR06321,5.8,21.5,153.3,8.5
MAR06323,5.8,21.5,153.3,8.5
MAR06325,-1.0,-1.0,-1.0,-1.0
MAR06326,-1.0,-1.0,-1.0,-1.0
MAR06327,5.8,21.5,153.3,8.5
MAR06328_f,597.1,3596.0,653.2,2862.2
MAR06330,9.7,15.4,34.8,67.5
MAR06331,9.7,15.4,34.8,67.5
MAR06332,7.8,3.1,2.8,6.3
MAR06333,7.8,3.1,2.8,6.3
MAR06334,7.8,3.1,2.8,6.3
MAR06335,7.8,3.1,2.8,6.3
MAR06336,7.8,3.1,2.8,6.3
MAR06337,7.8,3.1,2.8,6.3
MAR06338,7.8,3.1,2.8,6.3
MAR06339,7.8,3.1,2.8,6.3
MAR06340,7.8,3.1,2.8,6.3
MAR06341,7.8,3.1,2.8,6.3
MAR06342,7.8,3.1,2.8,6.3
MAR06343,7.8,3.1,2.8,6.3
MAR06389,-1.0,-1.0,-1.0,-1.0
MAR06391_f,58.3,156.7,67.9,190.1
MAR06408,-1.0,-1.0,-1.0,-1.0
MAR06431,-1.0,-1.0,-1.0,-1.0
MAR06438_f,-1.0,-1.0,-1.0,-1.0
MAR06446,-1.0,-1.0,-1.0,-1.0
MAR06454,-1.0,-1.0,-1.0,-1.0
MAR06455,-1.0,-1.0,-1.0,-1.0
MAR06469,-1.0,-1.0,-1.0,-1.0
MAR06481,-1.0,-1.0,-1.0,-1.0
MAR06513_f,-1.0,-1.0,-1.0,-1.0
MAR06517_f,-1.0,-1.0,-1.0,-1.0
MAR06521_f,9.7,15.4,34.8,67.5
MAR06522_f,9.7,15.4,34.8,67.5
MAR06618,-1.0,-1.0,-1.0,-1.0
MAR06620,-1.0,-1.0,-1.0,-1.0
MAR06781_f,-1.0,-1.0,-1.0,-1.0
MAR06890_f,-1.0,-1.0,-1.0,-1.0
MAR06902_f,-1.0,-1.0,-1.0,-1.0
MAR07638,87.5,18.4,7.800000000000001,11.9
MAR07708_f,-1.0,-1.0,-1.0,-1.0
MAR07719_f,7.8,6.1,13.7,1.0
MAR07723_f,7.8,6.1,13.7,1.0
MAR07757,289.8,1204.8,2797.5,2856.1
MAR07760,-1.0,-1.0,-1.0,-1.0
MAR07769_f,17.5,30.7,40.9,55.8
MAR07804_f,7.8,3.1,2.8,6.3
MAR07806_f,7.8,3.1,2.8,6.3
MAR07808_f,7.8,3.1,2.8,6.3
MAR07810_f,7.8,3.1,2.8,6.3
MAR07812_f,7.8,3.1,2.8,6.3
MAR07814_f,7.8,3.1,2.8,6.3
MAR07815,7.8,3.1,2.8,6.3
MAR07816,7.8,3.1,2.8,6.3
MAR07818_f,7.8,3.1,2.8,6.3
MAR07820_f,7.8,3.1,2.8,6.3
MAR07822_f,7.8,3.1,2.8,6.3
MAR07824_f,7.8,3.1,2.8,6.3
MAR07825,7.8,3.1,2.8,6.3
MAR07826,7.8,3.1,2.8,6.3
MAR07827,7.8,3.1,2.8,6.3
MAR07828,7.8,3.1,2.8,6.3
MAR07829,7.8,3.1,2.8,6.3
MAR07830,7.8,3.1,2.8,6.3
MAR07831,7.8,3.1,2.8,6.3
MAR07832,7.8,3.1,2.8,6.3
MAR07833,7.8,3.1,2.8,6.3
MAR07834,7.8,3.1,2.8,6.3
MAR07835,7.8,3.1,2.8,6.3
MAR07836,7.8,3.1,2.8,6.3
MAR07837,7.8,3.1,2.8,6.3
MAR07838,7.8,3.1,2.8,6.3
MAR07839,7.8,3.1,2.8,6.3
MAR07840,7.8,3.1,2.8,6.3
MAR07841,7.8,3.1,2.8,6.3
MAR07842,7.8,3.1,2.8,6.3
MAR07843,7.8,3.1,2.8,6.3
MAR07844,7.8,3.1,2.8,6.3
MAR07845,7.8,3.1,2.8,6.3
MAR07846,7.8,3.1,2.8,6.3
MAR07847,7.8,3.1,2.8,6.3
MAR07848,7.8,3.1,2.8,6.3
MAR07849,7.8,3.1,2.8,6.3
MAR07850,7.8,3.1,2.8,6.3
MAR07851,7.8,3.1,2.8,6.3
MAR07852,7.8,3.1,2.8,6.3
MAR07853,7.8,3.1,2.8,6.3
MAR07854,7.8,3.1,2.8,6.3
MAR07897_f,-1.0,-1.0,-1.0,-1.0
MAR07899_f,-1.0,-1.0,-1.0,-1.0
MAR07914,-1.0,-1.0,-1.0,-1.0
MAR07917,-1.0,-1.0,-1.0,-1.0
MAR07923,-1.0,-1.0,-1.0,-1.0
MAR07995_f,-1.0,-1.0,-1.0,-1.0
MAR07998_f,-1.0,-1.0,-1.0,-1.0
MAR08000,-1.0,-1.0,-1.0,-1.0
MAR08001,-1.0,-1.0,-1.0,-1.0
MAR08009_f,-1.0,-1.0,-1.0,-1.0
MAR08089,1.9,6.1,263.2,76.0
MAR08093,-1.0,-1.0,-1.0,-1.0
MAR08099,-1.0,-1.0,-1.0,-1.0
MAR08120,-1.0,-1.0,-1.0,-1.0
MAR08122,-1.0,-1.0,-1.0,-1.0
MAR08124,-1.0,-1.0,-1.0,-1.0
MAR08126,-1.0,-1.0,-1.0,-1.0
MAR08128,-1.0,-1.0,-1.0,-1.0
MAR08356_f,-1.0,-1.0,-1.0,-1.0
MAR08365,-1.0,-1.0,-1.0,-1.0
MAR08411_f,-1.0,-1.0,-1.0,-1.0
MAR08438_f,-1.0,-1.0,-1.0,-1.0
MAR08475_f,23.4,12.2,14.5,1.4
MAR08505_f,-1.0,-1.0,-1.0,-1.0
MAR08510_f,-1.0,-1.0,-1.0,-1.0
MAR08513_f,-1.0,-1.0,-1.0,-1.0
MAR08528_f,-1.0,-1.0,-1.0,-1.0
MAR08532_f,-1.0,-1.0,-1.0,-1.0
MAR08562_f,-1.0,-1.0,-1.0,-1.0
MAR08614,13.6,6.1,28.6,20.1
MAR08627,-1.0,-1.0,-1.0,-1.0
MAR08655,-1.0,-1.0,-1.0,-1.0
MAR08657_f,-1.0,-1.0,-1.0,-1.0
MAR08680_f,-1.0,-1.0,-1.0,-1.0
MAR08731_f,-1.0,-1.0,-1.0,-1.0
MAR08741_f,9.7,15.4,34.8,67.5
MAR08742_f,9.7,15.4,34.8,67.5
MAR08745_f,-1.0,-1.0,-1.0,-1.0
MAR08747,-1.0,-1.0,-1.0,-1.0
MAR08776_f,-1.0,-1.0,-1.0,-1.0
MAR08785_f,-1.0,-1.0,-1.0,-1.0
MAR08848,-1.0,-1.0,-1.0,-1.0
MAR08890_f,-1.0,-1.0,-1.0,-1.0
MAR08891,-1.0,-1.0,-1.0,-1.0
MAR08910_f,7.8,6.1,13.7,1.0
MAR09174_f,-1.0,-1.0,-1.0,-1.0
MAR09194_f,-1.0,-1.0,-1.0,-1.0
MAR09675_f,-1.0,-1.0,-1.0,-1.0
MAR09676_f,-1.0,-1.0,-1.0,-1.0
MAR09677_f,-1.0,-1.0,-1.0,-1.0
MAR09014,-1.0,-1.0,-1.0,-1.0
MAR00707,-1.0,-1.0,-1.0,-1.0
MAR00713,260.6,135.2,27.4,225.8
MAR01104_f,-1.0,-1.0,-1.0,-1.0
MAR01135_f,-1.0,-1.0,-1.0,-1.0
MAR01144_f,-1.0,-1.0,-1.0,-1.0
MAR01172_f,-1.0,-1.0,-1.0,-1.0
MAR01188_f,-1.0,-1.0,-1.0,-1.0
MAR01214_f,-1.0,-1.0,-1.0,-1.0
MAR01242_f,-1.0,-1.0,-1.0,-1.0
MAR01268,-1.0,-1.0,-1.0,-1.0
MAR01283_f,-1.0,-1.0,-1.0,-1.0
MAR01286,-1.0,-1.0,-1.0,-1.0
MAR01443_f,-1.0,-1.0,-1.0,-1.0
MAR02067_f,-1.0,-1.0,-1.0,-1.0
MAR02082_f,-1.0,-1.0,-1.0,-1.0
MAR02093_f,-1.0,-1.0,-1.0,-1.0
MAR02104_f,-1.0,-1.0,-1.0,-1.0
MAR02407_f,-1.0,-1.0,-1.0,-1.0
MAR02509_f,-1.0,-1.0,-1.0,-1.0
MAR02547_f,-1.0,-1.0,-1.0,-1.0
MAR02575_f,-1.0,-1.0,-1.0,-1.0
MAR03007_f,-1.0,-1.0,-1.0,-1.0
MAR03008,175.1,162.9,225.3,402.5
MAR03011,175.1,162.9,225.3,402.5
MAR03013,175.1,162.9,225.3,402.5
MAR03014,175.1,162.9,225.3,402.5
MAR03017,175.1,162.9,225.3,402.5
MAR03018_f,-1.0,-1.0,-1.0,-1.0
MAR03019_f,-1.0,-1.0,-1.0,-1.0
MAR03020,-1.0,-1.0,-1.0,-1.0
MAR03021_f,-1.0,-1.0,-1.0,-1.0
MAR03022_f,-1.0,-1.0,-1.0,-1.0
MAR03023,-1.0,-1.0,-1.0,-1.0
MAR03024_f,-1.0,-1.0,-1.0,-1.0
MAR03025_f,-1.0,-1.0,-1.0,-1.0
MAR03026_f,-1.0,-1.0,-1.0,-1.0
MAR03473,11.7,24.6,20.0,20.6
MAR03848_f,-1.0,-1.0,-1.0,-1.0
MAR03850_f,-1.0,-1.0,-1.0,-1.0
MAR03867_f,-1.0,-1.0,-1.0,-1.0
MAR03947_f,-1.0,-1.0,-1.0,-1.0
MAR03948_f,-1.0,-1.0,-1.0,-1.0
MAR04393_f,-1.0,-1.0,-1.0,-1.0
MAR04468_f,-1.0,-1.0,-1.0,-1.0
MAR04469_f,-1.0,-1.0,-1.0,-1.0
MAR04647_f,-1.0,-1.0,-1.0,-1.0
MAR04790_f,-1.0,-1.0,-1.0,-1.0
MAR04890_f,-1.0,-1.0,-1.0,-1.0
MAR04900_f,-1.0,-1.0,-1.0,-1.0
MAR04908_f,272.3,439.5,410.9,537.4
MAR04915_f,-1.0,-1.0,-1.0,-1.0
MAR04924_f,-1.0,-1.0,-1.0,-1.0
MAR04930_f,118.6,15.299999999999999,10.6,2.4
MAR04945_f,-1.0,-1.0,-1.0,-1.0
MAR04986_f,-1.0,-1.0,-1.0,-1.0
MAR05344_f,-1.0,-1.0,-1.0,-1.0
MAR05346_f,-1.0,-1.0,-1.0,-1.0
MAR05362_f,-1.0,-1.0,-1.0,-1.0
MAR05414_f,-1.0,-1.0,-1.0,-1.0
MAR05452_f,-1.0,-1.0,-1.0,-1.0
MAR05453_f,-1.0,-1.0,-1.0,-1.0
MAR06928_f,-1.0,-1.0,-1.0,-1.0
MAR06937_f,-1.0,-1.0,-1.0,-1.0
MAR06986_f,-1.0,-1.0,-1.0,-1.0
MAR06987_f,-1.0,-1.0,-1.0,-1.0
MAR07590_f,-1.0,-1.0,-1.0,-1.0
MAR07596_f,-1.0,-1.0,-1.0,-1.0
MAR07640_f,-1.0,-1.0,-1.0,-1.0
MAR07646,-1.0,-1.0,-1.0,-1.0
MAR07705,-1.0,-1.0,-1.0,-1.0
MAR07707_f,-1.0,-1.0,-1.0,-1.0
MAR07771,-1.0,-1.0,-1.0,-1.0
MAR07775,-1.0,-1.0,-1.0,-1.0
MAR07777,-1.0,-1.0,-1.0,-1.0
MAR07779,-1.0,-1.0,-1.0,-1.0
MAR07782_f,-1.0,-1.0,-1.0,-1.0
MAR07783_f,-1.0,-1.0,-1.0,-1.0
MAR07785_f,-1.0,-1.0,-1.0,-1.0
MAR07788_f,-1.0,-1.0,-1.0,-1.0
MAR07790_f,-1.0,-1.0,-1.0,-1.0
MAR07797_f,-1.0,-1.0,-1.0,-1.0
MAR08016,-1.0,-1.0,-1.0,-1.0
MAR08020_f,-1.0,-1.0,-1.0,-1.0
MAR08359_f,-1.0,-1.0,-1.0,-1.0
MAR08414_f,-1.0,-1.0,-1.0,-1.0
MAR08754,-1.0,-1.0,-1.0,-1.0
MAR08756_f,-1.0,-1.0,-1.0,-1.0
MAR08860,-1.0,-1.0,-1.0,-1.0
MAR08926_f,-1.0,-1.0,-1.0,-1.0
MAR09179_f,-1.0,-1.0,-1.0,-1.0
MAR09181_f,-1.0,-1.0,-1.0,-1.0
MAR09678,-1.0,-1.0,-1.0,-1.0
MAR09679_f,-1.0,-1.0,-1.0,-1.0
MAR09680_f,-1.0,-1.0,-1.0,-1.0
MAR09017,-1.0,-1.0,-1.0,-1.0
MAR00984_f,-1.0,-1.0,-1.0,-1.0
MAR01089_f,-1.0,-1.0,-1.0,-1.0
MAR01090_f,-1.0,-1.0,-1.0,-1.0
MAR01094_f,-1.0,-1.0,-1.0,-1.0
MAR01095_f,-1.0,-1.0,-1.0,-1.0
MAR02564_f,-1.0,-1.0,-1.0,-1.0
MAR02585,-1.0,-1.0,-1.0,-1.0
MAR04274_f,-1.0,-1.0,-1.0,-1.0
MAR04275_f,-1.0,-1.0,-1.0,-1.0
MAR04277_f,-1.0,-1.0,-1.0,-1.0
MAR04535_f,13.6,9.2,18.9,11.0
MAR04538_f,-1.0,-1.0,-1.0,-1.0
MAR04893_f,-1.0,-1.0,-1.0,-1.0
MAR04904_f,-1.0,-1.0,-1.0,-1.0
MAR04916_f,-1.0,-1.0,-1.0,-1.0
MAR05422_f,-1.0,-1.0,-1.0,-1.0
MAR05423_f,-1.0,-1.0,-1.0,-1.0
MAR05424_f,-1.0,-1.0,-1.0,-1.0
MAR06617_f,-1.0,-1.0,-1.0,-1.0
MAR06619_f,-1.0,-1.0,-1.0,-1.0
MAR07653_f,-1.0,-1.0,-1.0,-1.0
MAR07664_f,-1.0,-1.0,-1.0,-1.0
MAR07665_f,-1.0,-1.0,-1.0,-1.0
MAR07712_f,-1.0,-1.0,-1.0,-1.0
MAR07763_f,-1.0,-1.0,-1.0,-1.0
MAR07764_f,-1.0,-1.0,-1.0,-1.0
MAR07765_f,-1.0,-1.0,-1.0,-1.0
MAR07767_f,-1.0,-1.0,-1.0,-1.0
MAR07773_f,-1.0,-1.0,-1.0,-1.0
MAR07786_f,-1.0,-1.0,-1.0,-1.0
MAR07792_f,-1.0,-1.0,-1.0,-1.0
MAR07795_f,-1.0,-1.0,-1.0,-1.0
MAR07796_f,169.3,126.0,132.5,147.70000000000002
MAR07855_f,-1.0,-1.0,-1.0,-1.0
MAR07856_f,-1.0,-1.0,-1.0,-1.0
MAR07857_f,-1.0,-1.0,-1.0,-1.0
MAR07858_f,-1.0,-1.0,-1.0,-1.0
MAR07859_f,-1.0,-1.0,-1.0,-1.0
MAR07860_f,-1.0,-1.0,-1.0,-1.0
MAR07861_f,-1.0,-1.0,-1.0,-1.0
MAR07862_f,-1.0,-1.0,-1.0,-1.0
MAR07877_f,-1.0,-1.0,-1.0,-1.0
MAR08024_f,-1.0,-1.0,-1.0,-1.0
MAR08028,-1.0,-1.0,-1.0,-1.0
MAR08082_f,-1.0,-1.0,-1.0,-1.0
MAR08361_f,-1.0,-1.0,-1.0,-1.0
MAR08363_f,-1.0,-1.0,-1.0,-1.0
MAR08412_f,-1.0,-1.0,-1.0,-1.0
MAR08447_f,-1.0,-1.0,-1.0,-1.0
MAR08476_f,23.4,12.2,14.5,1.4
MAR08789_f,-1.0,-1.0,-1.0,-1.0
MAR08828_f,-1.0,-1.0,-1.0,-1.0
MAR08837_f,-1.0,-1.0,-1.0,-1.0
MAR08838_f,-1.0,-1.0,-1.0,-1.0
MAR08839_f,-1.0,-1.0,-1.0,-1.0
MAR08840_f,-1.0,-1.0,-1.0,-1.0
MAR08841_f,-1.0,-1.0,-1.0,-1.0
MAR08842_f,-1.0,-1.0,-1.0,-1.0
MAR08843_f,-1.0,-1.0,-1.0,-1.0
MAR08844_f,-1.0,-1.0,-1.0,-1.0
MAR08845_f,-1.0,-1.0,-1.0,-1.0
MAR08862_f,-1.0,-1.0,-1.0,-1.0
MAR08868_f,-1.0,-1.0,-1.0,-1.0
MAR08871_f,-1.0,-1.0,-1.0,-1.0
MAR08894_f,-1.0,-1.0,-1.0,-1.0
MAR08909_f,-1.0,-1.0,-1.0,-1.0
MAR08918_f,-1.0,-1.0,-1.0,-1.0
MAR09673_f,-1.0,-1.0,-1.0,-1.0
MAR09674,-1.0,-1.0,-1.0,-1.0
MAR08638_f,-1.0,-1.0,-1.0,-1.0
MAR08642_f,-1.0,-1.0,-1.0,-1.0
MAR04314_f,278.09999999999997,568.5,371.59999999999997,637.2
MAR09016,-1.0,-1.0,-1.0,-1.0
MAR09018,-1.0,-1.0,-1.0,-1.0
MAR00769_f,-1.0,-1.0,-1.0,-1.0
MAR00791_f,-1.0,-1.0,-1.0,-1.0
MAR00796_f,-1.0,-1.0,-1.0,-1.0
MAR00798_f,-1.0,-1.0,-1.0,-1.0
MAR00802_f,-1.0,-1.0,-1.0,-1.0
MAR00831_f,-1.0,-1.0,-1.0,-1.0
MAR00913_f,-1.0,-1.0,-1.0,-1.0
MAR00929_f,-1.0,-1.0,-1.0,-1.0
MAR01917_f,83.6,104.5,183.8,106.6
MAR02040_f,-1.0,-1.0,-1.0,-1.0
MAR02087_f,-1.0,-1.0,-1.0,-1.0
MAR02090_f,-1.0,-1.0,-1.0,-1.0
MAR02101_f,-1.0,-1.0,-1.0,-1.0
MAR03987,-1.0,-1.0,-1.0,-1.0
MAR04887,-1.0,-1.0,-1.0,-1.0
MAR04903_f,-1.0,-1.0,-1.0,-1.0
MAR04907,272.3,439.5,410.9,537.4
MAR04962,-1.0,-1.0,-1.0,-1.0
MAR05047,7.8,3.1,2.8,6.3
MAR05048,-1.0,-1.0,-1.0,-1.0
MAR05049,-1.0,-1.0,-1.0,-1.0
MAR05050,-1.0,-1.0,-1.0,-1.0
MAR05051,-1.0,-1.0,-1.0,-1.0
MAR05052,-1.0,-1.0,-1.0,-1.0
MAR05053,-1.0,-1.0,-1.0,-1.0
MAR05054,-1.0,-1.0,-1.0,-1.0
MAR05055,-1.0,-1.0,-1.0,-1.0
MAR05056,-1.0,-1.0,-1.0,-1.0
MAR05057,-1.0,-1.0,-1.0,-1.0
MAR05058,-1.0,-1.0,-1.0,-1.0
MAR05059,-1.0,-1.0,-1.0,-1.0
MAR05060,-1.0,-1.0,-1.0,-1.0
MAR05061,-1.0,-1.0,-1.0,-1.0
MAR05062,-1.0,-1.0,-1.0,-1.0
MAR05063,-1.0,-1.0,-1.0,-1.0
MAR05064,-1.0,-1.0,-1.0,-1.0
MAR05065,-1.0,-1.0,-1.0,-1.0
MAR05066,-1.0,-1.0,-1.0,-1.0
MAR05067,-1.0,-1.0,-1.0,-1.0
MAR05197,-1.0,-1.0,-1.0,-1.0
MAR05199,-1.0,-1.0,-1.0,-1.0
MAR05201,-1.0,-1.0,-1.0,-1.0
MAR05204,-1.0,-1.0,-1.0,-1.0
MAR05212,-1.0,-1.0,-1.0,-1.0
MAR05214,-1.0,-1.0,-1.0,-1.0
MAR05217,-1.0,-1.0,-1.0,-1.0
MAR05218,-1.0,-1.0,-1.0,-1.0
MAR05220,-1.0,-1.0,-1.0,-1.0
MAR05224,-1.0,-1.0,-1.0,-1.0
MAR05226,-1.0,-1.0,-1.0,-1.0
MAR05228,-1.0,-1.0,-1.0,-1.0
MAR05230,-1.0,-1.0,-1.0,-1.0
MAR07196_f,44.7,3.1,28.6,28.9
MAR07199_f,-1.0,-1.0,-1.0,-1.0
MAR07224,-1.0,-1.0,-1.0,-1.0
MAR07252,-1.0,-1.0,-1.0,-1.0
MAR07283_f,-1.0,-1.0,-1.0,-1.0
MAR07374,-1.0,-1.0,-1.0,-1.0
MAR07430,-1.0,-1.0,-1.0,-1.0
MAR07454,-1.0,-1.0,-1.0,-1.0
MAR07470_f,-1.0,-1.0,-1.0,-1.0
MAR07483,-1.0,-1.0,-1.0,-1.0
MAR07500,-1.0,-1.0,-1.0,-1.0
MAR07512,-1.0,-1.0,-1.0,-1.0
MAR07524,-1.0,-1.0,-1.0,-1.0
MAR07540,-1.0,-1.0,-1.0,-1.0
MAR07556,-1.0,-1.0,-1.0,-1.0
MAR07570,-1.0,-1.0,-1.0,-1.0
MAR07581,-1.0,-1.0,-1.0,-1.0
MAR07584,-1.0,-1.0,-1.0,-1.0
MAR07710_f,-1.0,-1.0,-1.0,-1.0
MAR07711_f,-1.0,-1.0,-1.0,-1.0
MAR07714_f,-1.0,-1.0,-1.0,-1.0
MAR07715_f,-1.0,-1.0,-1.0,-1.0
MAR07718_f,-1.0,-1.0,-1.0,-1.0
MAR07720_f,-1.0,-1.0,-1.0,-1.0
MAR07722_f,-1.0,-1.0,-1.0,-1.0
MAR07724_f,-1.0,-1.0,-1.0,-1.0
MAR07726_f,-1.0,-1.0,-1.0,-1.0
MAR07727_f,-1.0,-1.0,-1.0,-1.0
MAR07729_f,-1.0,-1.0,-1.0,-1.0
MAR07730_f,-1.0,-1.0,-1.0,-1.0
MAR07732_f,-1.0,-1.0,-1.0,-1.0
MAR07762_f,-1.0,-1.0,-1.0,-1.0
MAR07770_f,-1.0,-1.0,-1.0,-1.0
MAR07799,484.2,424.2,342.8,446.90000000000003
MAR07907,-1.0,-1.0,-1.0,-1.0
MAR07915,-1.0,-1.0,-1.0,-1.0
MAR07918,-1.0,-1.0,-1.0,-1.0
MAR07924,-1.0,-1.0,-1.0,-1.0
MAR07927_f,-1.0,-1.0,-1.0,-1.0
MAR08118,-1.0,-1.0,-1.0,-1.0
MAR08119,-1.0,-1.0,-1.0,-1.0
MAR08121,-1.0,-1.0,-1.0,-1.0
MAR08123,-1.0,-1.0,-1.0,-1.0
MAR08125,-1.0,-1.0,-1.0,-1.0
MAR08127,-1.0,-1.0,-1.0,-1.0
MAR08131_f,-1.0,-1.0,-1.0,-1.0
MAR08134_f,-1.0,-1.0,-1.0,-1.0
MAR08196_f,-1.0,-1.0,-1.0,-1.0
MAR08200_f,-1.0,-1.0,-1.0,-1.0
MAR08202_f,-1.0,-1.0,-1.0,-1.0
MAR08203_f,-1.0,-1.0,-1.0,-1.0
MAR08208_f,-1.0,-1.0,-1.0,-1.0
MAR08216_f,-1.0,-1.0,-1.0,-1.0
MAR08244_f,-1.0,-1.0,-1.0,-1.0
MAR08355_f,-1.0,-1.0,-1.0,-1.0
MAR08370,-1.0,-1.0,-1.0,-1.0
MAR08490_f,-1.0,-1.0,-1.0,-1.0
MAR08491_f,-1.0,-1.0,-1.0,-1.0
MAR08492_f,-1.0,-1.0,-1.0,-1.0
MAR08531_f,-1.0,-1.0,-1.0,-1.0
MAR08588_f,-1.0,-1.0,-1.0,-1.0
MAR08590_f,-1.0,-1.0,-1.0,-1.0
MAR08688_f,-1.0,-1.0,-1.0,-1.0
MAR08753_f,-1.0,-1.0,-1.0,-1.0
MAR08763_f,-1.0,-1.0,-1.0,-1.0
MAR08765,-1.0,-1.0,-1.0,-1.0
MAR08858_f,-1.0,-1.0,-1.0,-1.0
MAR08875,-1.0,-1.0,-1.0,-1.0
MAR08885,-1.0,-1.0,-1.0,-1.0
MAR08887_f,44.7,3.1,28.6,28.9
MAR08908_f,44.7,3.1,28.6,28.9
MAR08928_f,-1.0,-1.0,-1.0,-1.0
MAR09672,-1.0,-1.0,-1.0,-1.0
MAR00612,-1.0,-1.0,-1.0,-1.0
MAR03597,-1.0,-1.0,-1.0,-1.0
MAR04961_f,-1.0,-1.0,-1.0,-1.0
MAR05045_f,-1.0,-1.0,-1.0,-1.0
MAR05248,-1.0,-1.0,-1.0,-1.0
MAR05249,-1.0,-1.0,-1.0,-1.0
MAR05250,-1.0,-1.0,-1.0,-1.0
MAR05251,-1.0,-1.0,-1.0,-1.0
MAR05252,-1.0,-1.0,-1.0,-1.0
MAR05253,-1.0,-1.0,-1.0,-1.0
MAR05255,-1.0,-1.0,-1.0,-1.0
MAR07198_f,-1.0,-1.0,-1.0,-1.0
MAR07284_f,-1.0,-1.0,-1.0,-1.0
MAR09738,-1.0,-1.0,-1.0,-1.0
MAR09739,-1.0,-1.0,-1.0,-1.0
MAR09740,-1.0,-1.0,-1.0,-1.0
MAR09741,-1.0,-1.0,-1.0,-1.0
MAR09742,-1.0,-1.0,-1.0,-1.0
MAR09743,-1.0,-1.0,-1.0,-1.0
MAR09744,-1.0,-1.0,-1.0,-1.0
MAR09745,-1.0,-1.0,-1.0,-1.0
MAR09746,-1.0,-1.0,-1.0,-1.0
MAR09747,-1.0,-1.0,-1.0,-1.0
MAR09748,-1.0,-1.0,-1.0,-1.0
MAR09749,-1.0,-1.0,-1.0,-1.0
MAR09750,-1.0,-1.0,-1.0,-1.0
MAR09751,-1.0,-1.0,-1.0,-1.0
MAR09752,-1.0,-1.0,-1.0,-1.0
MAR09753,-1.0,-1.0,-1.0,-1.0
MAR09754,-1.0,-1.0,-1.0,-1.0
MAR09755,-1.0,-1.0,-1.0,-1.0
MAR09756,-1.0,-1.0,-1.0,-1.0
MAR09757,-1.0,-1.0,-1.0,-1.0
MAR09758,-1.0,-1.0,-1.0,-1.0
MAR09759,-1.0,-1.0,-1.0,-1.0
MAR09760,-1.0,-1.0,-1.0,-1.0
MAR09761,-1.0,-1.0,-1.0,-1.0
MAR09762,-1.0,-1.0,-1.0,-1.0
MAR09763,-1.0,-1.0,-1.0,-1.0
MAR09764,-1.0,-1.0,-1.0,-1.0
MAR09765,-1.0,-1.0,-1.0,-1.0
MAR09766,-1.0,-1.0,-1.0,-1.0
MAR09767,-1.0,-1.0,-1.0,-1.0
MAR09768,-1.0,-1.0,-1.0,-1.0
MAR09769,-1.0,-1.0,-1.0,-1.0
MAR09770,-1.0,-1.0,-1.0,-1.0
MAR09771,-1.0,-1.0,-1.0,-1.0
MAR09772,-1.0,-1.0,-1.0,-1.0
MAR09773,-1.0,-1.0,-1.0,-1.0
MAR09774,-1.0,-1.0,-1.0,-1.0
MAR09775,-1.0,-1.0,-1.0,-1.0
MAR09776,-1.0,-1.0,-1.0,-1.0
MAR09777,-1.0,-1.0,-1.0,-1.0
MAR09778,-1.0,-1.0,-1.0,-1.0
MAR09779,-1.0,-1.0,-1.0,-1.0
MAR09780,-1.0,-1.0,-1.0,-1.0
MAR09781,-1.0,-1.0,-1.0,-1.0
MAR09782,-1.0,-1.0,-1.0,-1.0
MAR09783,-1.0,-1.0,-1.0,-1.0
MAR09784,-1.0,-1.0,-1.0,-1.0
MAR09785,-1.0,-1.0,-1.0,-1.0
MAR09786,-1.0,-1.0,-1.0,-1.0
MAR09787,-1.0,-1.0,-1.0,-1.0
MAR09788,-1.0,-1.0,-1.0,-1.0
MAR09789,-1.0,-1.0,-1.0,-1.0
MAR09790,-1.0,-1.0,-1.0,-1.0
MAR09791,-1.0,-1.0,-1.0,-1.0
MAR09792,-1.0,-1.0,-1.0,-1.0
MAR09793,9.7,33.8,338.8,58.7
MAR09794,-1.0,-1.0,-1.0,-1.0
MAR09795,-1.0,-1.0,-1.0,-1.0
MAR09796,-1.0,-1.0,-1.0,-1.0
MAR00652_f,-1.0,-1.0,-1.0,-1.0
MAR00717_f,-1.0,-1.0,-1.0,-1.0
MAR00731,15.6,21.5,19.9,21.4
MAR00732_f,-1.0,-1.0,-1.0,-1.0
MAR00734_f,-1.0,-1.0,-1.0,-1.0
MAR00917,-1.0,-1.0,-1.0,-1.0
MAR00918_f,71.9,18.4,100.30000000000001,55.3
MAR01916_f,83.6,104.5,183.8,106.6
MAR04125_f,1.9,6.1,12.0,11.8
MAR04892_f,-1.0,-1.0,-1.0,-1.0
MAR04902_f,-1.0,-1.0,-1.0,-1.0
MAR04955,-1.0,-1.0,-1.0,-1.0
MAR06577_f,-1.0,-1.0,-1.0,-1.0
MAR06578_f,278.09999999999997,568.5,371.59999999999997,637.2
MAR07201,-1.0,-1.0,-1.0,-1.0
MAR07204_f,-1.0,-1.0,-1.0,-1.0
MAR07331_f,-1.0,-1.0,-1.0,-1.0
MAR07431_f,-1.0,-1.0,-1.0,-1.0
MAR07433_f,15.6,3.1,14.0,8.0
MAR07434_f,17.5,9.2,44.6,23.4
MAR07435,-1.0,-1.0,-1.0,-1.0
MAR07437,-1.0,-1.0,-1.0,-1.0
MAR07675_f,21.4,6.1,2.4,1.4
MAR07693_f,13.6,9.2,18.9,11.0
MAR07694_f,-1.0,-1.0,-1.0,-1.0
MAR07695_f,-1.0,-1.0,-1.0,-1.0
MAR07733_f,-1.0,-1.0,-1.0,-1.0
MAR07740_f,21.4,9.2,14.8,10.9
MAR07743_f,72.0,18.5,85.4,48.1
MAR07759_f,5.8,6.1,0.8,13.0
MAR07761_f,-1.0,-1.0,-1.0,-1.0
MAR07793_f,-1.0,-1.0,-1.0,-1.0
MAR08084_f,-1.0,-1.0,-1.0,-1.0
MAR08086_f,-1.0,-1.0,-1.0,-1.0
MAR08145_f,-1.0,-1.0,-1.0,-1.0
MAR08146_f,15.6,21.5,19.9,21.4
MAR08153_f,-1.0,-1.0,-1.0,-1.0
MAR08157_f,-1.0,-1.0,-1.0,-1.0
MAR08160_f,-1.0,-1.0,-1.0,-1.0
MAR08163_f,-1.0,-1.0,-1.0,-1.0
MAR08193_f,-1.0,-1.0,-1.0,-1.0
MAR08195_f,-1.0,-1.0,-1.0,-1.0
MAR08199_f,-1.0,-1.0,-1.0,-1.0
MAR08205_f,-1.0,-1.0,-1.0,-1.0
MAR08207_f,-1.0,-1.0,-1.0,-1.0
MAR08213_f,-1.0,-1.0,-1.0,-1.0
MAR08215_f,-1.0,-1.0,-1.0,-1.0
MAR08222_f,-1.0,-1.0,-1.0,-1.0
MAR08230_f,-1.0,-1.0,-1.0,-1.0
MAR08232_f,-1.0,-1.0,-1.0,-1.0
MAR08241_f,-1.0,-1.0,-1.0,-1.0
MAR08243_f,-1.0,-1.0,-1.0,-1.0
MAR08252_f,-1.0,-1.0,-1.0,-1.0
MAR08259_f,-1.0,-1.0,-1.0,-1.0
MAR08265_f,-1.0,-1.0,-1.0,-1.0
MAR08269_f,-1.0,-1.0,-1.0,-1.0
MAR08272_f,-1.0,-1.0,-1.0,-1.0
MAR08282_f,-1.0,-1.0,-1.0,-1.0
MAR08289_f,-1.0,-1.0,-1.0,-1.0
MAR08296_f,-1.0,-1.0,-1.0,-1.0
MAR08299_f,-1.0,-1.0,-1.0,-1.0
MAR08303_f,-1.0,-1.0,-1.0,-1.0
MAR08310_f,-1.0,-1.0,-1.0,-1.0
MAR08312_f,-1.0,-1.0,-1.0,-1.0
MAR08314_f,-1.0,-1.0,-1.0,-1.0
MAR08320_f,-1.0,-1.0,-1.0,-1.0
MAR08323_f,-1.0,-1.0,-1.0,-1.0
MAR08328_f,-1.0,-1.0,-1.0,-1.0
MAR08335_f,-1.0,-1.0,-1.0,-1.0
MAR08338_f,-1.0,-1.0,-1.0,-1.0
MAR08496_f,21.4,24.6,2.1,78.4
MAR08524_f,-1.0,-1.0,-1.0,-1.0
MAR08527_f,-1.0,-1.0,-1.0,-1.0
MAR08661,-1.0,-1.0,-1.0,-1.0
MAR08673_f,-1.0,-1.0,-1.0,-1.0
MAR08793,-1.0,-1.0,-1.0,-1.0
MAR08834,-1.0,-1.0,-1.0,-1.0
MAR08856,-1.0,-1.0,-1.0,-1.0
MAR08857_f,71.9,18.4,100.30000000000001,55.3
MAR08874_f,-1.0,-1.0,-1.0,-1.0
MAR08880_f,-1.0,-1.0,-1.0,-1.0
MAR08882_f,-1.0,-1.0,-1.0,-1.0
MAR08895_f,-1.0,-1.0,-1.0,-1.0
MAR08897_f,-1.0,-1.0,-1.0,-1.0
MAR08900_f,-1.0,-1.0,-1.0,-1.0
MAR08902_f,-1.0,-1.0,-1.0,-1.0
MAR08904_f,-1.0,-1.0,-1.0,-1.0
MAR08920,-1.0,-1.0,-1.0,-1.0
MAR09199,-1.0,-1.0,-1.0,-1.0
MAR09664,-1.0,-1.0,-1.0,-1.0
MAR09665_f,-1.0,-1.0,-1.0,-1.0
MAR09666,-1.0,-1.0,-1.0,-1.0
MAR09667_f,-1.0,-1.0,-1.0,-1.0
MAR09668_f,-1.0,-1.0,-1.0,-1.0
MAR09669_f,-1.0,-1.0,-1.0,-1.0
MAR09670_f,-1.0,-1.0,-1.0,-1.0
MAR09671_f,-1.0,-1.0,-1.0,-1.0
MAR07182,-1.0,-1.0,-1.0,-1.0
MAR07330,-1.0,-1.0,-1.0,-1.0
MAR07432_f,-1.0,-1.0,-1.0,-1.0
MAR04313_f,278.09999999999997,568.5,371.59999999999997,637.2
MAR07307,-1.0,-1.0,-1.0,-1.0
MAR01809_f,-1.0,-1.0,-1.0,-1.0
MAR00020_f,-1.0,-1.0,-1.0,-1.0
MAR00461_f,9.7,6.1,74.6,29.3
MAR00462_f,-1.0,-1.0,-1.0,-1.0
MAR00466_f,-1.0,-1.0,-1.0,-1.0
MAR00467_f,-1.0,-1.0,-1.0,-1.0
MAR00664_f,-1.0,-1.0,-1.0,-1.0
MAR00730_f,68.1,67.7,74.89999999999999,83.2
MAR00768,15.6,21.5,19.9,21.4
MAR00771_f,-1.0,-1.0,-1.0,-1.0
MAR00966,-1.0,-1.0,-1.0,-1.0
MAR01035_f,-1.0,-1.0,-1.0,-1.0
MAR01143_f,-1.0,-1.0,-1.0,-1.0
MAR01189_f,-1.0,-1.0,-1.0,-1.0
MAR01240,-1.0,-1.0,-1.0,-1.0
MAR01252_f,-1.0,-1.0,-1.0,-1.0
MAR01269,-1.0,-1.0,-1.0,-1.0
MAR01306_f,-1.0,-1.0,-1.0,-1.0
MAR01309_f,-1.0,-1.0,-1.0,-1.0
MAR01311_f,-1.0,-1.0,-1.0,-1.0
MAR01316_f,-1.0,-1.0,-1.0,-1.0
MAR01331_f,-1.0,-1.0,-1.0,-1.0
MAR01392_f,-1.0,-1.0,-1.0,-1.0
MAR01530_f,-1.0,-1.0,-1.0,-1.0
MAR01672_f,-1.0,-1.0,-1.0,-1.0
MAR01937_f,-1.0,-1.0,-1.0,-1.0
MAR01998_f,-1.0,-1.0,-1.0,-1.0
MAR02039_f,-1.0,-1.0,-1.0,-1.0
MAR02066_f,-1.0,-1.0,-1.0,-1.0
MAR02081_f,-1.0,-1.0,-1.0,-1.0
MAR02092_f,-1.0,-1.0,-1.0,-1.0
MAR02103_f,-1.0,-1.0,-1.0,-1.0
MAR02554_f,-1.0,-1.0,-1.0,-1.0
MAR02569_f,-1.0,-1.0,-1.0,-1.0
MAR02777_f,-1.0,-1.0,-1.0,-1.0
MAR03953_f,-1.0,-1.0,-1.0,-1.0
MAR04123_f,-1.0,-1.0,-1.0,-1.0
MAR04126,-1.0,-1.0,-1.0,-1.0
MAR04765_f,-1.0,-1.0,-1.0,-1.0
MAR04846_f,-1.0,-1.0,-1.0,-1.0
MAR04856_f,-1.0,-1.0,-1.0,-1.0
MAR04860,-1.0,-1.0,-1.0,-1.0
MAR04876_f,-1.0,-1.0,-1.0,-1.0
MAR04877_f,-1.0,-1.0,-1.0,-1.0
MAR04878_f,-1.0,-1.0,-1.0,-1.0
MAR04879_f,-1.0,-1.0,-1.0,-1.0
MAR04880_f,7.8,3.1,98.6,8.9
MAR04881,17.5,9.2,44.6,23.4
MAR04883_f,-1.0,-1.0,-1.0,-1.0
MAR04894_f,-1.0,-1.0,-1.0,-1.0
MAR04906,272.3,439.5,410.9,537.4
MAR04913_f,-1.0,-1.0,-1.0,-1.0
MAR04917_f,-1.0,-1.0,-1.0,-1.0
MAR04941_f,-1.0,-1.0,-1.0,-1.0
MAR04942_f,-1.0,-1.0,-1.0,-1.0
MAR04960_f,-1.0,-1.0,-1.0,-1.0
MAR05004_f,-1.0,-1.0,-1.0,-1.0
MAR05012,-1.0,-1.0,-1.0,-1.0
MAR05027_f,21.4,6.1,2.4,1.4
MAR05203,-1.0,-1.0,-1.0,-1.0
MAR05205,-1.0,-1.0,-1.0,-1.0
MAR05207,-1.0,-1.0,-1.0,-1.0
MAR05209,-1.0,-1.0,-1.0,-1.0
MAR05210,-1.0,-1.0,-1.0,-1.0
MAR05211,-1.0,-1.0,-1.0,-1.0
MAR05245,-1.0,-1.0,-1.0,-1.0
MAR05342_f,-1.0,-1.0,-1.0,-1.0
MAR05347_f,-1.0,-1.0,-1.0,-1.0
MAR05354_f,-1.0,-1.0,-1.0,-1.0
MAR06385,15.6,3.1,14.0,8.0
MAR06386,-1.0,-1.0,-1.0,-1.0
MAR06387_f,-1.0,-1.0,-1.0,-1.0
MAR06388_f,-1.0,-1.0,-1.0,-1.0
MAR06425_f,-1.0,-1.0,-1.0,-1.0
MAR06430,-1.0,-1.0,-1.0,-1.0
MAR06440_f,-1.0,-1.0,-1.0,-1.0
MAR06445,-1.0,-1.0,-1.0,-1.0
MAR06463_f,-1.0,-1.0,-1.0,-1.0
MAR06468_f,-1.0,-1.0,-1.0,-1.0
MAR06475_f,-1.0,-1.0,-1.0,-1.0
MAR06480,-1.0,-1.0,-1.0,-1.0
MAR06629_f,-1.0,-1.0,-1.0,-1.0
MAR06797_f,-1.0,-1.0,-1.0,-1.0
MAR06990_f,-1.0,-1.0,-1.0,-1.0
MAR07257,-1.0,-1.0,-1.0,-1.0
MAR07272,-1.0,-1.0,-1.0,-1.0
MAR07273,-1.0,-1.0,-1.0,-1.0
MAR07649_f,-1.0,-1.0,-1.0,-1.0
MAR07766_f,-1.0,-1.0,-1.0,-1.0
MAR07768_f,-1.0,-1.0,-1.0,-1.0
MAR07772,-1.0,-1.0,-1.0,-1.0
MAR07776,-1.0,-1.0,-1.0,-1.0
MAR07778,-1.0,-1.0,-1.0,-1.0
MAR07780,-1.0,-1.0,-1.0,-1.0
MAR07784_f,-1.0,-1.0,-1.0,-1.0
MAR07789,-1.0,-1.0,-1.0,-1.0
MAR07791,-1.0,-1.0,-1.0,-1.0
MAR07929_f,-1.0,-1.0,-1.0,-1.0
MAR07933_f,-1.0,-1.0,-1.0,-1.0
MAR07944_f,-1.0,-1.0,-1.0,-1.0
MAR07947_f,-1.0,-1.0,-1.0,-1.0
MAR07949_f,-1.0,-1.0,-1.0,-1.0
MAR07953_f,-1.0,-1.0,-1.0,-1.0
MAR07956_f,-1.0,-1.0,-1.0,-1.0
MAR07960_f,-1.0,-1.0,-1.0,-1.0
MAR07963_f,-1.0,-1.0,-1.0,-1.0
MAR07966_f,-1.0,-1.0,-1.0,-1.0
MAR07969_f,-1.0,-1.0,-1.0,-1.0
MAR07981_f,-1.0,-1.0,-1.0,-1.0
MAR07983_f,-1.0,-1.0,-1.0,-1.0
MAR07985_f,-1.0,-1.0,-1.0,-1.0
MAR07988_f,-1.0,-1.0,-1.0,-1.0
MAR07989_f,-1.0,-1.0,-1.0,-1.0
MAR08030,-1.0,-1.0,-1.0,-1.0
MAR08058_f,-1.0,-1.0,-1.0,-1.0
MAR08060_f,-1.0,-1.0,-1.0,-1.0
MAR08234_f,-1.0,-1.0,-1.0,-1.0
MAR08236_f,-1.0,-1.0,-1.0,-1.0
MAR08239_f,-1.0,-1.0,-1.0,-1.0
MAR08347,-1.0,-1.0,-1.0,-1.0
MAR08350_f,-1.0,-1.0,-1.0,-1.0
MAR08351,-1.0,-1.0,-1.0,-1.0
MAR08358_f,-1.0,-1.0,-1.0,-1.0
MAR08369_f,7.8,3.1,98.6,8.9
MAR08382,-1.0,-1.0,-1.0,-1.0
MAR08526_f,-1.0,-1.0,-1.0,-1.0
MAR08553_f,-1.0,-1.0,-1.0,-1.0
MAR08594_f,-1.0,-1.0,-1.0,-1.0
MAR08651_f,-1.0,-1.0,-1.0,-1.0
MAR08681_f,-1.0,-1.0,-1.0,-1.0
MAR08715,-1.0,-1.0,-1.0,-1.0
MAR08716,-1.0,-1.0,-1.0,-1.0
MAR08719,-1.0,-1.0,-1.0,-1.0
MAR08722,-1.0,-1.0,-1.0,-1.0
MAR08737_f,-1.0,-1.0,-1.0,-1.0
MAR08851_f,-1.0,-1.0,-1.0,-1.0
MAR08855_f,-1.0,-1.0,-1.0,-1.0
MAR08859_f,-1.0,-1.0,-1.0,-1.0
MAR08886,-1.0,-1.0,-1.0,-1.0
MAR08888_f,-1.0,-1.0,-1.0,-1.0
MAR08906_f,-1.0,-1.0,-1.0,-1.0
MAR08914_f,-1.0,-1.0,-1.0,-1.0
MAR08915_f,-1.0,-1.0,-1.0,-1.0
MAR08919,-1.0,-1.0,-1.0,-1.0
MAR08921_f,-1.0,-1.0,-1.0,-1.0
MAR09177_f,-1.0,-1.0,-1.0,-1.0
MAR09200_f,-1.0,-1.0,-1.0,-1.0
MAR09625,-1.0,-1.0,-1.0,-1.0
MAR09626_f,-1.0,-1.0,-1.0,-1.0
MAR09627_f,-1.0,-1.0,-1.0,-1.0
MAR09628_f,-1.0,-1.0,-1.0,-1.0
MAR09629_f,-1.0,-1.0,-1.0,-1.0
MAR09630_f,-1.0,-1.0,-1.0,-1.0
MAR09631_f,-1.0,-1.0,-1.0,-1.0
MAR09632_f,-1.0,-1.0,-1.0,-1.0
MAR09633_f,-1.0,-1.0,-1.0,-1.0
MAR09634_f,-1.0,-1.0,-1.0,-1.0
MAR09716_f,-1.0,-1.0,-1.0,-1.0
MAR09724,-1.0,-1.0,-1.0,-1.0
MAR09732_f,-1.0,-1.0,-1.0,-1.0
MAR07108,-1.0,-1.0,-1.0,-1.0
MAR07110,-1.0,-1.0,-1.0,-1.0
MAR07112,-1.0,-1.0,-1.0,-1.0
MAR07114,-1.0,-1.0,-1.0,-1.0
MAR07116,-1.0,-1.0,-1.0,-1.0
MAR07118,-1.0,-1.0,-1.0,-1.0
MAR07120,-1.0,-1.0,-1.0,-1.0
MAR07122,-1.0,-1.0,-1.0,-1.0
MAR07124,-1.0,-1.0,-1.0,-1.0
MAR07126,-1.0,-1.0,-1.0,-1.0
MAR09023,-1.0,-1.0,-1.0,-1.0
MAR09024,-1.0,-1.0,-1.0,-1.0
MAR09032,-1.0,-1.0,-1.0,-1.0
MAR09808,-1.0,-1.0,-1.0,-1.0
MAR09809,-1.0,-1.0,-1.0,-1.0
MAR09810,-1.0,-1.0,-1.0,-1.0
MAR09811,-1.0,-1.0,-1.0,-1.0
MAR09812,-1.0,-1.0,-1.0,-1.0
MAR09813,-1.0,-1.0,-1.0,-1.0
MAR09814,-1.0,-1.0,-1.0,-1.0
MAR09815,-1.0,-1.0,-1.0,-1.0
MAR09816,-1.0,-1.0,-1.0,-1.0
MAR09033,-1.0,-1.0,-1.0,-1.0
MAR09034,-1.0,-1.0,-1.0,-1.0
MAR09035,-1.0,-1.0,-1.0,-1.0
MAR09036,-1.0,-1.0,-1.0,-1.0
MAR09037,-1.0,-1.0,-1.0,-1.0
MAR09038,-1.0,-1.0,-1.0,-1.0
MAR09039,-1.0,-1.0,-1.0,-1.0
MAR09040,-1.0,-1.0,-1.0,-1.0
MAR09041,-1.0,-1.0,-1.0,-1.0
MAR09042,-1.0,-1.0,-1.0,-1.0
MAR09043,-1.0,-1.0,-1.0,-1.0
MAR09044,-1.0,-1.0,-1.0,-1.0
MAR09045,-1.0,-1.0,-1.0,-1.0
MAR09046,-1.0,-1.0,-1.0,-1.0
MAR09047,-1.0,-1.0,-1.0,-1.0
MAR09048,-1.0,-1.0,-1.0,-1.0
MAR09049,-1.0,-1.0,-1.0,-1.0
MAR09050,-1.0,-1.0,-1.0,-1.0
MAR09051,-1.0,-1.0,-1.0,-1.0
MAR09052,-1.0,-1.0,-1.0,-1.0
MAR09053,-1.0,-1.0,-1.0,-1.0
MAR09054,-1.0,-1.0,-1.0,-1.0
MAR09055,-1.0,-1.0,-1.0,-1.0
MAR09056,-1.0,-1.0,-1.0,-1.0
MAR09058,-1.0,-1.0,-1.0,-1.0
MAR09061,-1.0,-1.0,-1.0,-1.0
MAR09062,-1.0,-1.0,-1.0,-1.0
MAR09063,-1.0,-1.0,-1.0,-1.0
MAR09064,-1.0,-1.0,-1.0,-1.0
MAR09065,-1.0,-1.0,-1.0,-1.0
MAR09066,-1.0,-1.0,-1.0,-1.0
MAR09067,-1.0,-1.0,-1.0,-1.0
MAR09068,-1.0,-1.0,-1.0,-1.0
MAR09069,-1.0,-1.0,-1.0,-1.0
MAR09070,-1.0,-1.0,-1.0,-1.0
MAR09071,-1.0,-1.0,-1.0,-1.0
MAR09072,-1.0,-1.0,-1.0,-1.0
MAR09073,-1.0,-1.0,-1.0,-1.0
MAR09074,-1.0,-1.0,-1.0,-1.0
MAR09075,-1.0,-1.0,-1.0,-1.0
MAR09076,-1.0,-1.0,-1.0,-1.0
MAR09077,-1.0,-1.0,-1.0,-1.0
MAR09078,-1.0,-1.0,-1.0,-1.0
MAR09079,-1.0,-1.0,-1.0,-1.0
MAR09080,-1.0,-1.0,-1.0,-1.0
MAR09081,-1.0,-1.0,-1.0,-1.0
MAR09082,-1.0,-1.0,-1.0,-1.0
MAR09083,-1.0,-1.0,-1.0,-1.0
MAR09084,-1.0,-1.0,-1.0,-1.0
MAR09085,-1.0,-1.0,-1.0,-1.0
MAR09086,-1.0,-1.0,-1.0,-1.0
MAR09087,-1.0,-1.0,-1.0,-1.0
MAR09088,-1.0,-1.0,-1.0,-1.0
MAR09089,-1.0,-1.0,-1.0,-1.0
MAR09090,-1.0,-1.0,-1.0,-1.0
MAR09091,-1.0,-1.0,-1.0,-1.0
MAR09092,-1.0,-1.0,-1.0,-1.0
MAR09093,-1.0,-1.0,-1.0,-1.0
MAR09094,-1.0,-1.0,-1.0,-1.0
MAR09095,-1.0,-1.0,-1.0,-1.0
MAR09096,-1.0,-1.0,-1.0,-1.0
MAR09097,-1.0,-1.0,-1.0,-1.0
MAR09098,-1.0,-1.0,-1.0,-1.0
MAR09099,-1.0,-1.0,-1.0,-1.0
MAR09100,-1.0,-1.0,-1.0,-1.0
MAR09101,-1.0,-1.0,-1.0,-1.0
MAR09102,-1.0,-1.0,-1.0,-1.0
MAR09103,-1.0,-1.0,-1.0,-1.0
MAR09104,-1.0,-1.0,-1.0,-1.0
MAR09105,-1.0,-1.0,-1.0,-1.0
MAR09106,-1.0,-1.0,-1.0,-1.0
MAR09107,-1.0,-1.0,-1.0,-1.0
MAR09108,-1.0,-1.0,-1.0,-1.0
MAR09109,-1.0,-1.0,-1.0,-1.0
MAR09110,-1.0,-1.0,-1.0,-1.0
MAR09111,-1.0,-1.0,-1.0,-1.0
MAR09113,-1.0,-1.0,-1.0,-1.0
MAR09114,-1.0,-1.0,-1.0,-1.0
MAR09115,-1.0,-1.0,-1.0,-1.0
MAR09116,-1.0,-1.0,-1.0,-1.0
MAR09117,-1.0,-1.0,-1.0,-1.0
MAR09118,-1.0,-1.0,-1.0,-1.0
MAR09119,-1.0,-1.0,-1.0,-1.0
MAR09120,-1.0,-1.0,-1.0,-1.0
MAR09121,-1.0,-1.0,-1.0,-1.0
MAR09122,-1.0,-1.0,-1.0,-1.0
MAR09123,-1.0,-1.0,-1.0,-1.0
MAR09124,-1.0,-1.0,-1.0,-1.0
MAR09125,-1.0,-1.0,-1.0,-1.0
MAR09126,-1.0,-1.0,-1.0,-1.0
MAR09127,-1.0,-1.0,-1.0,-1.0
MAR09128,-1.0,-1.0,-1.0,-1.0
MAR09129,-1.0,-1.0,-1.0,-1.0
MAR09130,-1.0,-1.0,-1.0,-1.0
MAR09131,-1.0,-1.0,-1.0,-1.0
MAR09132,-1.0,-1.0,-1.0,-1.0
MAR09133,-1.0,-1.0,-1.0,-1.0
MAR09134,-1.0,-1.0,-1.0,-1.0
MAR09135,-1.0,-1.0,-1.0,-1.0
MAR09136,-1.0,-1.0,-1.0,-1.0
MAR09137,-1.0,-1.0,-1.0,-1.0
MAR09138,-1.0,-1.0,-1.0,-1.0
MAR09139,-1.0,-1.0,-1.0,-1.0
MAR09140,-1.0,-1.0,-1.0,-1.0
MAR09141,-1.0,-1.0,-1.0,-1.0
MAR09142,-1.0,-1.0,-1.0,-1.0
MAR09143,-1.0,-1.0,-1.0,-1.0
MAR09144,-1.0,-1.0,-1.0,-1.0
MAR09145,-1.0,-1.0,-1.0,-1.0
MAR09146,-1.0,-1.0,-1.0,-1.0
MAR09147,-1.0,-1.0,-1.0,-1.0
MAR09148,-1.0,-1.0,-1.0,-1.0
MAR09149,-1.0,-1.0,-1.0,-1.0
MAR09150,-1.0,-1.0,-1.0,-1.0
MAR09151,-1.0,-1.0,-1.0,-1.0
MAR09152,-1.0,-1.0,-1.0,-1.0
MAR09153,-1.0,-1.0,-1.0,-1.0
MAR09154,-1.0,-1.0,-1.0,-1.0
MAR09155,-1.0,-1.0,-1.0,-1.0
MAR09156,-1.0,-1.0,-1.0,-1.0
MAR09157,-1.0,-1.0,-1.0,-1.0
MAR09158,-1.0,-1.0,-1.0,-1.0
MAR09159,-1.0,-1.0,-1.0,-1.0
MAR09160,-1.0,-1.0,-1.0,-1.0
MAR09161,-1.0,-1.0,-1.0,-1.0
MAR09162,-1.0,-1.0,-1.0,-1.0
MAR09163,-1.0,-1.0,-1.0,-1.0
MAR09164,-1.0,-1.0,-1.0,-1.0
MAR09165,-1.0,-1.0,-1.0,-1.0
MAR09166,-1.0,-1.0,-1.0,-1.0
MAR09167,-1.0,-1.0,-1.0,-1.0
MAR09168,-1.0,-1.0,-1.0,-1.0
MAR09169,-1.0,-1.0,-1.0,-1.0
MAR09171,-1.0,-1.0,-1.0,-1.0
MAR09172,-1.0,-1.0,-1.0,-1.0
MAR09201,-1.0,-1.0,-1.0,-1.0
MAR09202,-1.0,-1.0,-1.0,-1.0
MAR09203,-1.0,-1.0,-1.0,-1.0
MAR09204,-1.0,-1.0,-1.0,-1.0
MAR09205,-1.0,-1.0,-1.0,-1.0
MAR09206,-1.0,-1.0,-1.0,-1.0
MAR09207,-1.0,-1.0,-1.0,-1.0
MAR09208,-1.0,-1.0,-1.0,-1.0
MAR09209,-1.0,-1.0,-1.0,-1.0
MAR09210,-1.0,-1.0,-1.0,-1.0
MAR09211,-1.0,-1.0,-1.0,-1.0
MAR09212,-1.0,-1.0,-1.0,-1.0
MAR09213,-1.0,-1.0,-1.0,-1.0
MAR09214,-1.0,-1.0,-1.0,-1.0
MAR09215,-1.0,-1.0,-1.0,-1.0
MAR09216,-1.0,-1.0,-1.0,-1.0
MAR09217,-1.0,-1.0,-1.0,-1.0
MAR09218,-1.0,-1.0,-1.0,-1.0
MAR09219,-1.0,-1.0,-1.0,-1.0
MAR09220,-1.0,-1.0,-1.0,-1.0
MAR09221,-1.0,-1.0,-1.0,-1.0
MAR09222,-1.0,-1.0,-1.0,-1.0
MAR09223,-1.0,-1.0,-1.0,-1.0
MAR09224,-1.0,-1.0,-1.0,-1.0
MAR09225,-1.0,-1.0,-1.0,-1.0
MAR09226,-1.0,-1.0,-1.0,-1.0
MAR09227,-1.0,-1.0,-1.0,-1.0
MAR09228,-1.0,-1.0,-1.0,-1.0
MAR09229,-1.0,-1.0,-1.0,-1.0
MAR09230,-1.0,-1.0,-1.0,-1.0
MAR09231,-1.0,-1.0,-1.0,-1.0
MAR09232,-1.0,-1.0,-1.0,-1.0
MAR09233,-1.0,-1.0,-1.0,-1.0
MAR09234,-1.0,-1.0,-1.0,-1.0
MAR09235,-1.0,-1.0,-1.0,-1.0
MAR09236,-1.0,-1.0,-1.0,-1.0
MAR09237,-1.0,-1.0,-1.0,-1.0
MAR09238,-1.0,-1.0,-1.0,-1.0
MAR09239,-1.0,-1.0,-1.0,-1.0
MAR09240,-1.0,-1.0,-1.0,-1.0
MAR09241,-1.0,-1.0,-1.0,-1.0
MAR09242,-1.0,-1.0,-1.0,-1.0
MAR09243,-1.0,-1.0,-1.0,-1.0
MAR09244,-1.0,-1.0,-1.0,-1.0
MAR09245,-1.0,-1.0,-1.0,-1.0
MAR09246,-1.0,-1.0,-1.0,-1.0
MAR09247,-1.0,-1.0,-1.0,-1.0
MAR09248,-1.0,-1.0,-1.0,-1.0
MAR09249,-1.0,-1.0,-1.0,-1.0
MAR09250,-1.0,-1.0,-1.0,-1.0
MAR09251,-1.0,-1.0,-1.0,-1.0
MAR09252,-1.0,-1.0,-1.0,-1.0
MAR09253,-1.0,-1.0,-1.0,-1.0
MAR09254,-1.0,-1.0,-1.0,-1.0
MAR09255,-1.0,-1.0,-1.0,-1.0
MAR09256,-1.0,-1.0,-1.0,-1.0
MAR09257,-1.0,-1.0,-1.0,-1.0
MAR09258,-1.0,-1.0,-1.0,-1.0
MAR09259,-1.0,-1.0,-1.0,-1.0
MAR09260,-1.0,-1.0,-1.0,-1.0
MAR09261,-1.0,-1.0,-1.0,-1.0
MAR09262,-1.0,-1.0,-1.0,-1.0
MAR09263,-1.0,-1.0,-1.0,-1.0
MAR09264,-1.0,-1.0,-1.0,-1.0
MAR09265,-1.0,-1.0,-1.0,-1.0
MAR09266,-1.0,-1.0,-1.0,-1.0
MAR09267,-1.0,-1.0,-1.0,-1.0
MAR09268,-1.0,-1.0,-1.0,-1.0
MAR09269,-1.0,-1.0,-1.0,-1.0
MAR09270,-1.0,-1.0,-1.0,-1.0
MAR09271,-1.0,-1.0,-1.0,-1.0
MAR09272,-1.0,-1.0,-1.0,-1.0
MAR09273,-1.0,-1.0,-1.0,-1.0
MAR09275,-1.0,-1.0,-1.0,-1.0
MAR09276,-1.0,-1.0,-1.0,-1.0
MAR09277,-1.0,-1.0,-1.0,-1.0
MAR09278,-1.0,-1.0,-1.0,-1.0
MAR09279,-1.0,-1.0,-1.0,-1.0
MAR09280,-1.0,-1.0,-1.0,-1.0
MAR09281,-1.0,-1.0,-1.0,-1.0
MAR09282,-1.0,-1.0,-1.0,-1.0
MAR09283,-1.0,-1.0,-1.0,-1.0
MAR09284,-1.0,-1.0,-1.0,-1.0
MAR09285,-1.0,-1.0,-1.0,-1.0
MAR09286,-1.0,-1.0,-1.0,-1.0
MAR09287,-1.0,-1.0,-1.0,-1.0
MAR09288,-1.0,-1.0,-1.0,-1.0
MAR09289,-1.0,-1.0,-1.0,-1.0
MAR09290,-1.0,-1.0,-1.0,-1.0
MAR09291,-1.0,-1.0,-1.0,-1.0
MAR09292,-1.0,-1.0,-1.0,-1.0
MAR09293,-1.0,-1.0,-1.0,-1.0
MAR09294,-1.0,-1.0,-1.0,-1.0
MAR09295,-1.0,-1.0,-1.0,-1.0
MAR09296,-1.0,-1.0,-1.0,-1.0
MAR09297,-1.0,-1.0,-1.0,-1.0
MAR09298,-1.0,-1.0,-1.0,-1.0
MAR09299,-1.0,-1.0,-1.0,-1.0
MAR09300,-1.0,-1.0,-1.0,-1.0
MAR09301,-1.0,-1.0,-1.0,-1.0
MAR09302,-1.0,-1.0,-1.0,-1.0
MAR09303,-1.0,-1.0,-1.0,-1.0
MAR09304,-1.0,-1.0,-1.0,-1.0
MAR09305,-1.0,-1.0,-1.0,-1.0
MAR09306,-1.0,-1.0,-1.0,-1.0
MAR09307,-1.0,-1.0,-1.0,-1.0
MAR09308,-1.0,-1.0,-1.0,-1.0
MAR09309,-1.0,-1.0,-1.0,-1.0
MAR09310,-1.0,-1.0,-1.0,-1.0
MAR09311,-1.0,-1.0,-1.0,-1.0
MAR09312,-1.0,-1.0,-1.0,-1.0
MAR09313,-1.0,-1.0,-1.0,-1.0
MAR09314,-1.0,-1.0,-1.0,-1.0
MAR09315,-1.0,-1.0,-1.0,-1.0
MAR09316,-1.0,-1.0,-1.0,-1.0
MAR09317,-1.0,-1.0,-1.0,-1.0
MAR09318,-1.0,-1.0,-1.0,-1.0
MAR09319,-1.0,-1.0,-1.0,-1.0
MAR09320,-1.0,-1.0,-1.0,-1.0
MAR09321,-1.0,-1.0,-1.0,-1.0
MAR09322,-1.0,-1.0,-1.0,-1.0
MAR09323,-1.0,-1.0,-1.0,-1.0
MAR09324,-1.0,-1.0,-1.0,-1.0
MAR09325,-1.0,-1.0,-1.0,-1.0
MAR09326,-1.0,-1.0,-1.0,-1.0
MAR09327,-1.0,-1.0,-1.0,-1.0
MAR09328,-1.0,-1.0,-1.0,-1.0
MAR09329,-1.0,-1.0,-1.0,-1.0
MAR09330,-1.0,-1.0,-1.0,-1.0
MAR09331,-1.0,-1.0,-1.0,-1.0
MAR09332,-1.0,-1.0,-1.0,-1.0
MAR09333,-1.0,-1.0,-1.0,-1.0
MAR09334,-1.0,-1.0,-1.0,-1.0
MAR09335,-1.0,-1.0,-1.0,-1.0
MAR09336,-1.0,-1.0,-1.0,-1.0
MAR09337,-1.0,-1.0,-1.0,-1.0
MAR09338,-1.0,-1.0,-1.0,-1.0
MAR09339,-1.0,-1.0,-1.0,-1.0
MAR09340,-1.0,-1.0,-1.0,-1.0
MAR09341,-1.0,-1.0,-1.0,-1.0
MAR09342,-1.0,-1.0,-1.0,-1.0
MAR09343,-1.0,-1.0,-1.0,-1.0
MAR09344,-1.0,-1.0,-1.0,-1.0
MAR09345,-1.0,-1.0,-1.0,-1.0
MAR09346,-1.0,-1.0,-1.0,-1.0
MAR09347,-1.0,-1.0,-1.0,-1.0
MAR09348,-1.0,-1.0,-1.0,-1.0
MAR09349,-1.0,-1.0,-1.0,-1.0
MAR09350,-1.0,-1.0,-1.0,-1.0
MAR09351,-1.0,-1.0,-1.0,-1.0
MAR09352,-1.0,-1.0,-1.0,-1.0
MAR09353,-1.0,-1.0,-1.0,-1.0
MAR09354,-1.0,-1.0,-1.0,-1.0
MAR09355,-1.0,-1.0,-1.0,-1.0
MAR09356,-1.0,-1.0,-1.0,-1.0
MAR09357,-1.0,-1.0,-1.0,-1.0
MAR09358,-1.0,-1.0,-1.0,-1.0
MAR09359,-1.0,-1.0,-1.0,-1.0
MAR09360,-1.0,-1.0,-1.0,-1.0
MAR09361,-1.0,-1.0,-1.0,-1.0
MAR09362,-1.0,-1.0,-1.0,-1.0
MAR09363,-1.0,-1.0,-1.0,-1.0
MAR09364,-1.0,-1.0,-1.0,-1.0
MAR09365,-1.0,-1.0,-1.0,-1.0
MAR09366,-1.0,-1.0,-1.0,-1.0
MAR09367,-1.0,-1.0,-1.0,-1.0
MAR09368,-1.0,-1.0,-1.0,-1.0
MAR09369,-1.0,-1.0,-1.0,-1.0
MAR09370,-1.0,-1.0,-1.0,-1.0
MAR09371,-1.0,-1.0,-1.0,-1.0
MAR09372,-1.0,-1.0,-1.0,-1.0
MAR09373,-1.0,-1.0,-1.0,-1.0
MAR09374,-1.0,-1.0,-1.0,-1.0
MAR09375,-1.0,-1.0,-1.0,-1.0
MAR09376,-1.0,-1.0,-1.0,-1.0
MAR09377,-1.0,-1.0,-1.0,-1.0
MAR09378,-1.0,-1.0,-1.0,-1.0
MAR09379,-1.0,-1.0,-1.0,-1.0
MAR09380,-1.0,-1.0,-1.0,-1.0
MAR09381,-1.0,-1.0,-1.0,-1.0
MAR09382,-1.0,-1.0,-1.0,-1.0
MAR09383,-1.0,-1.0,-1.0,-1.0
MAR09384,-1.0,-1.0,-1.0,-1.0
MAR09385,-1.0,-1.0,-1.0,-1.0
MAR09386,-1.0,-1.0,-1.0,-1.0
MAR09387,-1.0,-1.0,-1.0,-1.0
MAR09388,-1.0,-1.0,-1.0,-1.0
MAR09389,-1.0,-1.0,-1.0,-1.0
MAR09390,-1.0,-1.0,-1.0,-1.0
MAR09391,-1.0,-1.0,-1.0,-1.0
MAR09392,-1.0,-1.0,-1.0,-1.0
MAR09393,-1.0,-1.0,-1.0,-1.0
MAR09394,-1.0,-1.0,-1.0,-1.0
MAR09395,-1.0,-1.0,-1.0,-1.0
MAR09396,-1.0,-1.0,-1.0,-1.0
MAR09397,-1.0,-1.0,-1.0,-1.0
MAR09398,-1.0,-1.0,-1.0,-1.0
MAR09399,-1.0,-1.0,-1.0,-1.0
MAR09400,-1.0,-1.0,-1.0,-1.0
MAR09401,-1.0,-1.0,-1.0,-1.0
MAR09404,-1.0,-1.0,-1.0,-1.0
MAR09405,-1.0,-1.0,-1.0,-1.0
MAR09406,-1.0,-1.0,-1.0,-1.0
MAR09407,-1.0,-1.0,-1.0,-1.0
MAR09408,-1.0,-1.0,-1.0,-1.0
MAR09409,-1.0,-1.0,-1.0,-1.0
MAR09410,-1.0,-1.0,-1.0,-1.0
MAR09411,-1.0,-1.0,-1.0,-1.0
MAR09412,-1.0,-1.0,-1.0,-1.0
MAR09413,-1.0,-1.0,-1.0,-1.0
MAR09414,-1.0,-1.0,-1.0,-1.0
MAR09415,-1.0,-1.0,-1.0,-1.0
MAR09416,-1.0,-1.0,-1.0,-1.0
MAR09417,-1.0,-1.0,-1.0,-1.0
MAR09418,-1.0,-1.0,-1.0,-1.0
MAR09419,-1.0,-1.0,-1.0,-1.0
MAR09420,-1.0,-1.0,-1.0,-1.0
MAR09421,-1.0,-1.0,-1.0,-1.0
MAR09422,-1.0,-1.0,-1.0,-1.0
MAR09423,-1.0,-1.0,-1.0,-1.0
MAR09424,-1.0,-1.0,-1.0,-1.0
MAR09425,-1.0,-1.0,-1.0,-1.0
MAR09426,-1.0,-1.0,-1.0,-1.0
MAR09427,-1.0,-1.0,-1.0,-1.0
MAR09428,-1.0,-1.0,-1.0,-1.0
MAR09429,-1.0,-1.0,-1.0,-1.0
MAR09430,-1.0,-1.0,-1.0,-1.0
MAR09431,-1.0,-1.0,-1.0,-1.0
MAR09432,-1.0,-1.0,-1.0,-1.0
MAR09433,-1.0,-1.0,-1.0,-1.0
MAR09434,-1.0,-1.0,-1.0,-1.0
MAR09435,-1.0,-1.0,-1.0,-1.0
MAR09436,-1.0,-1.0,-1.0,-1.0
MAR09437,-1.0,-1.0,-1.0,-1.0
MAR09438,-1.0,-1.0,-1.0,-1.0
MAR09439,-1.0,-1.0,-1.0,-1.0
MAR09440,-1.0,-1.0,-1.0,-1.0
MAR09441,-1.0,-1.0,-1.0,-1.0
MAR09442,-1.0,-1.0,-1.0,-1.0
MAR09443,-1.0,-1.0,-1.0,-1.0
MAR09444,-1.0,-1.0,-1.0,-1.0
MAR09445,-1.0,-1.0,-1.0,-1.0
MAR09446,-1.0,-1.0,-1.0,-1.0
MAR09447,-1.0,-1.0,-1.0,-1.0
MAR09448,-1.0,-1.0,-1.0,-1.0
MAR09449,-1.0,-1.0,-1.0,-1.0
MAR09450,-1.0,-1.0,-1.0,-1.0
MAR09451,-1.0,-1.0,-1.0,-1.0
MAR09452,-1.0,-1.0,-1.0,-1.0
MAR09453,-1.0,-1.0,-1.0,-1.0
MAR09454,-1.0,-1.0,-1.0,-1.0
MAR09455,-1.0,-1.0,-1.0,-1.0
MAR09456,-1.0,-1.0,-1.0,-1.0
MAR09457,-1.0,-1.0,-1.0,-1.0
MAR09458,-1.0,-1.0,-1.0,-1.0
MAR09460,-1.0,-1.0,-1.0,-1.0
MAR09461,-1.0,-1.0,-1.0,-1.0
MAR09462,-1.0,-1.0,-1.0,-1.0
MAR09463,-1.0,-1.0,-1.0,-1.0
MAR09681,-1.0,-1.0,-1.0,-1.0
MAR09682,-1.0,-1.0,-1.0,-1.0
MAR09683,-1.0,-1.0,-1.0,-1.0
MAR09684,-1.0,-1.0,-1.0,-1.0
MAR09685,-1.0,-1.0,-1.0,-1.0
MAR09686,-1.0,-1.0,-1.0,-1.0
MAR09687,-1.0,-1.0,-1.0,-1.0
MAR09688,-1.0,-1.0,-1.0,-1.0
MAR09689,-1.0,-1.0,-1.0,-1.0
MAR09690,-1.0,-1.0,-1.0,-1.0
MAR09691,-1.0,-1.0,-1.0,-1.0
MAR09692,-1.0,-1.0,-1.0,-1.0
MAR09693,-1.0,-1.0,-1.0,-1.0
MAR09694,-1.0,-1.0,-1.0,-1.0
MAR09695,-1.0,-1.0,-1.0,-1.0
MAR09696,-1.0,-1.0,-1.0,-1.0
MAR09697,-1.0,-1.0,-1.0,-1.0
MAR09698,-1.0,-1.0,-1.0,-1.0
MAR09699,-1.0,-1.0,-1.0,-1.0
MAR09700,-1.0,-1.0,-1.0,-1.0
MAR09701,-1.0,-1.0,-1.0,-1.0
MAR09702,-1.0,-1.0,-1.0,-1.0
MAR09703,-1.0,-1.0,-1.0,-1.0
MAR09704,-1.0,-1.0,-1.0,-1.0
MAR09705,-1.0,-1.0,-1.0,-1.0
MAR09706,-1.0,-1.0,-1.0,-1.0
MAR09707,-1.0,-1.0,-1.0,-1.0
MAR09708,-1.0,-1.0,-1.0,-1.0
MAR09709,-1.0,-1.0,-1.0,-1.0
MAR09710,-1.0,-1.0,-1.0,-1.0
MAR09711,-1.0,-1.0,-1.0,-1.0
MAR09712,-1.0,-1.0,-1.0,-1.0
MAR09713,-1.0,-1.0,-1.0,-1.0
MAR09714,-1.0,-1.0,-1.0,-1.0
MAR09715,-1.0,-1.0,-1.0,-1.0
MAR09721,-1.0,-1.0,-1.0,-1.0
MAR09729,-1.0,-1.0,-1.0,-1.0
MAR09730,-1.0,-1.0,-1.0,-1.0
MAR09725_f,-1.0,-1.0,-1.0,-1.0
MAR00031,54.5,49.2,618.3000000000001,310.4
MAR00021,-1.0,-1.0,-1.0,-1.0
MAR00022,-1.0,-1.0,-1.0,-1.0
MAR00023,-1.0,-1.0,-1.0,-1.0
MAR00033,-1.0,-1.0,-1.0,-1.0
MAR00034,-1.0,-1.0,-1.0,-1.0
MAR00035,-1.0,-1.0,-1.0,-1.0
MAR00036,-1.0,-1.0,-1.0,-1.0
MAR00037,-1.0,-1.0,-1.0,-1.0
MAR00038_f,-1.0,-1.0,-1.0,-1.0
MAR00040,-1.0,-1.0,-1.0,-1.0
MAR00041,-1.0,-1.0,-1.0,-1.0
MAR00043,35.0,92.2,135.3,349.4
MAR00044_f,-1.0,-1.0,-1.0,-1.0
MAR00045,-1.0,-1.0,-1.0,-1.0
MAR00046,29.2,15.299999999999999,94.7,150.1
MAR00047,-1.0,-1.0,-1.0,-1.0
MAR00048,-1.0,-1.0,-1.0,-1.0
MAR00049_f,-1.0,-1.0,-1.0,-1.0
MAR00050_f,-1.0,-1.0,-1.0,-1.0
MAR00051,126.3,224.4,1420.8000000000002,1072.7
MAR00052,-1.0,-1.0,-1.0,-1.0
MAR00053_f,-1.0,-1.0,-1.0,-1.0
MAR00054_f,-1.0,-1.0,-1.0,-1.0
MAR00055,-1.0,-1.0,-1.0,-1.0
MAR00056_f,-1.0,-1.0,-1.0,-1.0
MAR00057_f,-1.0,-1.0,-1.0,-1.0
MAR00058,-1.0,-1.0,-1.0,-1.0
MAR00060_f,-1.0,-1.0,-1.0,-1.0
MAR00061_f,-1.0,-1.0,-1.0,-1.0
MAR00062,23.3,33.8,46.3,48.0
MAR00063_f,-1.0,-1.0,-1.0,-1.0
MAR00064_f,-1.0,-1.0,-1.0,-1.0
MAR00065,-1.0,-1.0,-1.0,-1.0
MAR00066_f,-1.0,-1.0,-1.0,-1.0
MAR00067,25.3,33.8,134.8,97.4
MAR00068,-1.0,-1.0,-1.0,-1.0
MAR00069,-1.0,-1.0,-1.0,-1.0
MAR00070,-1.0,-1.0,-1.0,-1.0
MAR00071,-1.0,-1.0,-1.0,-1.0
MAR00072,87.6,40.0,29.4,347.4
MAR00073,-1.0,-1.0,-1.0,-1.0
MAR00074,-1.0,-1.0,-1.0,-1.0
MAR00075_f,-1.0,-1.0,-1.0,-1.0
MAR00076_f,-1.0,-1.0,-1.0,-1.0
MAR00077_f,-1.0,-1.0,-1.0,-1.0
MAR00078_f,-1.0,-1.0,-1.0,-1.0
MAR00079_f,5.8,21.5,153.3,8.5
MAR00080,209.4000000000001,792.6000000000003,116.99999999999997,390.59999999999985
MAR00081,-1.0,-1.0,-1.0,-1.0
MAR00082,-1.0,-1.0,-1.0,-1.0
MAR00083,-1.0,-1.0,-1.0,-1.0
MAR00084,-1.0,-1.0,-1.0,-1.0
MAR00085,-1.0,-1.0,-1.0,-1.0
MAR00086,15.6,6.1,15.9,5.4
MAR00087,-1.0,-1.0,-1.0,-1.0
MAR00088,126.3,224.4,1420.8000000000002,1072.7
MAR00089_f,-1.0,-1.0,-1.0,-1.0
MAR00090_f,-1.0,-1.0,-1.0,-1.0
MAR00091,23.3,3.1,84.8,22.9
MAR00092,15.6,6.1,15.9,5.4
MAR00093_f,-1.0,-1.0,-1.0,-1.0
MAR00094,-1.0,-1.0,-1.0,-1.0
MAR00095,1.9,3.1,10.6,3.2
MAR00097_f,-1.0,-1.0,-1.0,-1.0
MAR00098,-1.0,-1.0,-1.0,-1.0
MAR00099_f,-1.0,-1.0,-1.0,-1.0
MAR00100_f,-1.0,-1.0,-1.0,-1.0
MAR00101,48.6,6.1,181.3,59.0
MAR00102_f,-1.0,-1.0,-1.0,-1.0
MAR00103_f,25.3,12.3,89.1,9.6
MAR00104_f,11.7,33.8,86.4,35.5
MAR00105_f,-1.0,-1.0,-1.0,-1.0
MAR00106_f,-1.0,-1.0,-1.0,-1.0
MAR00107_f,-1.0,-1.0,-1.0,-1.0
MAR00108_f,25.3,12.3,89.1,9.6
MAR00109_f,11.7,33.8,86.4,35.5
MAR00110_f,-1.0,-1.0,-1.0,-1.0
MAR00111_f,-1.0,-1.0,-1.0,-1.0
MAR00112_f,-1.0,-1.0,-1.0,-1.0
MAR00113,7.8,9.2,54.7,13.4
MAR00114,7.8,9.2,54.7,13.4
MAR00115,33.1,58.4,235.5,58.6
MAR00116,66.1,21.5,466.8,30.4
MAR00117,7.8,9.2,54.7,13.4
MAR00118,73.89999999999999,30.7,521.5,43.8
MAR00119,-1.0,-1.0,-1.0,-1.0
MAR00120_f,-1.0,-1.0,-1.0,-1.0
MAR00121,56.400000000000006,6.2,19.9,26.7
MAR00122,56.400000000000006,6.2,19.9,26.7
MAR00123_f,-1.0,-1.0,-1.0,-1.0
MAR00124_f,5.8,21.5,153.3,8.5
MAR00125_f,33.1,30.7,199.4,107.5
MAR00126,-1.0,-1.0,-1.0,-1.0
MAR00127_f,-1.0,-1.0,-1.0,-1.0
MAR00128_f,-1.0,-1.0,-1.0,-1.0
MAR00129,-1.0,-1.0,-1.0,-1.0
MAR00130_f,-1.0,-1.0,-1.0,-1.0
MAR00131,1.9,6.1,11.7,11.3
MAR00132,-1.0,-1.0,-1.0,-1.0
MAR00133,11.7,27.7,17.0,34.3
MAR00134,11.7,30.7,11.7,23.1
MAR00135,-1.0,-1.0,-1.0,-1.0
MAR00136_f,-1.0,-1.0,-1.0,-1.0
MAR00137,-1.0,-1.0,-1.0,-1.0
MAR00138_f,-1.0,-1.0,-1.0,-1.0
MAR00139_f,54.5,21.5,91.8,65.1
MAR00140,-1.0,-1.0,-1.0,-1.0
MAR00141_f,9.7,9.2,5.8,19.0
MAR00142_f,-1.0,-1.0,-1.0,-1.0
MAR00143_f,-1.0,-1.0,-1.0,-1.0
MAR00144,-1.0,-1.0,-1.0,-1.0
MAR00145,-1.0,-1.0,-1.0,-1.0
MAR00146,-1.0,-1.0,-1.0,-1.0
MAR00147,-1.0,-1.0,-1.0,-1.0
MAR00148,-1.0,-1.0,-1.0,-1.0
MAR00149,-1.0,-1.0,-1.0,-1.0
MAR00150,-1.0,-1.0,-1.0,-1.0
MAR00151,-1.0,-1.0,-1.0,-1.0
MAR00152,-1.0,-1.0,-1.0,-1.0
MAR00181,-1.0,-1.0,-1.0,-1.0
MAR00186,-1.0,-1.0,-1.0,-1.0
MAR00205,-1.0,-1.0,-1.0,-1.0
MAR00218,-1.0,-1.0,-1.0,-1.0
MAR00219_f,-1.0,-1.0,-1.0,-1.0
MAR00220_f,-1.0,-1.0,-1.0,-1.0
MAR00221_f,-1.0,-1.0,-1.0,-1.0
MAR00222,-1.0,-1.0,-1.0,-1.0
MAR00227,23.3,6.1,128.9,2.9
MAR00228,23.3,6.1,128.9,2.9
MAR00229_f,-1.0,-1.0,-1.0,-1.0
MAR00251,-1.0,-1.0,-1.0,-1.0
MAR00252_f,-1.0,-1.0,-1.0,-1.0
MAR00285,52.5,83.0,326.9,120.1
MAR00286_f,-1.0,-1.0,-1.0,-1.0
MAR00315_f,-1.0,-1.0,-1.0,-1.0
MAR00316,-1.0,-1.0,-1.0,-1.0
MAR00333_f,-1.0,-1.0,-1.0,-1.0
MAR00334,-1.0,-1.0,-1.0,-1.0
MAR00441,19.4,27.7,114.3,21.4
MAR00442,1.9,3.1,56.4,69.1
MAR00443,44.7,24.6,634.0,71.0
MAR00447_f,-1.0,-1.0,-1.0,-1.0
MAR00451_f,-1.0,-1.0,-1.0,-1.0
MAR00452_f,25.3,12.3,89.1,9.6
MAR00455_f,11.7,33.8,86.4,35.5
MAR00465_f,-1.0,-1.0,-1.0,-1.0
MAR00471,11.7,3.1,6.6,2.7
MAR00472,11.7,3.1,6.6,2.7
MAR00473,-1.0,-1.0,-1.0,-1.0
MAR00474,-1.0,-1.0,-1.0,-1.0
MAR00475,-1.0,-1.0,-1.0,-1.0
MAR00480,-1.0,-1.0,-1.0,-1.0
MAR00485,-1.0,-1.0,-1.0,-1.0
MAR00554,-1.0,-1.0,-1.0,-1.0
MAR00564,-1.0,-1.0,-1.0,-1.0
MAR00565,-1.0,-1.0,-1.0,-1.0
MAR00566,-1.0,-1.0,-1.0,-1.0
MAR00567,-1.0,-1.0,-1.0,-1.0
MAR00568,-1.0,-1.0,-1.0,-1.0
MAR00569,-1.0,-1.0,-1.0,-1.0
MAR00570,-1.0,-1.0,-1.0,-1.0
MAR00571,-1.0,-1.0,-1.0,-1.0
MAR00572,-1.0,-1.0,-1.0,-1.0
MAR00573,-1.0,-1.0,-1.0,-1.0
MAR00574,-1.0,-1.0,-1.0,-1.0
MAR00575,-1.0,-1.0,-1.0,-1.0
MAR00576,-1.0,-1.0,-1.0,-1.0
MAR00577,-1.0,-1.0,-1.0,-1.0
MAR00583,-1.0,-1.0,-1.0,-1.0
MAR00585,-1.0,-1.0,-1.0,-1.0
MAR00595,-1.0,-1.0,-1.0,-1.0
MAR00603,-1.0,-1.0,-1.0,-1.0
MAR00606,-1.0,-1.0,-1.0,-1.0
MAR00608,-1.0,-1.0,-1.0,-1.0
MAR00609,-1.0,-1.0,-1.0,-1.0
MAR00611,-1.0,-1.0,-1.0,-1.0
MAR00617,-1.0,-1.0,-1.0,-1.0
MAR00618,-1.0,-1.0,-1.0,-1.0
MAR00619,-1.0,-1.0,-1.0,-1.0
MAR00620,-1.0,-1.0,-1.0,-1.0
MAR00621,-1.0,-1.0,-1.0,-1.0
MAR00624,-1.0,-1.0,-1.0,-1.0
MAR00626,-1.0,-1.0,-1.0,-1.0
MAR00628,-1.0,-1.0,-1.0,-1.0
MAR00631,-1.0,-1.0,-1.0,-1.0
MAR00637,-1.0,-1.0,-1.0,-1.0
MAR00639,-1.0,-1.0,-1.0,-1.0
MAR00650,-1.0,-1.0,-1.0,-1.0
MAR00655,-1.0,-1.0,-1.0,-1.0
MAR00656,-1.0,-1.0,-1.0,-1.0
MAR00658,-1.0,-1.0,-1.0,-1.0
MAR00661,-1.0,-1.0,-1.0,-1.0
MAR00662,-1.0,-1.0,-1.0,-1.0
MAR00666,-1.0,-1.0,-1.0,-1.0
MAR00693,-1.0,-1.0,-1.0,-1.0
MAR00694,-1.0,-1.0,-1.0,-1.0
MAR00695,-1.0,-1.0,-1.0,-1.0
MAR00696,-1.0,-1.0,-1.0,-1.0
MAR00697,-1.0,-1.0,-1.0,-1.0
MAR00698,-1.0,-1.0,-1.0,-1.0
MAR00699,-1.0,-1.0,-1.0,-1.0
MAR00700,-1.0,-1.0,-1.0,-1.0
MAR00701,-1.0,-1.0,-1.0,-1.0
MAR00702,-1.0,-1.0,-1.0,-1.0
MAR00704,-1.0,-1.0,-1.0,-1.0
MAR00711,-1.0,-1.0,-1.0,-1.0
MAR00714,-1.0,-1.0,-1.0,-1.0
MAR00720,-1.0,-1.0,-1.0,-1.0
MAR00721,-1.0,-1.0,-1.0,-1.0
MAR00722,-1.0,-1.0,-1.0,-1.0
MAR00723_f,-1.0,-1.0,-1.0,-1.0
MAR00724_f,-1.0,-1.0,-1.0,-1.0
MAR00725_f,-1.0,-1.0,-1.0,-1.0
MAR00726_f,-1.0,-1.0,-1.0,-1.0
MAR00727_f,-1.0,-1.0,-1.0,-1.0
MAR00728_f,-1.0,-1.0,-1.0,-1.0
MAR00729_f,-1.0,-1.0,-1.0,-1.0
MAR00737,33.1,61.5,1001.0,94.7
MAR00739,5.8,3.1,171.6,96.0
MAR00742,-1.0,-1.0,-1.0,-1.0
MAR00743,25.299999999999997,18.4,177.7,53.6
MAR00745,25.299999999999997,18.4,177.7,53.6
MAR00747,25.299999999999997,18.4,177.7,53.6
MAR00749,25.299999999999997,18.4,177.7,53.6
MAR00751,58.3,233.6,279.0,524.7
MAR00752,75.8,258.2,476.4,610.5
MAR00755,75.8,258.2,476.4,610.5
MAR00756,75.8,258.2,476.4,610.5
MAR00757,75.8,258.2,476.4,610.5
MAR00759,35.0,15.299999999999999,485.1,158.1
MAR00764,75.8,258.2,476.4,610.5
MAR00772,75.8,258.2,476.4,610.5
MAR00774,58.3,233.6,279.0,524.7
MAR00776,75.8,258.2,476.4,610.5
MAR00777,35.0,15.299999999999999,485.1,158.1
MAR00778,75.8,258.2,476.4,610.5
MAR00780,75.8,258.2,476.4,610.5
MAR00784,75.8,258.2,476.4,610.5
MAR00785,75.8,258.2,476.4,610.5
MAR00788,75.8,258.2,476.4,610.5
MAR00789,75.8,258.2,476.4,610.5
MAR00799,75.8,258.2,476.4,610.5
MAR00800,35.0,15.299999999999999,485.1,158.1
MAR00818,75.8,258.2,476.4,610.5
MAR00833,35.0,15.299999999999999,485.1,158.1
MAR00869,75.8,258.2,476.4,610.5
MAR00872,35.0,15.299999999999999,485.1,158.1
MAR00874,75.8,258.2,476.4,610.5
MAR00916,75.8,258.2,476.4,610.5
MAR00922,75.8,258.2,476.4,610.5
MAR00923,75.8,258.2,476.4,610.5
MAR00927,35.0,15.299999999999999,485.1,158.1
MAR00930,75.8,258.2,476.4,610.5
MAR00952,35.0,15.299999999999999,485.1,158.1
MAR00965,75.8,258.2,476.4,610.5
MAR00968,35.0,15.299999999999999,485.1,158.1
MAR00970,75.8,258.2,476.4,610.5
MAR00972,35.0,15.299999999999999,485.1,158.1
MAR00974,35.0,15.299999999999999,485.1,158.1
MAR00975,35.0,15.299999999999999,485.1,158.1
MAR00977,35.0,15.299999999999999,485.1,158.1
MAR00978,35.0,15.299999999999999,485.1,158.1
MAR00982,35.0,15.299999999999999,485.1,158.1
MAR01001,35.0,15.299999999999999,485.1,158.1
MAR01005,35.0,15.299999999999999,485.1,158.1
MAR01009,75.8,258.2,476.4,610.5
MAR01012,-1.0,-1.0,-1.0,-1.0
MAR01019,-1.0,-1.0,-1.0,-1.0
MAR01024,-1.0,-1.0,-1.0,-1.0
MAR01031,-1.0,-1.0,-1.0,-1.0
MAR01032,-1.0,-1.0,-1.0,-1.0
MAR01036,11.7,6.1,175.2,5.5
MAR01038_f,93.4,236.7,3324.3,5339.9
MAR01044,3.9,116.8,30.6,18.4
MAR01046,-1.0,-1.0,-1.0,-1.0
MAR01047_f,-1.0,-1.0,-1.0,-1.0
MAR01051_f,-1.0,-1.0,-1.0,-1.0
MAR01052_f,-1.0,-1.0,-1.0,-1.0
MAR01056_f,-1.0,-1.0,-1.0,-1.0
MAR01060_f,-1.0,-1.0,-1.0,-1.0
MAR01076_f,-1.0,-1.0,-1.0,-1.0
MAR01078_f,-1.0,-1.0,-1.0,-1.0
MAR01083,-1.0,-1.0,-1.0,-1.0
MAR01118,-1.0,-1.0,-1.0,-1.0
MAR01141,-1.0,-1.0,-1.0,-1.0
MAR01169,19.4,3.1,2.9,3.4
MAR01314,-1.0,-1.0,-1.0,-1.0
MAR01340_f,-1.0,-1.0,-1.0,-1.0
MAR01348_f,-1.0,-1.0,-1.0,-1.0
MAR01349_f,-1.0,-1.0,-1.0,-1.0
MAR01351,-1.0,-1.0,-1.0,-1.0
MAR01353,171.0,58.3,174.3,243.60000000000002
MAR01354_f,-1.0,-1.0,-1.0,-1.0
MAR01368_f,-1.0,-1.0,-1.0,-1.0
MAR01369_f,-1.0,-1.0,-1.0,-1.0
MAR01371,5.8,3.1,163.4,49.1
MAR01372,126.3,224.4,1420.8000000000002,1072.7
MAR01377,-1.0,-1.0,-1.0,-1.0
MAR01378_f,-1.0,-1.0,-1.0,-1.0
MAR01380,13.6,18.4,91.0,17.5
MAR01381,-1.0,-1.0,-1.0,-1.0
MAR01385,-1.0,-1.0,-1.0,-1.0
MAR01386_f,-1.0,-1.0,-1.0,-1.0
MAR01396,-1.0,-1.0,-1.0,-1.0
MAR01397,52.5,83.0,326.9,120.1
MAR01399,-1.0,-1.0,-1.0,-1.0
MAR01400,-1.0,-1.0,-1.0,-1.0
MAR01435,-1.0,-1.0,-1.0,-1.0
MAR01438_f,-1.0,-1.0,-1.0,-1.0
MAR01439_f,11.7,33.8,86.4,35.5
MAR01441_f,-1.0,-1.0,-1.0,-1.0
MAR01442,-1.0,-1.0,-1.0,-1.0
MAR01444,-1.0,-1.0,-1.0,-1.0
MAR01446,-1.0,-1.0,-1.0,-1.0
MAR01447_f,-1.0,-1.0,-1.0,-1.0
MAR01449,37.0,83.0,170.4,194.0
MAR01450,40.9,107.60000000000001,129.79999999999998,347.3
MAR01452_f,-1.0,-1.0,-1.0,-1.0
MAR01453,735.1000000000001,2806.1,650.8,3434.8
MAR01455_f,-1.0,-1.0,-1.0,-1.0
MAR01456,33.1,58.4,235.5,58.6
MAR01461_f,-1.0,-1.0,-1.0,-1.0
MAR01462_f,-1.0,-1.0,-1.0,-1.0
MAR01463_f,-1.0,-1.0,-1.0,-1.0
MAR01464_f,-1.0,-1.0,-1.0,-1.0
MAR01466_f,-1.0,-1.0,-1.0,-1.0
MAR01468_f,38.9,86.1,313.5,53.8
MAR01469_f,-1.0,-1.0,-1.0,-1.0
MAR01471,-1.0,-1.0,-1.0,-1.0
MAR01472,21.4,67.6,387.6,741.7
MAR01474,194.3,350.40000000000003,2042.4,1873.0
MAR01475,-1.0,-1.0,-1.0,-1.0
MAR01476,-1.0,-1.0,-1.0,-1.0
MAR01480_f,-1.0,-1.0,-1.0,-1.0
MAR01481_f,11.7,33.8,86.4,35.5
MAR01482_f,-1.0,-1.0,-1.0,-1.0
MAR01483,-1.0,-1.0,-1.0,-1.0
MAR01485,-1.0,-1.0,-1.0,-1.0
MAR01486_f,-1.0,-1.0,-1.0,-1.0
MAR01487_f,-1.0,-1.0,-1.0,-1.0
MAR01488_f,25.3,12.3,89.1,9.6
MAR01489_f,11.7,33.8,86.4,35.5
MAR01491_f,-1.0,-1.0,-1.0,-1.0
MAR01492_f,-1.0,-1.0,-1.0,-1.0
MAR01497,-1.0,-1.0,-1.0,-1.0
MAR01498,-1.0,-1.0,-1.0,-1.0
MAR01499_f,-1.0,-1.0,-1.0,-1.0
MAR01501,-1.0,-1.0,-1.0,-1.0
MAR01506,-1.0,-1.0,-1.0,-1.0
MAR01507,-1.0,-1.0,-1.0,-1.0
MAR01508,23.3,3.1,296.9,14.1
MAR01510,23.3,3.1,296.9,14.1
MAR01511,9.7,3.1,6.0,7.2
MAR01513,21.4,43.0,24.0,27.0
MAR01514_f,-1.0,-1.0,-1.0,-1.0
MAR01517_f,15.6,27.7,20.6,91.3
MAR01518,-1.0,-1.0,-1.0,-1.0
MAR01520,13.6,21.5,29.8,53.3
MAR01521,19.4,33.8,43.4,18.8
MAR01522,19.4,33.8,43.4,18.8
MAR01523,126.3,224.4,1420.8000000000002,1072.7
MAR01524,7.8,3.1,29.7,6.3
MAR01525_f,-1.0,-1.0,-1.0,-1.0
MAR01527_f,5.8,6.1,9.3,12.1
MAR01528_f,-1.0,-1.0,-1.0,-1.0
MAR01529_f,-1.0,-1.0,-1.0,-1.0
MAR01534_f,17.5,24.6,10.8,0.4
MAR01537_f,-1.0,-1.0,-1.0,-1.0
MAR01541_f,-1.0,-1.0,-1.0,-1.0
MAR01542,7.8,6.1,2.4,16.9
MAR01554,7.8,6.1,2.4,16.9
MAR01555,-1.0,-1.0,-1.0,-1.0
MAR01556_f,11.7,33.8,86.4,35.5
MAR01559_f,-1.0,-1.0,-1.0,-1.0
MAR01560,-1.0,-1.0,-1.0,-1.0
MAR01561_f,-1.0,-1.0,-1.0,-1.0
MAR01562_f,-1.0,-1.0,-1.0,-1.0
MAR01563_f,-1.0,-1.0,-1.0,-1.0
MAR01564_f,-1.0,-1.0,-1.0,-1.0
MAR01566,-1.0,-1.0,-1.0,-1.0
MAR01567,3.9,9.2,363.4,61.7
MAR01569,3.9,3.1,55.0,4.7
MAR01571,1.9,3.1,1.4,6.7
MAR01574,9.7,6.1,34.0,8.0
MAR01575,-1.0,-1.0,-1.0,-1.0
MAR01578_f,-1.0,-1.0,-1.0,-1.0
MAR01579_f,-1.0,-1.0,-1.0,-1.0
MAR01580_f,-1.0,-1.0,-1.0,-1.0
MAR01582_f,-1.0,-1.0,-1.0,-1.0
MAR01583,-1.0,-1.0,-1.0,-1.0
MAR01586,-1.0,-1.0,-1.0,-1.0
MAR01587,-1.0,-1.0,-1.0,-1.0
MAR01588_f,-1.0,-1.0,-1.0,-1.0
MAR01591,-1.0,-1.0,-1.0,-1.0
MAR01594,-1.0,-1.0,-1.0,-1.0
MAR01596,-1.0,-1.0,-1.0,-1.0
MAR01597_f,-1.0,-1.0,-1.0,-1.0
MAR01600,5.8,3.1,11.1,6.9
MAR01601_f,-1.0,-1.0,-1.0,-1.0
MAR01603,21.4,18.4,213.1,23.8
MAR01606,21.4,18.4,213.1,23.8
MAR01607_f,-1.0,-1.0,-1.0,-1.0
MAR01612,31.1,67.6,32.5,66.3
MAR01615,13.6,3.1,4.2,5.0
MAR01616_f,40.8,58.4,167.1,61.0
MAR01618,-1.0,-1.0,-1.0,-1.0
MAR01621_f,-1.0,-1.0,-1.0,-1.0
MAR01626_f,-1.0,-1.0,-1.0,-1.0
MAR01628,54.5,187.5,152.6,219.8
MAR01633_f,-1.0,-1.0,-1.0,-1.0
MAR01634,48.6,43.0,11.6,19.1
MAR01636,-1.0,-1.0,-1.0,-1.0
MAR01640,-1.0,-1.0,-1.0,-1.0
MAR01641,-1.0,-1.0,-1.0,-1.0
MAR01643,9.7,21.5,5.7,16.8
MAR01645_f,-1.0,-1.0,-1.0,-1.0
MAR01647_f,-1.0,-1.0,-1.0,-1.0
MAR01648_f,-1.0,-1.0,-1.0,-1.0
MAR01649,122.6,36.9,742.9,121.69999999999999
MAR01650_f,-1.0,-1.0,-1.0,-1.0
MAR01654,-1.0,-1.0,-1.0,-1.0
MAR01655,19.4,6.1,276.9,125.5
MAR01657_f,-1.0,-1.0,-1.0,-1.0
MAR01658,40.8,15.4,6.3,13.5
MAR01661,-1.0,-1.0,-1.0,-1.0
MAR01664,-1.0,-1.0,-1.0,-1.0
MAR01669_f,-1.0,-1.0,-1.0,-1.0
MAR01671_f,-1.0,-1.0,-1.0,-1.0
MAR01674,5.8,15.4,28.6,47.7
MAR01675,5.8,15.4,28.6,47.7
MAR01677,5.8,15.4,28.6,47.7
MAR01680_f,-1.0,-1.0,-1.0,-1.0
MAR01683_f,-1.0,-1.0,-1.0,-1.0
MAR01686_f,-1.0,-1.0,-1.0,-1.0
MAR01688_f,-1.0,-1.0,-1.0,-1.0
MAR01690,27.299999999999997,21.5,34.6,36.699999999999996
MAR01698,-1.0,-1.0,-1.0,-1.0
MAR01705,-1.0,-1.0,-1.0,-1.0
MAR01707,-1.0,-1.0,-1.0,-1.0
MAR01711,155.6,430.3,1183.6,827.7
MAR01712_f,-1.0,-1.0,-1.0,-1.0
MAR01713,1.9,3.1,118.1,25.7
MAR01714,42.8,6.1,100.1,4.0
MAR01715,70.0,52.2,188.6,68.0
MAR01719_f,-1.0,-1.0,-1.0,-1.0
MAR01721_f,-1.0,-1.0,-1.0,-1.0
MAR01724,-1.0,-1.0,-1.0,-1.0
MAR01728_f,-1.0,-1.0,-1.0,-1.0
MAR01731_f,-1.0,-1.0,-1.0,-1.0
MAR01732_f,-1.0,-1.0,-1.0,-1.0
MAR01733_f,-1.0,-1.0,-1.0,-1.0
MAR01734_f,-1.0,-1.0,-1.0,-1.0
MAR01736_f,11.7,33.8,86.4,35.5
MAR01755_f,-1.0,-1.0,-1.0,-1.0
MAR01757_f,11.7,33.8,86.4,35.5
MAR01763_f,-1.0,-1.0,-1.0,-1.0
MAR01773_f,11.7,33.8,86.4,35.5
MAR01775_f,-1.0,-1.0,-1.0,-1.0
MAR01779_f,-1.0,-1.0,-1.0,-1.0
MAR01780_f,-1.0,-1.0,-1.0,-1.0
MAR01782_f,-1.0,-1.0,-1.0,-1.0
MAR01788_f,-1.0,-1.0,-1.0,-1.0
MAR01789,-1.0,-1.0,-1.0,-1.0
MAR01791,-1.0,-1.0,-1.0,-1.0
MAR01793,-1.0,-1.0,-1.0,-1.0
MAR01795_f,-1.0,-1.0,-1.0,-1.0
MAR01799_f,-1.0,-1.0,-1.0,-1.0
MAR01801,21.4,36.9,67.8,36.9
MAR01808,21.4,36.9,67.8,36.9
MAR01812,-1.0,-1.0,-1.0,-1.0
MAR01814_f,-1.0,-1.0,-1.0,-1.0
MAR01816,-1.0,-1.0,-1.0,-1.0
MAR01818,44.7,18.4,75.8,47.0
MAR01820_f,-1.0,-1.0,-1.0,-1.0
MAR01821_f,-1.0,-1.0,-1.0,-1.0
MAR01822_f,-1.0,-1.0,-1.0,-1.0
MAR01824_f,-1.0,-1.0,-1.0,-1.0
MAR01825_f,-1.0,-1.0,-1.0,-1.0
MAR01826_f,-1.0,-1.0,-1.0,-1.0
MAR01827_f,-1.0,-1.0,-1.0,-1.0
MAR01828_f,-1.0,-1.0,-1.0,-1.0
MAR01829_f,-1.0,-1.0,-1.0,-1.0
MAR01849_f,-1.0,-1.0,-1.0,-1.0
MAR01851_f,-1.0,-1.0,-1.0,-1.0
MAR01856_f,-1.0,-1.0,-1.0,-1.0
MAR01858_f,-1.0,-1.0,-1.0,-1.0
MAR01860_f,-1.0,-1.0,-1.0,-1.0
MAR01869,-1.0,-1.0,-1.0,-1.0
MAR01871,-1.0,-1.0,-1.0,-1.0
MAR01873,-1.0,-1.0,-1.0,-1.0
MAR01912,-1.0,-1.0,-1.0,-1.0
MAR01918,-1.0,-1.0,-1.0,-1.0
MAR01921,-1.0,-1.0,-1.0,-1.0
MAR01922,-1.0,-1.0,-1.0,-1.0
MAR01923,-1.0,-1.0,-1.0,-1.0
MAR01938,-1.0,-1.0,-1.0,-1.0
MAR01939,-1.0,-1.0,-1.0,-1.0
MAR01946,-1.0,-1.0,-1.0,-1.0
MAR01947,-1.0,-1.0,-1.0,-1.0
MAR01954,-1.0,-1.0,-1.0,-1.0
MAR01955,-1.0,-1.0,-1.0,-1.0
MAR01956,-1.0,-1.0,-1.0,-1.0
MAR01957,-1.0,-1.0,-1.0,-1.0
MAR01961,-1.0,-1.0,-1.0,-1.0
MAR01964,-1.0,-1.0,-1.0,-1.0
MAR01965,-1.0,-1.0,-1.0,-1.0
MAR01966,-1.0,-1.0,-1.0,-1.0
MAR01972,-1.0,-1.0,-1.0,-1.0
MAR01975,-1.0,-1.0,-1.0,-1.0
MAR01984,-1.0,-1.0,-1.0,-1.0
MAR01986,-1.0,-1.0,-1.0,-1.0
MAR02021,-1.0,-1.0,-1.0,-1.0
MAR02023,-1.0,-1.0,-1.0,-1.0
MAR02026,70.0,52.2,188.6,68.0
MAR02028_f,44.7,61.4,113.6,122.9
MAR02119,-1.0,-1.0,-1.0,-1.0
MAR02120,44.7,49.2,35.9,97.8
MAR02121_f,11.7,12.3,86.4,9.6
MAR02122,11.7,12.3,86.4,9.6
MAR02123,11.7,12.3,86.4,9.6
MAR02124_f,1.9,3.1,0.7,0.1
MAR02125_f,1.9,3.1,0.7,0.1
MAR02126,35.0,6.1,0.1,16.5
MAR02128,35.0,6.1,0.1,16.5
MAR02146_f,-1.0,-1.0,-1.0,-1.0
MAR02147,70.0,52.2,188.6,68.0
MAR02148_f,44.7,61.4,113.6,122.9
MAR02149_f,44.7,61.4,113.6,122.9
MAR02183_f,44.7,61.4,113.6,122.9
MAR02184_f,9.7,9.2,57.6,42.9
MAR02186_f,-1.0,-1.0,-1.0,-1.0
MAR02187_f,44.7,61.4,113.6,122.9
MAR02188_f,107.0,6.1,0.1,0.7
MAR02189,107.0,6.1,0.1,0.7
MAR02192_f,107.0,6.1,0.1,0.7
MAR02195,107.0,6.1,0.1,0.7
MAR02196_f,107.0,6.1,0.1,0.7
MAR02197,107.0,6.1,0.1,0.7
MAR02198_f,27.2,61.5,102.9,116.6
MAR02200,-1.0,-1.0,-1.0,-1.0
MAR02206_f,-1.0,-1.0,-1.0,-1.0
MAR02207_f,44.7,61.4,113.6,122.9
MAR02216_f,33.1,30.7,199.4,107.5
MAR02220_f,33.1,30.7,199.4,107.5
MAR02221,-1.0,-1.0,-1.0,-1.0
MAR02222,-1.0,-1.0,-1.0,-1.0
MAR02223,-1.0,-1.0,-1.0,-1.0
MAR02224,-1.0,-1.0,-1.0,-1.0
MAR02225_f,-1.0,-1.0,-1.0,-1.0
MAR02226_f,-1.0,-1.0,-1.0,-1.0
MAR02271,-1.0,-1.0,-1.0,-1.0
MAR02272,9.7,33.8,338.8,58.7
MAR02273,-1.0,-1.0,-1.0,-1.0
MAR02274,-1.0,-1.0,-1.0,-1.0
MAR02275_f,-1.0,-1.0,-1.0,-1.0
MAR02278_f,-1.0,-1.0,-1.0,-1.0
MAR02279,-1.0,-1.0,-1.0,-1.0
MAR02280,-1.0,-1.0,-1.0,-1.0
MAR02283,-1.0,-1.0,-1.0,-1.0
MAR02285,-1.0,-1.0,-1.0,-1.0
MAR02290,-1.0,-1.0,-1.0,-1.0
MAR02291_f,-1.0,-1.0,-1.0,-1.0
MAR02297,-1.0,-1.0,-1.0,-1.0
MAR02298,-1.0,-1.0,-1.0,-1.0
MAR02299,-1.0,-1.0,-1.0,-1.0
MAR02300,-1.0,-1.0,-1.0,-1.0
MAR02301_f,11.7,3.1,41.8,9.1
MAR02302,-1.0,-1.0,-1.0,-1.0
MAR02303_f,33.1,30.7,199.4,107.5
MAR02304,-1.0,-1.0,-1.0,-1.0
MAR02306,-1.0,-1.0,-1.0,-1.0
MAR02308,11.6,9.2,67.4,75.6
MAR02310,153.7,144.5,1251.6,214.9
MAR02312,153.7,144.5,1251.6,214.9
MAR02313,153.7,144.5,1251.6,214.9
MAR02314,153.7,144.5,1251.6,214.9
MAR02316,-1.0,-1.0,-1.0,-1.0
MAR02318,-1.0,-1.0,-1.0,-1.0
MAR02320,-1.0,-1.0,-1.0,-1.0
MAR02322,7.8,6.1,18.6,16.0
MAR02323,11.7,6.1,175.2,5.5
MAR02325,11.7,6.1,175.2,5.5
MAR02327,11.7,6.1,175.2,5.5
MAR02329,-1.0,-1.0,-1.0,-1.0
MAR02331_f,-1.0,-1.0,-1.0,-1.0
MAR02333,-1.0,-1.0,-1.0,-1.0
MAR02335,-1.0,-1.0,-1.0,-1.0
MAR02337_f,-1.0,-1.0,-1.0,-1.0
MAR02339_f,44.7,24.6,634.0,71.0
MAR02340_f,-1.0,-1.0,-1.0,-1.0
MAR02341,25.3,12.3,35.2,27.1
MAR02346_f,-1.0,-1.0,-1.0,-1.0
MAR02351,-1.0,-1.0,-1.0,-1.0
MAR02352,31.2,6.2,33.6,15.6
MAR02357,31.2,6.2,33.6,15.6
MAR02360,-1.0,-1.0,-1.0,-1.0
MAR02375,-1.0,-1.0,-1.0,-1.0
MAR02377_f,-1.0,-1.0,-1.0,-1.0
MAR02379_f,-1.0,-1.0,-1.0,-1.0
MAR02381,106.9,295.0,572.8,569.4
MAR02382,-1.0,-1.0,-1.0,-1.0
MAR02385,-1.0,-1.0,-1.0,-1.0
MAR02386,-1.0,-1.0,-1.0,-1.0
MAR02388,-1.0,-1.0,-1.0,-1.0
MAR02396_f,-1.0,-1.0,-1.0,-1.0
MAR02398_f,-1.0,-1.0,-1.0,-1.0
MAR02400_f,-1.0,-1.0,-1.0,-1.0
MAR02402_f,-1.0,-1.0,-1.0,-1.0
MAR02404_f,-1.0,-1.0,-1.0,-1.0
MAR02405_f,33.1,30.7,199.4,107.5
MAR02406_f,33.1,30.7,199.4,107.5
MAR02413_f,33.1,30.7,199.4,107.5
MAR02414_f,33.1,30.7,199.4,107.5
MAR02416_f,33.1,30.7,199.4,107.5
MAR02418_f,33.1,30.7,199.4,107.5
MAR02420_f,33.1,30.7,199.4,107.5
MAR02422_f,33.1,30.7,199.4,107.5
MAR02424,-1.0,-1.0,-1.0,-1.0
MAR02425,-1.0,-1.0,-1.0,-1.0
MAR02427_f,-1.0,-1.0,-1.0,-1.0
MAR02429_f,-1.0,-1.0,-1.0,-1.0
MAR02431_f,-1.0,-1.0,-1.0,-1.0
MAR02432_f,-1.0,-1.0,-1.0,-1.0
MAR02471_f,-1.0,-1.0,-1.0,-1.0
MAR02473,-1.0,-1.0,-1.0,-1.0
MAR02474,-1.0,-1.0,-1.0,-1.0
MAR02476_f,-1.0,-1.0,-1.0,-1.0
MAR02477,-1.0,-1.0,-1.0,-1.0
MAR02479_f,-1.0,-1.0,-1.0,-1.0
MAR02481_f,-1.0,-1.0,-1.0,-1.0
MAR02483,21.4,18.4,213.1,23.8
MAR02485,21.4,18.4,213.1,23.8
MAR02487_f,13.6,30.8,42.8,285.4
MAR02488_f,27.2,55.4,55.5,125.19999999999999
MAR02492_f,-1.0,-1.0,-1.0,-1.0
MAR02494,-1.0,-1.0,-1.0,-1.0
MAR02496_f,19.4,49.2,53.7,81.0
MAR02498,9.7,24.6,19.1,18.6
MAR02500_f,13.6,30.8,42.8,285.4
MAR02502_f,27.2,55.4,55.5,125.19999999999999
MAR02504_f,13.6,30.8,42.8,285.4
MAR02506_f,27.2,55.4,55.5,125.19999999999999
MAR02507_f,13.6,30.8,42.8,285.4
MAR02508_f,27.2,55.4,55.5,125.19999999999999
MAR02519,70.0,27.6,191.5,73.6
MAR02521_f,44.7,9.2,13.8,20.0
MAR02523_f,9.7,24.6,19.1,18.6
MAR02525_f,182.8,516.3,547.0,526.2
MAR02527_f,-1.0,-1.0,-1.0,-1.0
MAR02529_f,-1.0,-1.0,-1.0,-1.0
MAR02531_f,260.6,713.0,1371.6,724.4
MAR02532_f,77.80000000000001,218.29999999999998,143.6,191.0
MAR02534_f,-1.0,-1.0,-1.0,-1.0
MAR02536_f,-1.0,-1.0,-1.0,-1.0
MAR02538_f,-1.0,-1.0,-1.0,-1.0
MAR02539_f,-1.0,-1.0,-1.0,-1.0
MAR02589_f,-1.0,-1.0,-1.0,-1.0
MAR02595_f,-1.0,-1.0,-1.0,-1.0
MAR02597_f,-1.0,-1.0,-1.0,-1.0
MAR02615,-1.0,-1.0,-1.0,-1.0
MAR02617,122.5,76.8,508.9,956.8
MAR02619,-1.0,-1.0,-1.0,-1.0
MAR02627,122.5,76.8,508.9,956.8
MAR02628,-1.0,-1.0,-1.0,-1.0
MAR02631,122.5,76.8,508.9,956.8
MAR02632,-1.0,-1.0,-1.0,-1.0
MAR02637,122.5,76.8,508.9,956.8
MAR02639_f,-1.0,-1.0,-1.0,-1.0
MAR02641_f,-1.0,-1.0,-1.0,-1.0
MAR02643_f,-1.0,-1.0,-1.0,-1.0
MAR02645,260.6,713.0,1371.6,724.4
MAR02647,-1.0,-1.0,-1.0,-1.0
MAR02694,260.6,713.0,1371.6,724.4
MAR02696,-1.0,-1.0,-1.0,-1.0
MAR02698_f,5.8,6.1,28.1,23.0
MAR02721_f,-1.0,-1.0,-1.0,-1.0
MAR02723,-1.0,-1.0,-1.0,-1.0
MAR02725_f,-1.0,-1.0,-1.0,-1.0
MAR02728_f,-1.0,-1.0,-1.0,-1.0
MAR02743_f,-1.0,-1.0,-1.0,-1.0
MAR02747_f,-1.0,-1.0,-1.0,-1.0
MAR02749_f,-1.0,-1.0,-1.0,-1.0
MAR02751,-1.0,-1.0,-1.0,-1.0
MAR02756_f,-1.0,-1.0,-1.0,-1.0
MAR02763_f,-1.0,-1.0,-1.0,-1.0
MAR02765_f,11.7,24.6,17.7,36.6
MAR02767,-1.0,-1.0,-1.0,-1.0
MAR02779_f,-1.0,-1.0,-1.0,-1.0
MAR02781_f,7.8,6.1,18.6,16.0
MAR02782_f,-1.0,-1.0,-1.0,-1.0
MAR02784,-1.0,-1.0,-1.0,-1.0
MAR02786,147.9,141.39999999999998,1080.0,118.9
MAR02802,153.7,144.5,1251.6,214.9
MAR02804_f,23.3,12.299999999999999,260.7,106.4
MAR02808_f,23.3,12.299999999999999,260.7,106.4
MAR02810_f,23.3,12.299999999999999,260.7,106.4
MAR02818,23.3,12.299999999999999,260.7,106.4
MAR02820_f,-1.0,-1.0,-1.0,-1.0
MAR02826_f,-1.0,-1.0,-1.0,-1.0
MAR02828_f,-1.0,-1.0,-1.0,-1.0
MAR02858_f,9.7,9.2,25.9,13.0
MAR02860_f,-1.0,-1.0,-1.0,-1.0
MAR02881_f,-1.0,-1.0,-1.0,-1.0
MAR02883_f,-1.0,-1.0,-1.0,-1.0
MAR02885_f,3.9,9.2,363.4,61.7
MAR02887,-1.0,-1.0,-1.0,-1.0
MAR02889_f,-1.0,-1.0,-1.0,-1.0
MAR02891_f,3.9,9.2,363.4,61.7
MAR02893,-1.0,-1.0,-1.0,-1.0
MAR02895_f,-1.0,-1.0,-1.0,-1.0
MAR02933,-1.0,-1.0,-1.0,-1.0
MAR02934,-1.0,-1.0,-1.0,-1.0
MAR02935,-1.0,-1.0,-1.0,-1.0
MAR02936_f,-1.0,-1.0,-1.0,-1.0
MAR02937,-1.0,-1.0,-1.0,-1.0
MAR02938_f,-1.0,-1.0,-1.0,-1.0
MAR02939_f,-1.0,-1.0,-1.0,-1.0
MAR02940_f,13.6,30.8,42.8,285.4
MAR02941,-1.0,-1.0,-1.0,-1.0
MAR02950_f,155.6,430.3,1183.6,827.7
MAR02953,155.6,430.3,1183.6,827.7
MAR02958_f,31.1,36.9,33.8,76.6
MAR02960,-1.0,-1.0,-1.0,-1.0
MAR02993,-1.0,-1.0,-1.0,-1.0
MAR02995_f,97.2,307.3,331.2,594.4
MAR02997,31.1,9.2,11.3,9.6
MAR03004,56.4,27.599999999999998,19.7,27.9
MAR03005,-1.0,-1.0,-1.0,-1.0
MAR03006,-1.0,-1.0,-1.0,-1.0
MAR03010_f,21.4,24.6,100.7,18.4
MAR03012_f,21.4,24.6,100.7,18.4
MAR03016_f,-1.0,-1.0,-1.0,-1.0
MAR03031,-1.0,-1.0,-1.0,-1.0
MAR03036_f,-1.0,-1.0,-1.0,-1.0
MAR03038,-1.0,-1.0,-1.0,-1.0
MAR03039,-1.0,-1.0,-1.0,-1.0
MAR03040,3.9,9.2,363.4,61.7
MAR03041_f,-1.0,-1.0,-1.0,-1.0
MAR03042_f,-1.0,-1.0,-1.0,-1.0
MAR03043_f,-1.0,-1.0,-1.0,-1.0
MAR03044_f,13.6,3.1,66.3,39.5
MAR03045_f,-1.0,-1.0,-1.0,-1.0
MAR03046_f,97.2,307.3,331.2,594.4
MAR03047_f,-1.0,-1.0,-1.0,-1.0
MAR03048_f,-1.0,-1.0,-1.0,-1.0
MAR03049_f,-1.0,-1.0,-1.0,-1.0
MAR03050_f,-1.0,-1.0,-1.0,-1.0
MAR03051,122.5,76.8,508.9,956.8
MAR03052,122.5,76.8,508.9,956.8
MAR03061_f,23.3,6.1,128.9,2.9
MAR03119_f,-1.0,-1.0,-1.0,-1.0
MAR03120,-1.0,-1.0,-1.0,-1.0
MAR03124_f,155.5,476.3,5397.9,1792.4
MAR03126_f,-1.0,-1.0,-1.0,-1.0
MAR03127_f,-1.0,-1.0,-1.0,-1.0
MAR03131_f,-1.0,-1.0,-1.0,-1.0
MAR03133,-1.0,-1.0,-1.0,-1.0
MAR03134,-1.0,-1.0,-1.0,-1.0
MAR03138,-1.0,-1.0,-1.0,-1.0
MAR03140_f,-1.0,-1.0,-1.0,-1.0
MAR03141_f,260.6,713.0,1371.6,724.4
MAR03145_f,-1.0,-1.0,-1.0,-1.0
MAR03147_f,-1.0,-1.0,-1.0,-1.0
MAR03148_f,260.6,713.0,1371.6,724.4
MAR03152_f,-1.0,-1.0,-1.0,-1.0
MAR03154_f,97.2,307.3,331.2,594.4
MAR03155_f,97.2,307.3,331.2,594.4
MAR03159_f,97.2,307.3,331.2,594.4
MAR03161_f,97.2,307.3,331.2,594.4
MAR03162_f,11.7,6.1,0.2,107.5
MAR03165_f,25.3,3.1,60.5,18.6
MAR03167,-1.0,-1.0,-1.0,-1.0
MAR03168_f,-1.0,-1.0,-1.0,-1.0
MAR03169,-1.0,-1.0,-1.0,-1.0
MAR03207,122.5,76.8,508.9,956.8
MAR03209_f,3.9,9.2,363.4,61.7
MAR03210_f,-1.0,-1.0,-1.0,-1.0
MAR03214_f,3.9,9.2,363.4,61.7
MAR03216,-1.0,-1.0,-1.0,-1.0
MAR03217_f,-1.0,-1.0,-1.0,-1.0
MAR03238,-1.0,-1.0,-1.0,-1.0
MAR03248,-1.0,-1.0,-1.0,-1.0
MAR03249,-1.0,-1.0,-1.0,-1.0
MAR03251,1.9,6.1,1.1,17.3
MAR03253,1.9,6.1,1.1,17.3
MAR03255,-1.0,-1.0,-1.0,-1.0
MAR03257,-1.0,-1.0,-1.0,-1.0
MAR03259_f,-1.0,-1.0,-1.0,-1.0
MAR03261,-1.0,-1.0,-1.0,-1.0
MAR03263_f,-1.0,-1.0,-1.0,-1.0
MAR03265,-1.0,-1.0,-1.0,-1.0
MAR03266_f,-1.0,-1.0,-1.0,-1.0
MAR03267_f,-1.0,-1.0,-1.0,-1.0
MAR03268_f,-1.0,-1.0,-1.0,-1.0
MAR03269_f,352.1,949.6999999999999,1815.8,1273.3
MAR03270_f,52.5,64.5,512.4,184.1
MAR03271,83.6,119.9,315.0,1034.2
MAR03273,147.9,141.39999999999998,1080.0,118.9
MAR03274,153.7,144.5,1251.6,214.9
MAR03276_f,23.3,12.299999999999999,260.7,106.4
MAR03289_f,23.3,12.299999999999999,260.7,106.4
MAR03291_f,104.89999999999999,301.2,1025.6,768.8000000000001
MAR03295_f,23.3,12.299999999999999,260.7,106.4
MAR03297_f,348.1,1005.0,2367.9,2613.8999999999996
MAR03299_f,19.4,6.1,276.9,125.5
MAR03300,5.8,12.3,11.0,14.7
MAR03303,5.8,12.3,11.0,14.7
MAR03308,5.8,12.3,11.0,14.7
MAR03313,70.1,24.6,50.8,23.2
MAR03318,31.1,9.2,11.3,9.6
MAR03324,-1.0,-1.0,-1.0,-1.0
MAR03325,56.4,27.599999999999998,19.7,27.9
MAR03354,83.6,119.9,315.0,1034.2
MAR03366,17.5,9.2,249.6,99.5
MAR03371,17.5,9.2,249.6,99.5
MAR03374_f,116.69999999999999,553.2,732.3,834.0
MAR03376_f,136.1,396.5,661.2,773.5
MAR03377_f,68.1,344.2,338.1,459.7
MAR03378_f,116.69999999999999,553.2,732.3,834.0
MAR03379_f,348.1,1005.0,2367.9,2613.8999999999996
MAR03380_f,194.5,402.6,1348.8999999999999,817.5999999999999
MAR03381_f,206.2,749.8999999999999,1421.1,1042.6
MAR03382_f,-1.0,-1.0,-1.0,-1.0
MAR03383_f,-1.0,-1.0,-1.0,-1.0
MAR03384,35.0,92.2,169.1,286.3
MAR03385_f,9.7,6.1,26.4,28.5
MAR03386_f,35.0,92.2,169.1,286.3
MAR03387,169.2,175.29999999999998,1310.1000000000001,310.5
MAR03388,-1.0,-1.0,-1.0,-1.0
MAR03389,5.8,3.1,171.6,96.0
MAR03390,-1.0,-1.0,-1.0,-1.0
MAR03391,260.6,713.0,1371.6,724.4
MAR03392,-1.0,-1.0,-1.0,-1.0
MAR03393,70.0,27.6,191.5,73.6
MAR03394_f,44.7,9.2,13.8,20.0
MAR03395_f,44.7,9.2,13.8,20.0
MAR03399,70.0,27.6,191.5,73.6
MAR03400_f,-1.0,-1.0,-1.0,-1.0
MAR03401_f,44.7,9.2,13.8,20.0
MAR03402_f,44.7,9.2,13.8,20.0
MAR03403_f,44.7,9.2,13.8,20.0
MAR03404,70.0,27.6,191.5,73.6
MAR03405_f,44.7,9.2,13.8,20.0
MAR03410_f,44.7,9.2,13.8,20.0
MAR03412_f,44.7,9.2,13.8,20.0
MAR03415,70.0,27.6,191.5,73.6
MAR03417_f,44.7,9.2,13.8,20.0
MAR03418_f,44.7,9.2,13.8,20.0
MAR03419_f,-1.0,-1.0,-1.0,-1.0
MAR03420_f,48.6,6.1,181.3,59.0
MAR03434_f,48.6,6.1,181.3,59.0
MAR03435,-1.0,-1.0,-1.0,-1.0
MAR03436,-1.0,-1.0,-1.0,-1.0
MAR03437_f,-1.0,-1.0,-1.0,-1.0
MAR03438_f,44.7,9.2,13.8,20.0
MAR03439,25.299999999999997,18.4,177.7,53.6
MAR03440,70.0,27.6,191.5,73.6
MAR03442_f,44.7,9.2,13.8,20.0
MAR03443,70.0,27.6,191.5,73.6
MAR03451_f,44.7,9.2,13.8,20.0
MAR03465_f,44.7,9.2,13.8,20.0
MAR03474_f,44.7,9.2,13.8,20.0
MAR03479_f,44.7,9.2,13.8,20.0
MAR03483_f,58.3,92.2,782.2,523.2
MAR03485,70.0,27.6,191.5,73.6
MAR03487_f,44.7,9.2,13.8,20.0
MAR03490_f,44.7,9.2,13.8,20.0
MAR03492_f,44.7,9.2,13.8,20.0
MAR03494,70.0,27.6,191.5,73.6
MAR03495_f,44.7,9.2,13.8,20.0
MAR03496_f,44.7,9.2,13.8,20.0
MAR03497_f,44.7,9.2,13.8,20.0
MAR03499_f,44.7,9.2,13.8,20.0
MAR03500,70.0,27.6,191.5,73.6
MAR03502_f,44.7,9.2,13.8,20.0
MAR03504_f,44.7,9.2,13.8,20.0
MAR03507_f,44.7,9.2,13.8,20.0
MAR03516,70.0,27.6,191.5,73.6
MAR03518_f,44.7,9.2,13.8,20.0
MAR03535_f,44.7,9.2,13.8,20.0
MAR03536_f,-1.0,-1.0,-1.0,-1.0
MAR03598,-1.0,-1.0,-1.0,-1.0
MAR03599_f,-1.0,-1.0,-1.0,-1.0
MAR03600_f,-1.0,-1.0,-1.0,-1.0
MAR03601_f,-1.0,-1.0,-1.0,-1.0
MAR03602_f,-1.0,-1.0,-1.0,-1.0
MAR03603_f,-1.0,-1.0,-1.0,-1.0
MAR03604,70.0,27.6,191.5,73.6
MAR03605,70.0,27.6,191.5,73.6
MAR03606,70.0,27.6,191.5,73.6
MAR03607_f,44.7,9.2,13.8,20.0
MAR03608_f,44.7,9.2,13.8,20.0
MAR03609_f,44.7,9.2,13.8,20.0
MAR03610_f,44.7,9.2,13.8,20.0
MAR03611_f,44.7,9.2,13.8,20.0
MAR03612_f,44.7,9.2,13.8,20.0
MAR03613,-1.0,-1.0,-1.0,-1.0
MAR03614,-1.0,-1.0,-1.0,-1.0
MAR03615_f,44.7,9.2,13.8,20.0
MAR03616_f,44.7,9.2,13.8,20.0
MAR03617_f,44.7,9.2,13.8,20.0
MAR03618,25.299999999999997,18.4,177.7,53.6
MAR03619,70.0,27.6,191.5,73.6
MAR03620_f,-1.0,-1.0,-1.0,-1.0
MAR03621_f,44.7,9.2,13.8,20.0
MAR03623_f,-1.0,-1.0,-1.0,-1.0
MAR03624_f,44.7,9.2,13.8,20.0
MAR03745_f,-1.0,-1.0,-1.0,-1.0
MAR03749_f,44.7,9.2,13.8,20.0
MAR03756_f,19.4,6.1,276.9,125.5
MAR03758_f,-1.0,-1.0,-1.0,-1.0
MAR03764_f,52.5,64.5,512.4,184.1
MAR03766,-1.0,-1.0,-1.0,-1.0
MAR03768,3.9,9.2,363.4,61.7
MAR03774_f,-1.0,-1.0,-1.0,-1.0
MAR03776_f,-1.0,-1.0,-1.0,-1.0
MAR03779,-1.0,-1.0,-1.0,-1.0
MAR03781,-1.0,-1.0,-1.0,-1.0
MAR03786,-1.0,-1.0,-1.0,-1.0
MAR03788,42.8,15.4,8.6,1.5
MAR03791,-1.0,-1.0,-1.0,-1.0
MAR03798,-1.0,-1.0,-1.0,-1.0
MAR03801,147.9,141.39999999999998,1080.0,118.9
MAR03803,153.7,144.5,1251.6,214.9
MAR03805,153.7,144.5,1251.6,214.9
MAR03808_f,108.9,230.5,525.7,383.3
MAR03810_f,-1.0,-1.0,-1.0,-1.0
MAR03812_f,108.9,230.5,525.7,383.3
MAR03814_f,-1.0,-1.0,-1.0,-1.0
MAR03815_f,42.8,83.0,159.1,166.7
MAR03817,124.4,245.9,1184.1000000000001,1091.9
MAR03821_f,25.3,33.8,134.8,97.4
MAR03824,-1.0,-1.0,-1.0,-1.0
MAR03826_f,11.7,6.1,0.2,107.5
MAR03828_f,25.3,3.1,60.5,18.6
MAR03830,-1.0,-1.0,-1.0,-1.0
MAR03834_f,-1.0,-1.0,-1.0,-1.0
MAR03836_f,-1.0,-1.0,-1.0,-1.0
MAR03840,-1.0,-1.0,-1.0,-1.0
MAR03842,-1.0,-1.0,-1.0,-1.0
MAR03844_f,-1.0,-1.0,-1.0,-1.0
MAR03846,147.9,141.39999999999998,1080.0,118.9
MAR03872,153.7,144.5,1251.6,214.9
MAR03874,153.7,144.5,1251.6,214.9
MAR03876_f,108.9,230.5,525.7,383.3
MAR03878,-1.0,-1.0,-1.0,-1.0
MAR03880,-1.0,-1.0,-1.0,-1.0
MAR03882,-1.0,-1.0,-1.0,-1.0
MAR03884,-1.0,-1.0,-1.0,-1.0
MAR03886_f,95.3,608.5,332.7,284.0
MAR03887_f,15.6,76.8,78.1,264.1
MAR03888_f,15.6,76.8,78.1,264.1
MAR03891,-1.0,-1.0,-1.0,-1.0
MAR03893,-1.0,-1.0,-1.0,-1.0
MAR03894_f,15.6,76.8,78.1,264.1
MAR03896_f,15.6,76.8,78.1,264.1
MAR03898_f,-1.0,-1.0,-1.0,-1.0
MAR03900,-1.0,-1.0,-1.0,-1.0
MAR03902,21.4,18.4,213.1,23.8
MAR03904,21.4,18.4,213.1,23.8
MAR03906,-1.0,-1.0,-1.0,-1.0
MAR03909,-1.0,-1.0,-1.0,-1.0
MAR03913,-1.0,-1.0,-1.0,-1.0
MAR03914_f,-1.0,-1.0,-1.0,-1.0
MAR03918_f,777.9,1979.3,1908.4,4270.3
MAR03924_f,443.4,1407.6,955.2,2969.1
MAR03926_f,155.5,476.3,5397.9,1792.4
MAR03927,-1.0,-1.0,-1.0,-1.0
MAR03930,-1.0,-1.0,-1.0,-1.0
MAR03932,-1.0,-1.0,-1.0,-1.0
MAR03934,-1.0,-1.0,-1.0,-1.0
MAR03936,-1.0,-1.0,-1.0,-1.0
MAR03938_f,155.5,476.3,5397.9,1792.4
MAR03941_f,606.7,1118.7,5440.9,2495.8
MAR03942_f,155.5,476.3,5397.9,1792.4
MAR03943_f,606.7,1118.7,5440.9,2495.8
MAR03945_f,155.5,476.3,5397.9,1792.4
MAR03961_f,606.7,1118.7,5440.9,2495.8
MAR03962_f,-1.0,-1.0,-1.0,-1.0
MAR03963_f,155.5,476.3,5397.9,1792.4
MAR03973_f,606.7,1118.7,5440.9,2495.8
MAR03976_f,155.5,476.3,5397.9,1792.4
MAR03978_f,606.7,1118.7,5440.9,2495.8
MAR03981_f,-1.0,-1.0,-1.0,-1.0
MAR03983_f,108.9,230.5,525.7,383.3
MAR03985_f,186.7,307.3,193.3,330.9
MAR03990_f,15.6,76.8,78.1,264.1
MAR03994_f,15.6,76.8,78.1,264.1
MAR03997,17.5,9.2,249.6,99.5
MAR04001,27.2,18.4,353.2,146.8
MAR04003,17.5,9.2,249.6,99.5
MAR04005_f,108.9,230.5,525.7,383.3
MAR04007_f,-1.0,-1.0,-1.0,-1.0
MAR04009,23.299999999999997,40.0,268.0,278.3
MAR04011,-1.0,-1.0,-1.0,-1.0
MAR04013,-1.0,-1.0,-1.0,-1.0
MAR04015,-1.0,-1.0,-1.0,-1.0
MAR04017,-1.0,-1.0,-1.0,-1.0
MAR04019,42.8,15.4,8.6,1.5
MAR04021,21.4,92.2,136.6,221.4
MAR04023,50.6,3.1,650.1,80.5
MAR04025,21.4,92.2,136.6,221.4
MAR04027,21.4,92.2,136.6,221.4
MAR04029,50.6,3.1,650.1,80.5
MAR04031,21.4,92.2,136.6,221.4
MAR04033,21.4,92.2,136.6,221.4
MAR04035,50.6,3.1,650.1,80.5
MAR04037,21.4,92.2,136.6,221.4
MAR04039,-1.0,-1.0,-1.0,-1.0
MAR04041,42.8,15.4,8.6,1.5
MAR04043,21.4,92.2,136.6,221.4
MAR04045,50.6,3.1,650.1,80.5
MAR04047,21.4,92.2,136.6,221.4
MAR04049,-1.0,-1.0,-1.0,-1.0
MAR04051,42.8,15.4,8.6,1.5
MAR04053,-1.0,-1.0,-1.0,-1.0
MAR04055,42.8,15.4,8.6,1.5
MAR04057,21.4,92.2,136.6,221.4
MAR04074,50.6,3.1,650.1,80.5
MAR04076,21.4,92.2,136.6,221.4
MAR04088,-1.0,-1.0,-1.0,-1.0
MAR04090,42.8,15.4,8.6,1.5
MAR04092,-1.0,-1.0,-1.0,-1.0
MAR04094,-1.0,-1.0,-1.0,-1.0
MAR04096,-1.0,-1.0,-1.0,-1.0
MAR04098,-1.0,-1.0,-1.0,-1.0
MAR04100,-1.0,-1.0,-1.0,-1.0
MAR04102,-1.0,-1.0,-1.0,-1.0
MAR04104,-1.0,-1.0,-1.0,-1.0
MAR04110,-1.0,-1.0,-1.0,-1.0
MAR04117,-1.0,-1.0,-1.0,-1.0
MAR04119,-1.0,-1.0,-1.0,-1.0
MAR04129,-1.0,-1.0,-1.0,-1.0
MAR04138,-1.0,-1.0,-1.0,-1.0
MAR04140,-1.0,-1.0,-1.0,-1.0
MAR04142,-1.0,-1.0,-1.0,-1.0
MAR04146,-1.0,-1.0,-1.0,-1.0
MAR04148,-1.0,-1.0,-1.0,-1.0
MAR04150,-1.0,-1.0,-1.0,-1.0
MAR04151,-1.0,-1.0,-1.0,-1.0
MAR04153,-1.0,-1.0,-1.0,-1.0
MAR04154,-1.0,-1.0,-1.0,-1.0
MAR04155,-1.0,-1.0,-1.0,-1.0
MAR04157,-1.0,-1.0,-1.0,-1.0
MAR04161,-1.0,-1.0,-1.0,-1.0
MAR04164,-1.0,-1.0,-1.0,-1.0
MAR04173,-1.0,-1.0,-1.0,-1.0
MAR04178,-1.0,-1.0,-1.0,-1.0
MAR04181,-1.0,-1.0,-1.0,-1.0
MAR04195,-1.0,-1.0,-1.0,-1.0
MAR04203,-1.0,-1.0,-1.0,-1.0
MAR04213,-1.0,-1.0,-1.0,-1.0
MAR04215,-1.0,-1.0,-1.0,-1.0
MAR04217,-1.0,-1.0,-1.0,-1.0
MAR04221,-1.0,-1.0,-1.0,-1.0
MAR04223,-1.0,-1.0,-1.0,-1.0
MAR04226,-1.0,-1.0,-1.0,-1.0
MAR04229,-1.0,-1.0,-1.0,-1.0
MAR04230,-1.0,-1.0,-1.0,-1.0
MAR04234,-1.0,-1.0,-1.0,-1.0
MAR04236,-1.0,-1.0,-1.0,-1.0
MAR04238,-1.0,-1.0,-1.0,-1.0
MAR04240,-1.0,-1.0,-1.0,-1.0
MAR04247,-1.0,-1.0,-1.0,-1.0
MAR04256,-1.0,-1.0,-1.0,-1.0
MAR04258,-1.0,-1.0,-1.0,-1.0
MAR04272,-1.0,-1.0,-1.0,-1.0
MAR04273,-1.0,-1.0,-1.0,-1.0
MAR04286,-1.0,-1.0,-1.0,-1.0
MAR04289,-1.0,-1.0,-1.0,-1.0
MAR04292,-1.0,-1.0,-1.0,-1.0
MAR04293,-1.0,-1.0,-1.0,-1.0
MAR04294,-1.0,-1.0,-1.0,-1.0
MAR04298,-1.0,-1.0,-1.0,-1.0
MAR04305,-1.0,-1.0,-1.0,-1.0
MAR04307,-1.0,-1.0,-1.0,-1.0
MAR04309,-1.0,-1.0,-1.0,-1.0
MAR04311,-1.0,-1.0,-1.0,-1.0
MAR04322,-1.0,-1.0,-1.0,-1.0
MAR04325,-1.0,-1.0,-1.0,-1.0
MAR04327,-1.0,-1.0,-1.0,-1.0
MAR04334,-1.0,-1.0,-1.0,-1.0
MAR04337,-1.0,-1.0,-1.0,-1.0
MAR04339,-1.0,-1.0,-1.0,-1.0
MAR04341,-1.0,-1.0,-1.0,-1.0
MAR04349,-1.0,-1.0,-1.0,-1.0
MAR04353,-1.0,-1.0,-1.0,-1.0
MAR04357,-1.0,-1.0,-1.0,-1.0
MAR04359,-1.0,-1.0,-1.0,-1.0
MAR04361,-1.0,-1.0,-1.0,-1.0
MAR04362,-1.0,-1.0,-1.0,-1.0
MAR04364,-1.0,-1.0,-1.0,-1.0
MAR04366,-1.0,-1.0,-1.0,-1.0
MAR04369,-1.0,-1.0,-1.0,-1.0
MAR04374,-1.0,-1.0,-1.0,-1.0
MAR04376,-1.0,-1.0,-1.0,-1.0
MAR04378,-1.0,-1.0,-1.0,-1.0
MAR04380,-1.0,-1.0,-1.0,-1.0
MAR04382,-1.0,-1.0,-1.0,-1.0
MAR04384,-1.0,-1.0,-1.0,-1.0
MAR04389,-1.0,-1.0,-1.0,-1.0
MAR04392,-1.0,-1.0,-1.0,-1.0
MAR04395,-1.0,-1.0,-1.0,-1.0
MAR04397,-1.0,-1.0,-1.0,-1.0
MAR04405,-1.0,-1.0,-1.0,-1.0
MAR04407,-1.0,-1.0,-1.0,-1.0
MAR04409,-1.0,-1.0,-1.0,-1.0
MAR04413,-1.0,-1.0,-1.0,-1.0
MAR04438_f,289.8,1204.8,2797.5,2856.1
MAR04439_f,289.8,1204.8,2797.5,2856.1
MAR04441,-1.0,-1.0,-1.0,-1.0
MAR04443_f,-1.0,-1.0,-1.0,-1.0
MAR04445_f,50.6,18.4,33.0,19.5
MAR04447,17.5,40.0,25.6,77.3
MAR04457_f,25.3,12.3,89.1,9.6
MAR04462_f,25.3,12.3,89.1,9.6
MAR04475_f,25.3,12.3,89.1,9.6
MAR04479_f,-1.0,-1.0,-1.0,-1.0
MAR04491_f,25.3,12.3,89.1,9.6
MAR04504_f,25.3,12.3,89.1,9.6
MAR04508_f,25.3,12.3,89.1,9.6
MAR04509,17.5,40.0,25.6,77.3
MAR04511,-1.0,-1.0,-1.0,-1.0
MAR04515_f,-1.0,-1.0,-1.0,-1.0
MAR04522_f,25.3,12.3,89.1,9.6
MAR04566_f,289.8,1204.8,2797.5,2856.1
MAR04569_f,25.3,12.3,89.1,9.6
MAR04571_f,25.3,12.3,89.1,9.6
MAR04578_f,289.8,1204.8,2797.5,2856.1
MAR04581_f,25.3,12.3,89.1,9.6
MAR04598_f,25.3,12.3,89.1,9.6
MAR04610_f,25.3,12.3,89.1,9.6
MAR04613_f,25.3,12.3,89.1,9.6
MAR04616_f,289.8,1204.8,2797.5,2856.1
MAR04620_f,25.3,12.3,89.1,9.6
MAR04624_f,25.3,12.3,89.1,9.6
MAR04634_f,25.3,12.3,89.1,9.6
MAR04636_f,25.3,12.3,89.1,9.6
MAR04638_f,25.3,12.3,89.1,9.6
MAR04639_f,25.3,12.3,89.1,9.6
MAR04645_f,-1.0,-1.0,-1.0,-1.0
MAR04661_f,-1.0,-1.0,-1.0,-1.0
MAR04671_f,25.3,12.3,89.1,9.6
MAR04674_f,-1.0,-1.0,-1.0,-1.0
MAR04677_f,-1.0,-1.0,-1.0,-1.0
MAR04678_f,50.6,18.4,33.0,19.5
MAR04707_f,25.3,12.3,89.1,9.6
MAR04711_f,25.3,12.3,89.1,9.6
MAR04719_f,25.3,12.3,89.1,9.6
MAR04722_f,50.6,18.4,33.0,19.5
MAR04726_f,-1.0,-1.0,-1.0,-1.0
MAR04728_f,-1.0,-1.0,-1.0,-1.0
MAR04745_f,25.3,12.3,89.1,9.6
MAR04749_f,25.3,12.3,89.1,9.6
MAR04759_f,25.3,12.3,89.1,9.6
MAR04782_f,-1.0,-1.0,-1.0,-1.0
MAR04783_f,-1.0,-1.0,-1.0,-1.0
MAR04793,-1.0,-1.0,-1.0,-1.0
MAR04803,-1.0,-1.0,-1.0,-1.0
MAR04805,15.5,36.9,510.4,154.7
MAR04807_f,-1.0,-1.0,-1.0,-1.0
MAR04809_f,-1.0,-1.0,-1.0,-1.0
MAR04811,-1.0,-1.0,-1.0,-1.0
MAR04813_f,-1.0,-1.0,-1.0,-1.0
MAR04815,-1.0,-1.0,-1.0,-1.0
MAR04820,-1.0,-1.0,-1.0,-1.0
MAR04821,-1.0,-1.0,-1.0,-1.0
MAR04822,-1.0,-1.0,-1.0,-1.0
MAR04823,-1.0,-1.0,-1.0,-1.0
MAR04824,-1.0,-1.0,-1.0,-1.0
MAR04825,-1.0,-1.0,-1.0,-1.0
MAR04826,-1.0,-1.0,-1.0,-1.0
MAR04827,-1.0,-1.0,-1.0,-1.0
MAR04828,-1.0,-1.0,-1.0,-1.0
MAR04829,-1.0,-1.0,-1.0,-1.0
MAR04830,-1.0,-1.0,-1.0,-1.0
MAR04853,-1.0,-1.0,-1.0,-1.0
MAR04857,-1.0,-1.0,-1.0,-1.0
MAR04859,-1.0,-1.0,-1.0,-1.0
MAR04866,-1.0,-1.0,-1.0,-1.0
MAR04869,-1.0,-1.0,-1.0,-1.0
MAR04884,-1.0,-1.0,-1.0,-1.0
MAR04886,-1.0,-1.0,-1.0,-1.0
MAR04889,-1.0,-1.0,-1.0,-1.0
MAR04891,-1.0,-1.0,-1.0,-1.0
MAR04895,-1.0,-1.0,-1.0,-1.0
MAR04897,-1.0,-1.0,-1.0,-1.0
MAR04899,-1.0,-1.0,-1.0,-1.0
MAR04901,-1.0,-1.0,-1.0,-1.0
MAR04909,-1.0,-1.0,-1.0,-1.0
MAR04918,-1.0,-1.0,-1.0,-1.0
MAR04920,-1.0,-1.0,-1.0,-1.0
MAR04921,-1.0,-1.0,-1.0,-1.0
MAR04923,-1.0,-1.0,-1.0,-1.0
MAR04925,-1.0,-1.0,-1.0,-1.0
MAR04927,-1.0,-1.0,-1.0,-1.0
MAR04929,-1.0,-1.0,-1.0,-1.0
MAR04936,-1.0,-1.0,-1.0,-1.0
MAR04943,-1.0,-1.0,-1.0,-1.0
MAR04950,-1.0,-1.0,-1.0,-1.0
MAR04965,-1.0,-1.0,-1.0,-1.0
MAR04967,33.1,107.6,310.8,250.2
MAR04968,19.4,6.1,235.5,58.6
MAR04970,68.1,344.2,338.1,459.7
MAR04974,13.6,21.5,133.2,156.0
MAR04978,58.3,233.6,279.0,524.7
MAR04981,17.5,9.2,249.6,99.5
MAR04984,33.1,107.6,310.8,250.2
MAR04987,19.4,6.1,235.5,58.6
MAR04988,60.3,184.4,239.5,209.0
MAR04991,56.4,368.8,492.79999999999995,625.0
MAR05001,68.1,344.2,338.1,459.7
MAR05017,13.6,21.5,133.2,156.0
MAR05019,58.3,233.6,279.0,524.7
MAR05024,33.1,107.6,279.0,250.2
MAR05025,17.5,6.1,235.5,58.6
MAR05026,17.5,6.1,235.5,58.6
MAR05028,5.8,3.1,11.1,6.9
MAR05030,33.1,107.6,279.0,250.2
MAR05044,33.1,107.6,279.0,250.2
MAR05069,19.4,6.1,235.5,58.6
MAR05072,33.1,107.6,310.8,250.2
MAR05075,60.3,184.4,239.5,209.0
MAR05081,56.4,368.8,492.79999999999995,625.0
MAR05083,33.1,107.6,310.8,250.2
MAR05086,19.4,6.1,235.5,58.6
MAR05090,60.3,184.4,239.5,209.0
MAR05093,56.4,368.8,492.79999999999995,625.0
MAR05095,33.1,107.6,279.0,250.2
MAR05097,17.5,6.1,235.5,58.6
MAR05098,58.3,233.6,279.0,524.7
MAR05100,17.5,6.1,235.5,58.6
MAR05103_f,-1.0,-1.0,-1.0,-1.0
MAR05104_f,25.3,12.3,89.1,9.6
MAR05106_f,50.6,18.4,33.0,19.5
MAR05108,5.8,3.1,11.1,6.9
MAR05110,68.1,132.2,180.5,171.0
MAR05111,68.1,132.2,180.5,171.0
MAR05119,17.5,6.1,235.5,58.6
MAR05120,68.1,132.2,180.5,171.0
MAR05123,68.1,132.2,180.5,171.0
MAR05175,17.5,6.1,235.5,58.6
MAR05176,68.1,132.2,180.5,171.0
MAR05177,68.1,132.2,180.5,171.0
MAR05178,17.5,6.1,235.5,58.6
MAR05179,68.1,132.2,180.5,171.0
MAR05180,17.5,6.1,235.5,58.6
MAR05181,68.1,132.2,180.5,171.0
MAR05182,17.5,6.1,235.5,58.6
MAR05183,5.8,3.1,171.6,96.0
MAR05184,5.8,3.1,11.1,6.9
MAR05185,68.1,132.2,180.5,171.0
MAR05186,9.7,6.1,26.4,28.5
MAR05187,9.7,6.1,26.4,28.5
MAR05188,68.1,132.2,180.5,171.0
MAR05189,17.5,6.1,235.5,58.6
MAR05190,68.1,132.2,180.5,171.0
MAR05191,68.1,132.2,180.5,171.0
MAR05192,68.1,132.2,180.5,171.0
MAR05193,19.4,6.1,235.5,58.6
MAR05194,68.1,132.2,180.5,171.0
MAR05195,182.8,153.7,321.6,297.9
MAR05196,17.5,9.2,249.6,99.5
MAR05208,68.1,132.2,180.5,171.0
MAR05229,60.3,184.4,239.5,209.0
MAR05235,56.4,368.8,492.79999999999995,625.0
MAR05242,68.1,132.2,180.5,171.0
MAR05256,19.4,6.1,235.5,58.6
MAR05293,13.6,21.5,133.2,156.0
MAR05298,182.8,153.7,321.6,297.9
MAR05300,17.5,9.2,249.6,99.5
MAR05302,68.1,344.2,338.1,459.7
MAR05306,60.3,184.4,239.5,209.0
MAR05309,56.4,368.8,492.79999999999995,625.0
MAR05312,68.1,344.2,338.1,459.7
MAR05321,13.6,21.5,133.2,156.0
MAR05325,68.1,132.2,180.5,171.0
MAR05327,17.5,6.1,235.5,58.6
MAR05329,68.1,132.2,180.5,171.0
MAR05331,17.5,6.1,235.5,58.6
MAR05334,-1.0,-1.0,-1.0,-1.0
MAR05341,-1.0,-1.0,-1.0,-1.0
MAR05343,68.1,132.2,180.5,171.0
MAR05345,68.1,132.2,180.5,171.0
MAR05350,17.5,6.1,235.5,58.6
MAR05355,68.1,132.2,180.5,171.0
MAR05356,68.1,132.2,180.5,171.0
MAR05357,68.1,132.2,180.5,171.0
MAR05358,68.1,132.2,180.5,171.0
MAR05359,68.1,132.2,180.5,171.0
MAR05360,68.1,132.2,180.5,171.0
MAR05364,19.4,6.1,235.5,58.6
MAR05365,68.1,132.2,180.5,171.0
MAR05366,17.5,6.1,235.5,58.6
MAR05367,60.3,184.4,239.5,209.0
MAR05368,56.4,368.8,492.79999999999995,625.0
MAR05369,68.1,132.2,180.5,171.0
MAR05370,60.3,184.4,239.5,209.0
MAR05371,68.1,132.2,180.5,171.0
MAR05372,17.5,6.1,235.5,58.6
MAR05373,68.1,132.2,180.5,171.0
MAR05374,17.5,9.2,249.6,99.5
MAR05375,19.4,6.1,235.5,58.6
MAR05376,68.1,132.2,180.5,171.0
MAR05377,17.5,6.1,235.5,58.6
MAR05378,68.1,132.2,180.5,171.0
MAR05379,19.4,6.1,235.5,58.6
MAR05380,182.8,153.7,321.6,297.9
MAR05382,17.5,9.2,249.6,99.5
MAR05383,60.3,184.4,239.5,209.0
MAR05402,56.4,368.8,492.79999999999995,625.0
MAR05403,68.1,132.2,180.5,171.0
MAR05404,68.1,344.2,338.1,459.7
MAR05405,13.6,21.5,133.2,156.0
MAR05408,182.8,153.7,321.6,297.9
MAR05410,60.3,184.4,239.5,209.0
MAR05412,68.1,344.2,338.1,459.7
MAR05421,17.5,6.1,235.5,58.6
MAR05425,-1.0,-1.0,-1.0,-1.0
MAR05427,-1.0,-1.0,-1.0,-1.0
MAR05428,17.5,6.1,235.5,58.6
MAR05431,17.5,6.1,235.5,58.6
MAR05449,17.5,24.6,197.4,85.8
MAR05456_f,25.3,12.3,89.1,9.6
MAR05988,17.5,24.6,197.4,85.8
MAR05991_f,25.3,12.3,89.1,9.6
MAR05999,25.3,95.3,20.4,90.1
MAR06278_f,25.3,12.3,89.1,9.6
MAR06279,33.1,107.6,310.8,250.2
MAR06280,19.4,6.1,235.5,58.6
MAR06281,60.3,184.4,239.5,209.0
MAR06282,56.4,368.8,492.79999999999995,625.0
MAR06283,33.1,107.6,279.0,250.2
MAR06284,17.5,6.1,235.5,58.6
MAR06285,17.5,6.1,235.5,58.6
MAR06319,33.1,107.6,279.0,250.2
MAR06320,33.1,107.6,279.0,250.2
MAR06322,17.5,6.1,235.5,58.6
MAR06329,33.1,107.6,279.0,250.2
MAR06344,17.5,6.1,235.5,58.6
MAR06345,17.5,6.1,235.5,58.6
MAR06346,-1.0,-1.0,-1.0,-1.0
MAR06347,33.1,107.6,279.0,250.2
MAR06348,-1.0,-1.0,-1.0,-1.0
MAR06349,25.3,33.8,134.8,97.4
MAR06350,25.3,33.8,134.8,97.4
MAR06376,25.3,33.8,134.8,97.4
MAR06378,58.3,233.6,279.0,524.7
MAR06390,68.1,344.2,338.1,459.7
MAR06407,33.1,107.6,310.8,250.2
MAR06418,60.3,184.4,239.5,209.0
MAR06437,68.1,132.2,180.5,171.0
MAR06449,68.1,132.2,180.5,171.0
MAR06452,68.1,132.2,180.5,171.0
MAR06483,19.4,6.1,235.5,58.6
MAR06485_f,289.8,1204.8,2797.5,2856.1
MAR06487_f,289.8,1204.8,2797.5,2856.1
MAR06489_f,289.8,1204.8,2797.5,2856.1
MAR06491_f,289.8,1204.8,2797.5,2856.1
MAR06493_f,289.8,1204.8,2797.5,2856.1
MAR06498_f,-1.0,-1.0,-1.0,-1.0
MAR06499_f,289.8,1204.8,2797.5,2856.1
MAR06502,289.8,1204.8,2797.5,2856.1
MAR06503_f,289.8,1204.8,2797.5,2856.1
MAR06528_f,289.8,1204.8,2797.5,2856.1
MAR06538_f,289.8,1204.8,2797.5,2856.1
MAR06586_f,289.8,1204.8,2797.5,2856.1
MAR06593,289.8,1204.8,2797.5,2856.1
MAR06596,-1.0,-1.0,-1.0,-1.0
MAR06597,-1.0,-1.0,-1.0,-1.0
MAR06598_f,25.3,12.3,89.1,9.6
MAR06599_f,-1.0,-1.0,-1.0,-1.0
MAR06600_f,11.7,33.8,86.4,35.5
MAR06604,15.5,36.9,510.4,154.7
MAR06688_f,289.8,1204.8,2797.5,2856.1
MAR06689_f,-1.0,-1.0,-1.0,-1.0
MAR06696_f,25.3,12.3,89.1,9.6
MAR06698_f,11.7,33.8,86.4,35.5
MAR06724_f,-1.0,-1.0,-1.0,-1.0
MAR06769_f,-1.0,-1.0,-1.0,-1.0
MAR06773_f,-1.0,-1.0,-1.0,-1.0
MAR06775,38.9,24.6,102.9,60.2
MAR06777,17.5,40.0,25.6,77.3
MAR06779,38.9,24.6,102.9,60.2
MAR06804,-1.0,-1.0,-1.0,-1.0
MAR06805_f,-1.0,-1.0,-1.0,-1.0
MAR06809_f,50.6,18.4,33.0,19.5
MAR06810,17.5,40.0,25.6,77.3
MAR06812,-1.0,-1.0,-1.0,-1.0
MAR06816,-1.0,-1.0,-1.0,-1.0
MAR06821_f,-1.0,-1.0,-1.0,-1.0
MAR06825_f,-1.0,-1.0,-1.0,-1.0
MAR06832_f,50.6,18.4,33.0,19.5
MAR06833,-1.0,-1.0,-1.0,-1.0
MAR06846,-1.0,-1.0,-1.0,-1.0
MAR06847_f,50.6,18.4,33.0,19.5
MAR06852,27.2,55.4,55.5,125.19999999999999
MAR06859,54.5,24.6,25.9,126.2
MAR06860,25.3,15.4,29.5,673.6
MAR06861_f,120.6,141.4,114.5,436.2
MAR06862,-1.0,-1.0,-1.0,-1.0
MAR06863,58.4,43.0,27.4,252.4
MAR06864,-1.0,-1.0,-1.0,-1.0
MAR06865,-1.0,-1.0,-1.0,-1.0
MAR06866,-1.0,-1.0,-1.0,-1.0
MAR06867,-1.0,-1.0,-1.0,-1.0
MAR06868,-1.0,-1.0,-1.0,-1.0
MAR06869,-1.0,-1.0,-1.0,-1.0
MAR06870,-1.0,-1.0,-1.0,-1.0
MAR06871,-1.0,-1.0,-1.0,-1.0
MAR06872,-1.0,-1.0,-1.0,-1.0
MAR06873,-1.0,-1.0,-1.0,-1.0
MAR06884,13.6,21.5,36.8,260.3
MAR06887_f,-1.0,-1.0,-1.0,-1.0
MAR06891,33.1,15.4,3.5,221.2
MAR06892,33.1,15.4,3.5,221.2
MAR06893,-1.0,-1.0,-1.0,-1.0
MAR06896,-1.0,-1.0,-1.0,-1.0
MAR06897,58.4,43.0,27.4,252.4
MAR06898_f,120.6,141.4,114.5,436.2
MAR06899,-1.0,-1.0,-1.0,-1.0
MAR06900,-1.0,-1.0,-1.0,-1.0
MAR06913,-1.0,-1.0,-1.0,-1.0
MAR06915_f,13.6,3.1,66.3,39.5
MAR06917,-1.0,-1.0,-1.0,-1.0
MAR06919,-1.0,-1.0,-1.0,-1.0
MAR06920,-1.0,-1.0,-1.0,-1.0
MAR06922,-1.0,-1.0,-1.0,-1.0
MAR07101,-1.0,-1.0,-1.0,-1.0
MAR07102,58.4,43.0,27.4,252.4
MAR07105,58.4,43.0,27.4,252.4
MAR07107_f,31.1,89.1,8556.6,1516.7
MAR07148,-1.0,-1.0,-1.0,-1.0
MAR07149_f,37.0,92.2,102.9,263.7
MAR07150,-1.0,-1.0,-1.0,-1.0
MAR07151,58.4,43.0,27.4,252.4
MAR07152,-1.0,-1.0,-1.0,-1.0
MAR07153,58.4,43.0,27.4,252.4
MAR07154,-1.0,-1.0,-1.0,-1.0
MAR07155_f,31.1,89.1,8556.6,1516.7
MAR07156,-1.0,-1.0,-1.0,-1.0
MAR07157,-1.0,-1.0,-1.0,-1.0
MAR07158,-1.0,-1.0,-1.0,-1.0
MAR07159,-1.0,-1.0,-1.0,-1.0
MAR07176,-1.0,-1.0,-1.0,-1.0
MAR07177,-1.0,-1.0,-1.0,-1.0
MAR07178_f,31.1,89.1,8556.6,1516.7
MAR07179,-1.0,-1.0,-1.0,-1.0
MAR07189,58.4,43.0,27.4,252.4
MAR07190_f,31.1,89.1,8556.6,1516.7
MAR07192,-1.0,-1.0,-1.0,-1.0
MAR07193_f,66.1,98.3,196.4,986.7
MAR07194,25.3,15.4,29.5,673.6
MAR07195,-1.0,-1.0,-1.0,-1.0
MAR07255,-1.0,-1.0,-1.0,-1.0
MAR07439,-1.0,-1.0,-1.0,-1.0
MAR07589,-1.0,-1.0,-1.0,-1.0
MAR07592,-1.0,-1.0,-1.0,-1.0
MAR07593,-1.0,-1.0,-1.0,-1.0
MAR07595,-1.0,-1.0,-1.0,-1.0
MAR07657,-1.0,-1.0,-1.0,-1.0
MAR07658,-1.0,-1.0,-1.0,-1.0
MAR07659,-1.0,-1.0,-1.0,-1.0
MAR07750,-1.0,-1.0,-1.0,-1.0
MAR07751_f,-1.0,-1.0,-1.0,-1.0
MAR07752,-1.0,-1.0,-1.0,-1.0
MAR07753,-1.0,-1.0,-1.0,-1.0
MAR07754,-1.0,-1.0,-1.0,-1.0
MAR07803,-1.0,-1.0,-1.0,-1.0
MAR07805_f,-1.0,-1.0,-1.0,-1.0
MAR07807,-1.0,-1.0,-1.0,-1.0
MAR07809_f,-1.0,-1.0,-1.0,-1.0
MAR07811,-1.0,-1.0,-1.0,-1.0
MAR07813,-1.0,-1.0,-1.0,-1.0
MAR07817,-1.0,-1.0,-1.0,-1.0
MAR07819_f,-1.0,-1.0,-1.0,-1.0
MAR07821,-1.0,-1.0,-1.0,-1.0
MAR07823,-1.0,-1.0,-1.0,-1.0
MAR07926,-1.0,-1.0,-1.0,-1.0
MAR08111,-1.0,-1.0,-1.0,-1.0
MAR08204,-1.0,-1.0,-1.0,-1.0
MAR08218,-1.0,-1.0,-1.0,-1.0
MAR08274,25.3,21.5,21.7,39.1
MAR08301,-1.0,-1.0,-1.0,-1.0
MAR08386,-1.0,-1.0,-1.0,-1.0
MAR08400,-1.0,-1.0,-1.0,-1.0
MAR08422,-1.0,-1.0,-1.0,-1.0
MAR08423,-1.0,-1.0,-1.0,-1.0
MAR08644,-1.0,-1.0,-1.0,-1.0
MAR08646,-1.0,-1.0,-1.0,-1.0
MAR08647,-1.0,-1.0,-1.0,-1.0
MAR08649,-1.0,-1.0,-1.0,-1.0
MAR08650,-1.0,-1.0,-1.0,-1.0
MAR08701,-1.0,-1.0,-1.0,-1.0
MAR08705,-1.0,-1.0,-1.0,-1.0
MAR08707,-1.0,-1.0,-1.0,-1.0
MAR08708,-1.0,-1.0,-1.0,-1.0
MAR08832,-1.0,-1.0,-1.0,-1.0
MAR08916,-1.0,-1.0,-1.0,-1.0
MAR08948,-1.0,-1.0,-1.0,-1.0
MAR08949,-1.0,-1.0,-1.0,-1.0
MAR08950,-1.0,-1.0,-1.0,-1.0
MAR08951,-1.0,-1.0,-1.0,-1.0
MAR08952,-1.0,-1.0,-1.0,-1.0
MAR08953,-1.0,-1.0,-1.0,-1.0
MAR08954,-1.0,-1.0,-1.0,-1.0
MAR08955,-1.0,-1.0,-1.0,-1.0
MAR08956,-1.0,-1.0,-1.0,-1.0
MAR08957,-1.0,-1.0,-1.0,-1.0
MAR08958,-1.0,-1.0,-1.0,-1.0
MAR08959,-1.0,-1.0,-1.0,-1.0
MAR08960,-1.0,-1.0,-1.0,-1.0
MAR08961,-1.0,-1.0,-1.0,-1.0
MAR08962,-1.0,-1.0,-1.0,-1.0
MAR08963,-1.0,-1.0,-1.0,-1.0
MAR08964,-1.0,-1.0,-1.0,-1.0
MAR08965,-1.0,-1.0,-1.0,-1.0
MAR08966,-1.0,-1.0,-1.0,-1.0
MAR08967,-1.0,-1.0,-1.0,-1.0
MAR08968,-1.0,-1.0,-1.0,-1.0
MAR08969,-1.0,-1.0,-1.0,-1.0
MAR08970_f,-1.0,-1.0,-1.0,-1.0
MAR08971,11.7,30.7,0.7,17.3
MAR08972,-1.0,-1.0,-1.0,-1.0
MAR08974,-1.0,-1.0,-1.0,-1.0
MAR08975,-1.0,-1.0,-1.0,-1.0
MAR08976_f,-1.0,-1.0,-1.0,-1.0
MAR08977,-1.0,-1.0,-1.0,-1.0
MAR08978,-1.0,-1.0,-1.0,-1.0
MAR08979_f,-1.0,-1.0,-1.0,-1.0
MAR08980_f,-1.0,-1.0,-1.0,-1.0
MAR08981_f,-1.0,-1.0,-1.0,-1.0
MAR08982_f,-1.0,-1.0,-1.0,-1.0
MAR08983,-1.0,-1.0,-1.0,-1.0
MAR08984,-1.0,-1.0,-1.0,-1.0
MAR08986,-1.0,-1.0,-1.0,-1.0
MAR08987_f,-1.0,-1.0,-1.0,-1.0
MAR08988_f,-1.0,-1.0,-1.0,-1.0
MAR08989_f,-1.0,-1.0,-1.0,-1.0
MAR08991_f,-1.0,-1.0,-1.0,-1.0
MAR08993_f,-1.0,-1.0,-1.0,-1.0
MAR08994_f,-1.0,-1.0,-1.0,-1.0
MAR08995,-1.0,-1.0,-1.0,-1.0
MAR08996,-1.0,-1.0,-1.0,-1.0
MAR08997_f,-1.0,-1.0,-1.0,-1.0
MAR08998_f,-1.0,-1.0,-1.0,-1.0
MAR08999_f,-1.0,-1.0,-1.0,-1.0
MAR09000_f,-1.0,-1.0,-1.0,-1.0
MAR09001_f,-1.0,-1.0,-1.0,-1.0
MAR09002_f,-1.0,-1.0,-1.0,-1.0
MAR09003_f,-1.0,-1.0,-1.0,-1.0
MAR09004_f,-1.0,-1.0,-1.0,-1.0
MAR09005_f,-1.0,-1.0,-1.0,-1.0
MAR09006_f,-1.0,-1.0,-1.0,-1.0
MAR09007_f,-1.0,-1.0,-1.0,-1.0
MAR09008_f,-1.0,-1.0,-1.0,-1.0
MAR09009_f,-1.0,-1.0,-1.0,-1.0
MAR09010,-1.0,-1.0,-1.0,-1.0
MAR09011,-1.0,-1.0,-1.0,-1.0
MAR09012,-1.0,-1.0,-1.0,-1.0
MAR09013,-1.0,-1.0,-1.0,-1.0
MAR09021,-1.0,-1.0,-1.0,-1.0
MAR09025,-1.0,-1.0,-1.0,-1.0
MAR09026,-1.0,-1.0,-1.0,-1.0
MAR09027,-1.0,-1.0,-1.0,-1.0
MAR09028,-1.0,-1.0,-1.0,-1.0
MAR09029,-1.0,-1.0,-1.0,-1.0
MAR09030_f,-1.0,-1.0,-1.0,-1.0
MAR09031_f,-1.0,-1.0,-1.0,-1.0
MAR09057_f,-1.0,-1.0,-1.0,-1.0
MAR09059_f,-1.0,-1.0,-1.0,-1.0
MAR09060_f,-1.0,-1.0,-1.0,-1.0
MAR09112_f,-1.0,-1.0,-1.0,-1.0
MAR09170,-1.0,-1.0,-1.0,-1.0
MAR09186_f,-1.0,-1.0,-1.0,-1.0
MAR09274_f,27.2,9.2,0.7,19.7
MAR09402_f,13.6,9.2,1.5,87.8
MAR09403_f,-1.0,-1.0,-1.0,-1.0
MAR09459_f,-1.0,-1.0,-1.0,-1.0
MAR09526_f,-1.0,-1.0,-1.0,-1.0
MAR09533_f,-1.0,-1.0,-1.0,-1.0
MAR09576_f,-1.0,-1.0,-1.0,-1.0
MAR09589_f,-1.0,-1.0,-1.0,-1.0
MAR09723_f,-1.0,-1.0,-1.0,-1.0
MAR09736_f,-1.0,-1.0,-1.0,-1.0
MAR09819_f,-1.0,-1.0,-1.0,-1.0
MAR09820_f,-1.0,-1.0,-1.0,-1.0
MAR09821_f,-1.0,-1.0,-1.0,-1.0
MAR09822_f,-1.0,-1.0,-1.0,-1.0
MAR09823_f,-1.0,-1.0,-1.0,-1.0
MAR09824_f,-1.0,-1.0,-1.0,-1.0
MAR09825_f,-1.0,-1.0,-1.0,-1.0
MAR09826_f,-1.0,-1.0,-1.0,-1.0
MAR09827_f,-1.0,-1.0,-1.0,-1.0
MAR09828_f,-1.0,-1.0,-1.0,-1.0
MAR09829_f,-1.0,-1.0,-1.0,-1.0
MAR09830_f,-1.0,-1.0,-1.0,-1.0
MAR09831_f,-1.0,-1.0,-1.0,-1.0
MAR09832_f,-1.0,-1.0,-1.0,-1.0
MAR09833_f,-1.0,-1.0,-1.0,-1.0
MAR09834_f,-1.0,-1.0,-1.0,-1.0
MAR09835_f,-1.0,-1.0,-1.0,-1.0
MAR09836_f,-1.0,-1.0,-1.0,-1.0
MAR09837_f,-1.0,-1.0,-1.0,-1.0
MAR09838_f,-1.0,-1.0,-1.0,-1.0
MAR09839_f,-1.0,-1.0,-1.0,-1.0
MAR09840_f,-1.0,-1.0,-1.0,-1.0
MAR09841_f,-1.0,-1.0,-1.0,-1.0
MAR09842,-1.0,-1.0,-1.0,-1.0
MAR09843,-1.0,-1.0,-1.0,-1.0
MAR09844,-1.0,-1.0,-1.0,-1.0
MAR09845,-1.0,-1.0,-1.0,-1.0
MAR09846,-1.0,-1.0,-1.0,-1.0
MAR09847,-1.0,-1.0,-1.0,-1.0
MAR09848,-1.0,-1.0,-1.0,-1.0
MAR09849,-1.0,-1.0,-1.0,-1.0
MAR09850,-1.0,-1.0,-1.0,-1.0
MAR09851,-1.0,-1.0,-1.0,-1.0
MAR09852,-1.0,-1.0,-1.0,-1.0
MAR09853,-1.0,-1.0,-1.0,-1.0
MAR09854,-1.0,-1.0,-1.0,-1.0
MAR09855,-1.0,-1.0,-1.0,-1.0
MAR09856,-1.0,-1.0,-1.0,-1.0
MAR09857,-1.0,-1.0,-1.0,-1.0
MAR09858,-1.0,-1.0,-1.0,-1.0
MAR09859,-1.0,-1.0,-1.0,-1.0
MAR09860,-1.0,-1.0,-1.0,-1.0
MAR09861,-1.0,-1.0,-1.0,-1.0
MAR09862,-1.0,-1.0,-1.0,-1.0
MAR09863,-1.0,-1.0,-1.0,-1.0
MAR09864,-1.0,-1.0,-1.0,-1.0
MAR09865,-1.0,-1.0,-1.0,-1.0
MAR09866,-1.0,-1.0,-1.0,-1.0
MAR09867,-1.0,-1.0,-1.0,-1.0
MAR09868,-1.0,-1.0,-1.0,-1.0
MAR09869,25.3,15.4,29.5,673.6
MAR09870,-1.0,-1.0,-1.0,-1.0
MAR09871,25.3,15.4,29.5,673.6
MAR09872,25.3,15.4,29.5,673.6
MAR09873_f,-1.0,-1.0,-1.0,-1.0
MAR09874_f,-1.0,-1.0,-1.0,-1.0
MAR09875,-1.0,-1.0,-1.0,-1.0
MAR09876,25.3,15.4,29.5,673.6
MAR09877,-1.0,-1.0,-1.0,-1.0
MAR09878_f,-1.0,-1.0,-1.0,-1.0
MAR09879,-1.0,-1.0,-1.0,-1.0
MAR09880,-1.0,-1.0,-1.0,-1.0
MAR09881,-1.0,-1.0,-1.0,-1.0
MAR09882,33.1,6.1,3.0,5.1
MAR09883_f,-1.0,-1.0,-1.0,-1.0
MAR09884_f,1.9,3.1,0.1,34.9
MAR09885_f,-1.0,-1.0,-1.0,-1.0
MAR09886_f,-1.0,-1.0,-1.0,-1.0
MAR09888,25.3,15.4,29.5,673.6
MAR09889_f,-1.0,-1.0,-1.0,-1.0
MAR09890_f,-1.0,-1.0,-1.0,-1.0
MAR09891,25.3,15.4,29.5,673.6
MAR09892,25.3,15.4,29.5,673.6
MAR09893,-1.0,-1.0,-1.0,-1.0
MAR09894,5.8,3.1,171.6,96.0
MAR09895,25.3,15.4,29.5,673.6
MAR09896_f,-1.0,-1.0,-1.0,-1.0
MAR09897,-1.0,-1.0,-1.0,-1.0
MAR09898,25.3,15.4,29.5,673.6
MAR09899,-1.0,-1.0,-1.0,-1.0
MAR09900_f,-1.0,-1.0,-1.0,-1.0
MAR09901,-1.0,-1.0,-1.0,-1.0
MAR09902_f,-1.0,-1.0,-1.0,-1.0
MAR09903,-1.0,-1.0,-1.0,-1.0
MAR09904,25.3,15.4,29.5,673.6
MAR09905_f,-1.0,-1.0,-1.0,-1.0
MAR09906,-1.0,-1.0,-1.0,-1.0
MAR09907,25.3,15.4,29.5,673.6
MAR09908,25.3,15.4,29.5,673.6
MAR09909,25.3,15.4,29.5,673.6
MAR09910,-1.0,-1.0,-1.0,-1.0
MAR09911,-1.0,-1.0,-1.0,-1.0
MAR09912_f,-1.0,-1.0,-1.0,-1.0
MAR09913,-1.0,-1.0,-1.0,-1.0
MAR09914,-1.0,-1.0,-1.0,-1.0
MAR09915,-1.0,-1.0,-1.0,-1.0
MAR09916,-1.0,-1.0,-1.0,-1.0
MAR09917,-1.0,-1.0,-1.0,-1.0
MAR09918,-1.0,-1.0,-1.0,-1.0
MAR09919,-1.0,-1.0,-1.0,-1.0
MAR09920,-1.0,-1.0,-1.0,-1.0
MAR09921,-1.0,-1.0,-1.0,-1.0
MAR09922,-1.0,-1.0,-1.0,-1.0
MAR09923,-1.0,-1.0,-1.0,-1.0
MAR09924,-1.0,-1.0,-1.0,-1.0
MAR09925,-1.0,-1.0,-1.0,-1.0
MAR09926,-1.0,-1.0,-1.0,-1.0
MAR09927_f,-1.0,-1.0,-1.0,-1.0
MAR09928_f,-1.0,-1.0,-1.0,-1.0
MAR09929_f,-1.0,-1.0,-1.0,-1.0
MAR09930_f,-1.0,-1.0,-1.0,-1.0
MAR09931,-1.0,-1.0,-1.0,-1.0
MAR09932,-1.0,-1.0,-1.0,-1.0
MAR09933,-1.0,-1.0,-1.0,-1.0
MAR09934_f,23.3,18.4,277.8,80.8
MAR09935_f,-1.0,-1.0,-1.0,-1.0
MAR09936_f,-1.0,-1.0,-1.0,-1.0
MAR09937,-1.0,-1.0,-1.0,-1.0
MAR09938,-1.0,-1.0,-1.0,-1.0
MAR09939_f,-1.0,-1.0,-1.0,-1.0
MAR09940_f,-1.0,-1.0,-1.0,-1.0
MAR09941,-1.0,-1.0,-1.0,-1.0
MAR09942,35.0,12.3,57.1,12.5
MAR09943,35.0,12.3,57.1,12.5
MAR09944,35.0,12.3,57.1,12.5
MAR09945,35.0,12.3,57.1,12.5
MAR09946,35.0,12.3,57.1,12.5
MAR09947,35.0,12.3,57.1,12.5
MAR09948,-1.0,-1.0,-1.0,-1.0
MAR09949_f,-1.0,-1.0,-1.0,-1.0
MAR09950,-1.0,-1.0,-1.0,-1.0
MAR09951,-1.0,-1.0,-1.0,-1.0
MAR09952_f,-1.0,-1.0,-1.0,-1.0
MAR09953_f,-1.0,-1.0,-1.0,-1.0
MAR09954,-1.0,-1.0,-1.0,-1.0
MAR09955,-1.0,-1.0,-1.0,-1.0
MAR09956,-1.0,-1.0,-1.0,-1.0
MAR09957_f,-1.0,-1.0,-1.0,-1.0
MAR09958_f,-1.0,-1.0,-1.0,-1.0
MAR09959_f,-1.0,-1.0,-1.0,-1.0
MAR09960_f,-1.0,-1.0,-1.0,-1.0
MAR09961_f,-1.0,-1.0,-1.0,-1.0
MAR09962,-1.0,-1.0,-1.0,-1.0
MAR09963,-1.0,-1.0,-1.0,-1.0
MAR09964_f,-1.0,-1.0,-1.0,-1.0
MAR09965,-1.0,-1.0,-1.0,-1.0
MAR09966_f,-1.0,-1.0,-1.0,-1.0
MAR09967_f,-1.0,-1.0,-1.0,-1.0
MAR09968_f,-1.0,-1.0,-1.0,-1.0
MAR09969_f,-1.0,-1.0,-1.0,-1.0
MAR09970_f,-1.0,-1.0,-1.0,-1.0
MAR09971,-1.0,-1.0,-1.0,-1.0
MAR09972_f,-1.0,-1.0,-1.0,-1.0
MAR09973_f,-1.0,-1.0,-1.0,-1.0
MAR09974_f,-1.0,-1.0,-1.0,-1.0
MAR09975_f,-1.0,-1.0,-1.0,-1.0
MAR09976_f,-1.0,-1.0,-1.0,-1.0
MAR09977_f,-1.0,-1.0,-1.0,-1.0
MAR09978_f,-1.0,-1.0,-1.0,-1.0
MAR09979_f,-1.0,-1.0,-1.0,-1.0
MAR09980_f,-1.0,-1.0,-1.0,-1.0
MAR09981_f,-1.0,-1.0,-1.0,-1.0
MAR09982_f,-1.0,-1.0,-1.0,-1.0
MAR09983_f,-1.0,-1.0,-1.0,-1.0
MAR09984_f,-1.0,-1.0,-1.0,-1.0
MAR09985_f,-1.0,-1.0,-1.0,-1.0
MAR09986,-1.0,-1.0,-1.0,-1.0
MAR09987_f,-1.0,-1.0,-1.0,-1.0
MAR09988,-1.0,-1.0,-1.0,-1.0
MAR09989_f,-1.0,-1.0,-1.0,-1.0
MAR09990_f,-1.0,-1.0,-1.0,-1.0
MAR09991_f,-1.0,-1.0,-1.0,-1.0
MAR09992_f,-1.0,-1.0,-1.0,-1.0
MAR09993_f,-1.0,-1.0,-1.0,-1.0
MAR09994_f,-1.0,-1.0,-1.0,-1.0
MAR09995_f,-1.0,-1.0,-1.0,-1.0
MAR09996_f,-1.0,-1.0,-1.0,-1.0
MAR09997_f,-1.0,-1.0,-1.0,-1.0
MAR09998_f,-1.0,-1.0,-1.0,-1.0
MAR09999_f,-1.0,-1.0,-1.0,-1.0
MAR10000_f,-1.0,-1.0,-1.0,-1.0
MAR10001_f,-1.0,-1.0,-1.0,-1.0
MAR10002_f,-1.0,-1.0,-1.0,-1.0
MAR10003_f,-1.0,-1.0,-1.0,-1.0
MAR10004_f,-1.0,-1.0,-1.0,-1.0
MAR10005_f,-1.0,-1.0,-1.0,-1.0
MAR10006_f,-1.0,-1.0,-1.0,-1.0
MAR10007_f,-1.0,-1.0,-1.0,-1.0
MAR10008_f,5.8,3.1,17.8,183.6
MAR10009_f,-1.0,-1.0,-1.0,-1.0
MAR10010,-1.0,-1.0,-1.0,-1.0
MAR10011_f,-1.0,-1.0,-1.0,-1.0
MAR10012_f,-1.0,-1.0,-1.0,-1.0
MAR10013_f,-1.0,-1.0,-1.0,-1.0
MAR10014,-1.0,-1.0,-1.0,-1.0
MAR10015_f,-1.0,-1.0,-1.0,-1.0
MAR10016,-1.0,-1.0,-1.0,-1.0
MAR10017_f,-1.0,-1.0,-1.0,-1.0
MAR10018,-1.0,-1.0,-1.0,-1.0
MAR10019_f,-1.0,-1.0,-1.0,-1.0
MAR10020,-1.0,-1.0,-1.0,-1.0
MAR10021_f,-1.0,-1.0,-1.0,-1.0
MAR10022_f,-1.0,-1.0,-1.0,-1.0
MAR10032_f,-1.0,-1.0,-1.0,-1.0
MAR10133_f,-1.0,-1.0,-1.0,-1.0
MAR10134_f,-1.0,-1.0,-1.0,-1.0
MAR10135_f,-1.0,-1.0,-1.0,-1.0
MAR10136_f,-1.0,-1.0,-1.0,-1.0
MAR10137_f,-1.0,-1.0,-1.0,-1.0
MAR10138_f,-1.0,-1.0,-1.0,-1.0
MAR10139_f,-1.0,-1.0,-1.0,-1.0
MAR10140_f,-1.0,-1.0,-1.0,-1.0
MAR10141,-1.0,-1.0,-1.0,-1.0
MAR10142_f,-1.0,-1.0,-1.0,-1.0
MAR10143_f,-1.0,-1.0,-1.0,-1.0
MAR10144,-1.0,-1.0,-1.0,-1.0
MAR10145,-1.0,-1.0,-1.0,-1.0
MAR10146,-1.0,-1.0,-1.0,-1.0
MAR10147,-1.0,-1.0,-1.0,-1.0
MAR10148,-1.0,-1.0,-1.0,-1.0
MAR10149_f,-1.0,-1.0,-1.0,-1.0
MAR10150,-1.0,-1.0,-1.0,-1.0
MAR10151_f,-1.0,-1.0,-1.0,-1.0
MAR10152_f,-1.0,-1.0,-1.0,-1.0
MAR10153_f,-1.0,-1.0,-1.0,-1.0
MAR10154,-1.0,-1.0,-1.0,-1.0
MAR10155,-1.0,-1.0,-1.0,-1.0
MAR10156_f,-1.0,-1.0,-1.0,-1.0
MAR10157,-1.0,-1.0,-1.0,-1.0
MAR10158_f,-1.0,-1.0,-1.0,-1.0
MAR10159_f,-1.0,-1.0,-1.0,-1.0
MAR10160_f,-1.0,-1.0,-1.0,-1.0
MAR10161_f,-1.0,-1.0,-1.0,-1.0
MAR10162_f,-1.0,-1.0,-1.0,-1.0
MAR10163,-1.0,-1.0,-1.0,-1.0
MAR10165,-1.0,-1.0,-1.0,-1.0
MAR10166,-1.0,-1.0,-1.0,-1.0
MAR10167_f,-1.0,-1.0,-1.0,-1.0
MAR10168_f,-1.0,-1.0,-1.0,-1.0
MAR10169_f,-1.0,-1.0,-1.0,-1.0
MAR10170,-1.0,-1.0,-1.0,-1.0
MAR10171,-1.0,-1.0,-1.0,-1.0
MAR10172,-1.0,-1.0,-1.0,-1.0
MAR10173,-1.0,-1.0,-1.0,-1.0
MAR10174_f,-1.0,-1.0,-1.0,-1.0
MAR10175_f,-1.0,-1.0,-1.0,-1.0
MAR10176,-1.0,-1.0,-1.0,-1.0
MAR10177_f,-1.0,-1.0,-1.0,-1.0
MAR10178_f,-1.0,-1.0,-1.0,-1.0
MAR10179,-1.0,-1.0,-1.0,-1.0
MAR10180,-1.0,-1.0,-1.0,-1.0
MAR10181,-1.0,-1.0,-1.0,-1.0
MAR10182,-1.0,-1.0,-1.0,-1.0
MAR10183,-1.0,-1.0,-1.0,-1.0
MAR10184,-1.0,-1.0,-1.0,-1.0
MAR10185,-1.0,-1.0,-1.0,-1.0
MAR10186,-1.0,-1.0,-1.0,-1.0
MAR10187,-1.0,-1.0,-1.0,-1.0
MAR10188,-1.0,-1.0,-1.0,-1.0
MAR10189,-1.0,-1.0,-1.0,-1.0
MAR10190,-1.0,-1.0,-1.0,-1.0
MAR10191,-1.0,-1.0,-1.0,-1.0
MAR10192,-1.0,-1.0,-1.0,-1.0
MAR10193,-1.0,-1.0,-1.0,-1.0
MAR10194,-1.0,-1.0,-1.0,-1.0
MAR10195,-1.0,-1.0,-1.0,-1.0
MAR10196,-1.0,-1.0,-1.0,-1.0
MAR10197,-1.0,-1.0,-1.0,-1.0
MAR10198,-1.0,-1.0,-1.0,-1.0
MAR10199,-1.0,-1.0,-1.0,-1.0
MAR10200,-1.0,-1.0,-1.0,-1.0
MAR10201,-1.0,-1.0,-1.0,-1.0
MAR10202,-1.0,-1.0,-1.0,-1.0
MAR10203,-1.0,-1.0,-1.0,-1.0
MAR10204,-1.0,-1.0,-1.0,-1.0
MAR10205,-1.0,-1.0,-1.0,-1.0
MAR10206,-1.0,-1.0,-1.0,-1.0
MAR10207,-1.0,-1.0,-1.0,-1.0
MAR10208,-1.0,-1.0,-1.0,-1.0
MAR10209,-1.0,-1.0,-1.0,-1.0
MAR10210,-1.0,-1.0,-1.0,-1.0
MAR10211,-1.0,-1.0,-1.0,-1.0
MAR10212,-1.0,-1.0,-1.0,-1.0
MAR10213,-1.0,-1.0,-1.0,-1.0
MAR10214,-1.0,-1.0,-1.0,-1.0
MAR10215,-1.0,-1.0,-1.0,-1.0
MAR10216,-1.0,-1.0,-1.0,-1.0
MAR10217,-1.0,-1.0,-1.0,-1.0
MAR10218,-1.0,-1.0,-1.0,-1.0
MAR10219,-1.0,-1.0,-1.0,-1.0
MAR10220,-1.0,-1.0,-1.0,-1.0
MAR10221,-1.0,-1.0,-1.0,-1.0
MAR10222,-1.0,-1.0,-1.0,-1.0
MAR10223,-1.0,-1.0,-1.0,-1.0
MAR10224,-1.0,-1.0,-1.0,-1.0
MAR10225,-1.0,-1.0,-1.0,-1.0
MAR10226,-1.0,-1.0,-1.0,-1.0
MAR10227,-1.0,-1.0,-1.0,-1.0
MAR10228,-1.0,-1.0,-1.0,-1.0
MAR10229,-1.0,-1.0,-1.0,-1.0
MAR10230,-1.0,-1.0,-1.0,-1.0
MAR10231,-1.0,-1.0,-1.0,-1.0
MAR10232,-1.0,-1.0,-1.0,-1.0
MAR10233,-1.0,-1.0,-1.0,-1.0
MAR10234,-1.0,-1.0,-1.0,-1.0
MAR10235,-1.0,-1.0,-1.0,-1.0
MAR10236,-1.0,-1.0,-1.0,-1.0
MAR10237,-1.0,-1.0,-1.0,-1.0
MAR10238,-1.0,-1.0,-1.0,-1.0
MAR10239,-1.0,-1.0,-1.0,-1.0
MAR10240,-1.0,-1.0,-1.0,-1.0
MAR10241,-1.0,-1.0,-1.0,-1.0
MAR10242,-1.0,-1.0,-1.0,-1.0
MAR10243,-1.0,-1.0,-1.0,-1.0
MAR10244,-1.0,-1.0,-1.0,-1.0
MAR10245,-1.0,-1.0,-1.0,-1.0
MAR10246,-1.0,-1.0,-1.0,-1.0
MAR10247,-1.0,-1.0,-1.0,-1.0
MAR10248,-1.0,-1.0,-1.0,-1.0
MAR10249,-1.0,-1.0,-1.0,-1.0
MAR10250,-1.0,-1.0,-1.0,-1.0
MAR10251,-1.0,-1.0,-1.0,-1.0
MAR10252,-1.0,-1.0,-1.0,-1.0
MAR10253,-1.0,-1.0,-1.0,-1.0
MAR10254,-1.0,-1.0,-1.0,-1.0
MAR10255,-1.0,-1.0,-1.0,-1.0
MAR10256,-1.0,-1.0,-1.0,-1.0
MAR10257,-1.0,-1.0,-1.0,-1.0
MAR10258,-1.0,-1.0,-1.0,-1.0
MAR10259,-1.0,-1.0,-1.0,-1.0
MAR10260,-1.0,-1.0,-1.0,-1.0
MAR10261,-1.0,-1.0,-1.0,-1.0
MAR10262,-1.0,-1.0,-1.0,-1.0
MAR10263,-1.0,-1.0,-1.0,-1.0
MAR10264,-1.0,-1.0,-1.0,-1.0
MAR10265,-1.0,-1.0,-1.0,-1.0
MAR10266,-1.0,-1.0,-1.0,-1.0
MAR10267,-1.0,-1.0,-1.0,-1.0
MAR10268,-1.0,-1.0,-1.0,-1.0
MAR10269,-1.0,-1.0,-1.0,-1.0
MAR10270,-1.0,-1.0,-1.0,-1.0
MAR10271,-1.0,-1.0,-1.0,-1.0
MAR10272,-1.0,-1.0,-1.0,-1.0
MAR10273,-1.0,-1.0,-1.0,-1.0
MAR10274,-1.0,-1.0,-1.0,-1.0
MAR10275,-1.0,-1.0,-1.0,-1.0
MAR10276,-1.0,-1.0,-1.0,-1.0
MAR10277,-1.0,-1.0,-1.0,-1.0
MAR10278,-1.0,-1.0,-1.0,-1.0
MAR10279,-1.0,-1.0,-1.0,-1.0
MAR10280,-1.0,-1.0,-1.0,-1.0
MAR10281,-1.0,-1.0,-1.0,-1.0
MAR10282,-1.0,-1.0,-1.0,-1.0
MAR10283,-1.0,-1.0,-1.0,-1.0
MAR10284,-1.0,-1.0,-1.0,-1.0
MAR10285,-1.0,-1.0,-1.0,-1.0
MAR10286,-1.0,-1.0,-1.0,-1.0
MAR10287,-1.0,-1.0,-1.0,-1.0
MAR10288,-1.0,-1.0,-1.0,-1.0
MAR10289,-1.0,-1.0,-1.0,-1.0
MAR10290,-1.0,-1.0,-1.0,-1.0
MAR10291,-1.0,-1.0,-1.0,-1.0
MAR10292,-1.0,-1.0,-1.0,-1.0
MAR10293,-1.0,-1.0,-1.0,-1.0
MAR10294,-1.0,-1.0,-1.0,-1.0
MAR10295,-1.0,-1.0,-1.0,-1.0
MAR10296,-1.0,-1.0,-1.0,-1.0
MAR10297,-1.0,-1.0,-1.0,-1.0
MAR10298,-1.0,-1.0,-1.0,-1.0
MAR10299,-1.0,-1.0,-1.0,-1.0
MAR10300,-1.0,-1.0,-1.0,-1.0
MAR10301,-1.0,-1.0,-1.0,-1.0
MAR10302,-1.0,-1.0,-1.0,-1.0
MAR10303,-1.0,-1.0,-1.0,-1.0
MAR10304,-1.0,-1.0,-1.0,-1.0
MAR10305,-1.0,-1.0,-1.0,-1.0
MAR10306,-1.0,-1.0,-1.0,-1.0
MAR10307,-1.0,-1.0,-1.0,-1.0
MAR10308,-1.0,-1.0,-1.0,-1.0
MAR10309,-1.0,-1.0,-1.0,-1.0
MAR10310,-1.0,-1.0,-1.0,-1.0
MAR10311,-1.0,-1.0,-1.0,-1.0
MAR10312,-1.0,-1.0,-1.0,-1.0
MAR10313,-1.0,-1.0,-1.0,-1.0
MAR10314,-1.0,-1.0,-1.0,-1.0
MAR10315,-1.0,-1.0,-1.0,-1.0
MAR10316,-1.0,-1.0,-1.0,-1.0
MAR10317,-1.0,-1.0,-1.0,-1.0
MAR10318,-1.0,-1.0,-1.0,-1.0
MAR10319,-1.0,-1.0,-1.0,-1.0
MAR10320,-1.0,-1.0,-1.0,-1.0
MAR10321,-1.0,-1.0,-1.0,-1.0
MAR10322,-1.0,-1.0,-1.0,-1.0
MAR10323,-1.0,-1.0,-1.0,-1.0
MAR10324,-1.0,-1.0,-1.0,-1.0
MAR10325,-1.0,-1.0,-1.0,-1.0
MAR10326,-1.0,-1.0,-1.0,-1.0
MAR10327,-1.0,-1.0,-1.0,-1.0
MAR10328,-1.0,-1.0,-1.0,-1.0
MAR10329,-1.0,-1.0,-1.0,-1.0
MAR10330,-1.0,-1.0,-1.0,-1.0
MAR10331,-1.0,-1.0,-1.0,-1.0
MAR10332,-1.0,-1.0,-1.0,-1.0
MAR10333,-1.0,-1.0,-1.0,-1.0
MAR10334,-1.0,-1.0,-1.0,-1.0
MAR10335,-1.0,-1.0,-1.0,-1.0
MAR10336,-1.0,-1.0,-1.0,-1.0
MAR10337,-1.0,-1.0,-1.0,-1.0
MAR10338,-1.0,-1.0,-1.0,-1.0
MAR10339,-1.0,-1.0,-1.0,-1.0
MAR10340,-1.0,-1.0,-1.0,-1.0
MAR10341,-1.0,-1.0,-1.0,-1.0
MAR10342,-1.0,-1.0,-1.0,-1.0
MAR10343,-1.0,-1.0,-1.0,-1.0
MAR10344,-1.0,-1.0,-1.0,-1.0
MAR10345,-1.0,-1.0,-1.0,-1.0
MAR10346,-1.0,-1.0,-1.0,-1.0
MAR10347,-1.0,-1.0,-1.0,-1.0
MAR10348,-1.0,-1.0,-1.0,-1.0
MAR10349,-1.0,-1.0,-1.0,-1.0
MAR10350,-1.0,-1.0,-1.0,-1.0
MAR10351,-1.0,-1.0,-1.0,-1.0
MAR10352,-1.0,-1.0,-1.0,-1.0
MAR10353,-1.0,-1.0,-1.0,-1.0
MAR10354,-1.0,-1.0,-1.0,-1.0
MAR10355_f,-1.0,-1.0,-1.0,-1.0
MAR10356_f,-1.0,-1.0,-1.0,-1.0
MAR10357,-1.0,-1.0,-1.0,-1.0
MAR10358,-1.0,-1.0,-1.0,-1.0
MAR10359_f,-1.0,-1.0,-1.0,-1.0
MAR10360_f,-1.0,-1.0,-1.0,-1.0
MAR10361_f,-1.0,-1.0,-1.0,-1.0
MAR10362_f,-1.0,-1.0,-1.0,-1.0
MAR10363_f,-1.0,-1.0,-1.0,-1.0
MAR10364_f,-1.0,-1.0,-1.0,-1.0
MAR10365_f,-1.0,-1.0,-1.0,-1.0
MAR10366_f,-1.0,-1.0,-1.0,-1.0
MAR10367_f,-1.0,-1.0,-1.0,-1.0
MAR10368,-1.0,-1.0,-1.0,-1.0
MAR10369_f,-1.0,-1.0,-1.0,-1.0
MAR10370_f,-1.0,-1.0,-1.0,-1.0
MAR10371_f,-1.0,-1.0,-1.0,-1.0
MAR10372_f,-1.0,-1.0,-1.0,-1.0
MAR10373_f,-1.0,-1.0,-1.0,-1.0
MAR10374,-1.0,-1.0,-1.0,-1.0
MAR10375_f,-1.0,-1.0,-1.0,-1.0
MAR10376_f,-1.0,-1.0,-1.0,-1.0
MAR10377_f,-1.0,-1.0,-1.0,-1.0
MAR10378_f,-1.0,-1.0,-1.0,-1.0
MAR10379_f,-1.0,-1.0,-1.0,-1.0
MAR10380,-1.0,-1.0,-1.0,-1.0
MAR10381,-1.0,-1.0,-1.0,-1.0
MAR10382,-1.0,-1.0,-1.0,-1.0
MAR10383_f,-1.0,-1.0,-1.0,-1.0
MAR10384_f,-1.0,-1.0,-1.0,-1.0
MAR10385_f,-1.0,-1.0,-1.0,-1.0
MAR10386,-1.0,-1.0,-1.0,-1.0
MAR10387_f,-1.0,-1.0,-1.0,-1.0
MAR10388_f,-1.0,-1.0,-1.0,-1.0
MAR10389_f,-1.0,-1.0,-1.0,-1.0
MAR10390_f,-1.0,-1.0,-1.0,-1.0
MAR10391_f,-1.0,-1.0,-1.0,-1.0
MAR10392_f,-1.0,-1.0,-1.0,-1.0
MAR10393_f,-1.0,-1.0,-1.0,-1.0
MAR10394_f,-1.0,-1.0,-1.0,-1.0
MAR10395_f,-1.0,-1.0,-1.0,-1.0
MAR10396_f,-1.0,-1.0,-1.0,-1.0
MAR10397_f,-1.0,-1.0,-1.0,-1.0
MAR10398_f,-1.0,-1.0,-1.0,-1.0
MAR10399_f,-1.0,-1.0,-1.0,-1.0
MAR10400_f,-1.0,-1.0,-1.0,-1.0
MAR10401,-1.0,-1.0,-1.0,-1.0
MAR10402_f,-1.0,-1.0,-1.0,-1.0
MAR10403,-1.0,-1.0,-1.0,-1.0
MAR10404,-1.0,-1.0,-1.0,-1.0
MAR10405_f,-1.0,-1.0,-1.0,-1.0
MAR10406_f,-1.0,-1.0,-1.0,-1.0
MAR10407,-1.0,-1.0,-1.0,-1.0
MAR10408_f,-1.0,-1.0,-1.0,-1.0
MAR10409,-1.0,-1.0,-1.0,-1.0
MAR10411,-1.0,-1.0,-1.0,-1.0
MAR10412,-1.0,-1.0,-1.0,-1.0
MAR10413_f,-1.0,-1.0,-1.0,-1.0
MAR10414_f,-1.0,-1.0,-1.0,-1.0
MAR10415,-1.0,-1.0,-1.0,-1.0
MAR10416,-1.0,-1.0,-1.0,-1.0
MAR10417_f,-1.0,-1.0,-1.0,-1.0
MAR10418_f,-1.0,-1.0,-1.0,-1.0
MAR10419,-1.0,-1.0,-1.0,-1.0
MAR10420_f,-1.0,-1.0,-1.0,-1.0
MAR10421_f,-1.0,-1.0,-1.0,-1.0
MAR10422,-1.0,-1.0,-1.0,-1.0
MAR10423_f,-1.0,-1.0,-1.0,-1.0
MAR10424,-1.0,-1.0,-1.0,-1.0
MAR10425,-1.0,-1.0,-1.0,-1.0
MAR10426,-1.0,-1.0,-1.0,-1.0
MAR10427,-1.0,-1.0,-1.0,-1.0
MAR10428,-1.0,-1.0,-1.0,-1.0
MAR10429,-1.0,-1.0,-1.0,-1.0
MAR10430,-1.0,-1.0,-1.0,-1.0
MAR10431,-1.0,-1.0,-1.0,-1.0
MAR10432,-1.0,-1.0,-1.0,-1.0
MAR10434,-1.0,-1.0,-1.0,-1.0
MAR10435,-1.0,-1.0,-1.0,-1.0
MAR10436,-1.0,-1.0,-1.0,-1.0
MAR10437,-1.0,-1.0,-1.0,-1.0
MAR10438,-1.0,-1.0,-1.0,-1.0
MAR10439,-1.0,-1.0,-1.0,-1.0
MAR10440,-1.0,-1.0,-1.0,-1.0
MAR10441,-1.0,-1.0,-1.0,-1.0
MAR10442,-1.0,-1.0,-1.0,-1.0
MAR10443,-1.0,-1.0,-1.0,-1.0
MAR10444,-1.0,-1.0,-1.0,-1.0
MAR10445,-1.0,-1.0,-1.0,-1.0
MAR10446,-1.0,-1.0,-1.0,-1.0
MAR10448,-1.0,-1.0,-1.0,-1.0
MAR10449,-1.0,-1.0,-1.0,-1.0
MAR10450,-1.0,-1.0,-1.0,-1.0
MAR10451,-1.0,-1.0,-1.0,-1.0
MAR10452,-1.0,-1.0,-1.0,-1.0
MAR10453,-1.0,-1.0,-1.0,-1.0
MAR10454,-1.0,-1.0,-1.0,-1.0
MAR10455_f,-1.0,-1.0,-1.0,-1.0
MAR10456_f,-1.0,-1.0,-1.0,-1.0
MAR10457,-1.0,-1.0,-1.0,-1.0
MAR10458,-1.0,-1.0,-1.0,-1.0
MAR10459_f,13.6,73.8,453.8,1018.6
MAR10460,17.5,166.0,252.1,102.2
MAR10461,-1.0,-1.0,-1.0,-1.0
MAR10462,17.5,166.0,252.1,102.2
MAR10463,-1.0,-1.0,-1.0,-1.0
MAR10464,-1.0,-1.0,-1.0,-1.0
MAR10465,-1.0,-1.0,-1.0,-1.0
MAR10466_f,-1.0,-1.0,-1.0,-1.0
MAR10468_f,-1.0,-1.0,-1.0,-1.0
MAR10470_f,-1.0,-1.0,-1.0,-1.0
MAR10472,-1.0,-1.0,-1.0,-1.0
MAR10473,-1.0,-1.0,-1.0,-1.0
MAR10474,-1.0,-1.0,-1.0,-1.0
MAR10475,-1.0,-1.0,-1.0,-1.0
MAR10476,-1.0,-1.0,-1.0,-1.0
MAR10477,-1.0,-1.0,-1.0,-1.0
MAR10478,-1.0,-1.0,-1.0,-1.0
MAR10479_f,-1.0,-1.0,-1.0,-1.0
MAR10480_f,-1.0,-1.0,-1.0,-1.0
MAR10481_f,-1.0,-1.0,-1.0,-1.0
MAR10482_f,-1.0,-1.0,-1.0,-1.0
MAR10483_f,-1.0,-1.0,-1.0,-1.0
MAR10484_f,-1.0,-1.0,-1.0,-1.0
MAR10485_f,-1.0,-1.0,-1.0,-1.0
MAR10486_f,-1.0,-1.0,-1.0,-1.0
MAR10487_f,-1.0,-1.0,-1.0,-1.0
MAR10488_f,-1.0,-1.0,-1.0,-1.0
MAR10489_f,-1.0,-1.0,-1.0,-1.0
MAR10490,-1.0,-1.0,-1.0,-1.0
MAR10491,-1.0,-1.0,-1.0,-1.0
MAR10492,-1.0,-1.0,-1.0,-1.0
MAR10493,-1.0,-1.0,-1.0,-1.0
MAR10494,-1.0,-1.0,-1.0,-1.0
MAR10495,-1.0,-1.0,-1.0,-1.0
MAR10496,-1.0,-1.0,-1.0,-1.0
MAR10497,-1.0,-1.0,-1.0,-1.0
MAR10498,-1.0,-1.0,-1.0,-1.0
MAR10499,-1.0,-1.0,-1.0,-1.0
MAR10500,-1.0,-1.0,-1.0,-1.0
MAR10501,-1.0,-1.0,-1.0,-1.0
MAR10502,-1.0,-1.0,-1.0,-1.0
MAR10503,-1.0,-1.0,-1.0,-1.0
MAR10504,-1.0,-1.0,-1.0,-1.0
MAR10505,-1.0,-1.0,-1.0,-1.0
MAR10506,-1.0,-1.0,-1.0,-1.0
MAR10507,-1.0,-1.0,-1.0,-1.0
MAR10508,-1.0,-1.0,-1.0,-1.0
MAR10509,-1.0,-1.0,-1.0,-1.0
MAR10510,-1.0,-1.0,-1.0,-1.0
MAR10511,-1.0,-1.0,-1.0,-1.0
MAR10512,-1.0,-1.0,-1.0,-1.0
MAR10513,-1.0,-1.0,-1.0,-1.0
MAR10514,-1.0,-1.0,-1.0,-1.0
MAR10515,-1.0,-1.0,-1.0,-1.0
MAR10516,-1.0,-1.0,-1.0,-1.0
MAR10517,-1.0,-1.0,-1.0,-1.0
MAR10518,-1.0,-1.0,-1.0,-1.0
MAR10519,-1.0,-1.0,-1.0,-1.0
MAR10520,-1.0,-1.0,-1.0,-1.0
MAR10521,-1.0,-1.0,-1.0,-1.0
MAR10522,-1.0,-1.0,-1.0,-1.0
MAR10523,-1.0,-1.0,-1.0,-1.0
MAR10524,-1.0,-1.0,-1.0,-1.0
MAR10525,-1.0,-1.0,-1.0,-1.0
MAR10526,-1.0,-1.0,-1.0,-1.0
MAR10527,-1.0,-1.0,-1.0,-1.0
MAR10528,-1.0,-1.0,-1.0,-1.0
MAR10529,-1.0,-1.0,-1.0,-1.0
MAR10530,-1.0,-1.0,-1.0,-1.0
MAR10531,-1.0,-1.0,-1.0,-1.0
MAR10532,-1.0,-1.0,-1.0,-1.0
MAR10533,-1.0,-1.0,-1.0,-1.0
MAR10534,-1.0,-1.0,-1.0,-1.0
MAR10535,-1.0,-1.0,-1.0,-1.0
MAR10536,-1.0,-1.0,-1.0,-1.0
MAR10537,-1.0,-1.0,-1.0,-1.0
MAR10538,-1.0,-1.0,-1.0,-1.0
MAR10539,-1.0,-1.0,-1.0,-1.0
MAR10540,-1.0,-1.0,-1.0,-1.0
MAR10541,-1.0,-1.0,-1.0,-1.0
MAR10542,-1.0,-1.0,-1.0,-1.0
MAR10543,-1.0,-1.0,-1.0,-1.0
MAR10544,-1.0,-1.0,-1.0,-1.0
MAR10545,-1.0,-1.0,-1.0,-1.0
MAR10546,-1.0,-1.0,-1.0,-1.0
MAR10547,-1.0,-1.0,-1.0,-1.0
MAR10548,-1.0,-1.0,-1.0,-1.0
MAR10549,-1.0,-1.0,-1.0,-1.0
MAR10550,-1.0,-1.0,-1.0,-1.0
MAR10551,-1.0,-1.0,-1.0,-1.0
MAR10552,-1.0,-1.0,-1.0,-1.0
MAR10553,-1.0,-1.0,-1.0,-1.0
MAR10554,-1.0,-1.0,-1.0,-1.0
MAR10555,-1.0,-1.0,-1.0,-1.0
MAR10556,-1.0,-1.0,-1.0,-1.0
MAR10557,-1.0,-1.0,-1.0,-1.0
MAR10558,-1.0,-1.0,-1.0,-1.0
MAR10559,-1.0,-1.0,-1.0,-1.0
MAR10560,-1.0,-1.0,-1.0,-1.0
MAR10561,-1.0,-1.0,-1.0,-1.0
MAR10562,-1.0,-1.0,-1.0,-1.0
MAR10563,-1.0,-1.0,-1.0,-1.0
MAR10564,-1.0,-1.0,-1.0,-1.0
MAR10565,-1.0,-1.0,-1.0,-1.0
MAR10566,-1.0,-1.0,-1.0,-1.0
MAR10567,-1.0,-1.0,-1.0,-1.0
MAR10568,-1.0,-1.0,-1.0,-1.0
MAR10569,-1.0,-1.0,-1.0,-1.0
MAR10570,-1.0,-1.0,-1.0,-1.0
MAR10571,-1.0,-1.0,-1.0,-1.0
MAR10572,-1.0,-1.0,-1.0,-1.0
MAR10573,-1.0,-1.0,-1.0,-1.0
MAR10574,-1.0,-1.0,-1.0,-1.0
MAR10575,-1.0,-1.0,-1.0,-1.0
MAR10576,-1.0,-1.0,-1.0,-1.0
MAR10577,-1.0,-1.0,-1.0,-1.0
MAR10578,-1.0,-1.0,-1.0,-1.0
MAR10579,-1.0,-1.0,-1.0,-1.0
MAR10580,-1.0,-1.0,-1.0,-1.0
MAR10581,-1.0,-1.0,-1.0,-1.0
MAR10582,-1.0,-1.0,-1.0,-1.0
MAR10583,-1.0,-1.0,-1.0,-1.0
MAR10584,-1.0,-1.0,-1.0,-1.0
MAR10585,-1.0,-1.0,-1.0,-1.0
MAR10586,-1.0,-1.0,-1.0,-1.0
MAR10587,-1.0,-1.0,-1.0,-1.0
MAR10588,-1.0,-1.0,-1.0,-1.0
MAR10589,-1.0,-1.0,-1.0,-1.0
MAR10590,-1.0,-1.0,-1.0,-1.0
MAR10591,-1.0,-1.0,-1.0,-1.0
MAR10592,-1.0,-1.0,-1.0,-1.0
MAR10593,-1.0,-1.0,-1.0,-1.0
MAR10594,-1.0,-1.0,-1.0,-1.0
MAR10595,-1.0,-1.0,-1.0,-1.0
MAR10596,-1.0,-1.0,-1.0,-1.0
MAR10597,-1.0,-1.0,-1.0,-1.0
MAR10598,-1.0,-1.0,-1.0,-1.0
MAR10599,-1.0,-1.0,-1.0,-1.0
MAR10600,-1.0,-1.0,-1.0,-1.0
MAR10601,-1.0,-1.0,-1.0,-1.0
MAR10602,-1.0,-1.0,-1.0,-1.0
MAR10603,-1.0,-1.0,-1.0,-1.0
MAR10604,-1.0,-1.0,-1.0,-1.0
MAR10605,-1.0,-1.0,-1.0,-1.0
MAR10606,-1.0,-1.0,-1.0,-1.0
MAR10607,-1.0,-1.0,-1.0,-1.0
MAR10608,-1.0,-1.0,-1.0,-1.0
MAR10609,-1.0,-1.0,-1.0,-1.0
MAR10610,-1.0,-1.0,-1.0,-1.0
MAR10611,-1.0,-1.0,-1.0,-1.0
MAR10612,-1.0,-1.0,-1.0,-1.0
MAR10613,-1.0,-1.0,-1.0,-1.0
MAR10614,-1.0,-1.0,-1.0,-1.0
MAR10615,-1.0,-1.0,-1.0,-1.0
MAR10616,-1.0,-1.0,-1.0,-1.0
MAR10617,-1.0,-1.0,-1.0,-1.0
MAR10618,-1.0,-1.0,-1.0,-1.0
MAR10619,-1.0,-1.0,-1.0,-1.0
MAR10620,-1.0,-1.0,-1.0,-1.0
MAR10621,-1.0,-1.0,-1.0,-1.0
MAR10622,-1.0,-1.0,-1.0,-1.0
MAR10623,-1.0,-1.0,-1.0,-1.0
MAR10624,-1.0,-1.0,-1.0,-1.0
MAR10625,-1.0,-1.0,-1.0,-1.0
MAR10626,-1.0,-1.0,-1.0,-1.0
MAR10627,-1.0,-1.0,-1.0,-1.0
MAR10628,-1.0,-1.0,-1.0,-1.0
MAR10629,-1.0,-1.0,-1.0,-1.0
MAR10630,-1.0,-1.0,-1.0,-1.0
MAR10631,-1.0,-1.0,-1.0,-1.0
MAR10632,-1.0,-1.0,-1.0,-1.0
MAR10633,-1.0,-1.0,-1.0,-1.0
MAR10634,-1.0,-1.0,-1.0,-1.0
MAR10635,-1.0,-1.0,-1.0,-1.0
MAR10636,-1.0,-1.0,-1.0,-1.0
MAR10637,-1.0,-1.0,-1.0,-1.0
MAR10638,-1.0,-1.0,-1.0,-1.0
MAR10639,-1.0,-1.0,-1.0,-1.0
MAR10640,-1.0,-1.0,-1.0,-1.0
MAR10641,-1.0,-1.0,-1.0,-1.0
MAR10642,-1.0,-1.0,-1.0,-1.0
MAR10643,-1.0,-1.0,-1.0,-1.0
MAR10644,-1.0,-1.0,-1.0,-1.0
MAR10645,-1.0,-1.0,-1.0,-1.0
MAR10646,-1.0,-1.0,-1.0,-1.0
MAR10647,-1.0,-1.0,-1.0,-1.0
MAR10648,-1.0,-1.0,-1.0,-1.0
MAR10649,-1.0,-1.0,-1.0,-1.0
MAR10650,-1.0,-1.0,-1.0,-1.0
MAR10651,-1.0,-1.0,-1.0,-1.0
MAR10652,-1.0,-1.0,-1.0,-1.0
MAR10653,-1.0,-1.0,-1.0,-1.0
MAR10654,-1.0,-1.0,-1.0,-1.0
MAR10655,-1.0,-1.0,-1.0,-1.0
MAR10656,-1.0,-1.0,-1.0,-1.0
MAR10657,-1.0,-1.0,-1.0,-1.0
MAR10658,-1.0,-1.0,-1.0,-1.0
MAR10659,-1.0,-1.0,-1.0,-1.0
MAR10660,-1.0,-1.0,-1.0,-1.0
MAR10661,-1.0,-1.0,-1.0,-1.0
MAR10662,-1.0,-1.0,-1.0,-1.0
MAR10663,-1.0,-1.0,-1.0,-1.0
MAR10664,-1.0,-1.0,-1.0,-1.0
MAR10665,-1.0,-1.0,-1.0,-1.0
MAR10666,-1.0,-1.0,-1.0,-1.0
MAR10667,-1.0,-1.0,-1.0,-1.0
MAR10668,-1.0,-1.0,-1.0,-1.0
MAR10669,-1.0,-1.0,-1.0,-1.0
MAR10670,-1.0,-1.0,-1.0,-1.0
MAR10671,-1.0,-1.0,-1.0,-1.0
MAR10672,-1.0,-1.0,-1.0,-1.0
MAR10673,-1.0,-1.0,-1.0,-1.0
MAR10674,-1.0,-1.0,-1.0,-1.0
MAR10675,-1.0,-1.0,-1.0,-1.0
MAR10676,-1.0,-1.0,-1.0,-1.0
MAR10677,-1.0,-1.0,-1.0,-1.0
MAR10678,-1.0,-1.0,-1.0,-1.0
MAR10679,-1.0,-1.0,-1.0,-1.0
MAR10680,-1.0,-1.0,-1.0,-1.0
MAR10681,-1.0,-1.0,-1.0,-1.0
MAR10682,-1.0,-1.0,-1.0,-1.0
MAR10683,-1.0,-1.0,-1.0,-1.0
MAR10684,-1.0,-1.0,-1.0,-1.0
MAR10685,-1.0,-1.0,-1.0,-1.0
MAR10686,-1.0,-1.0,-1.0,-1.0
MAR10687,-1.0,-1.0,-1.0,-1.0
MAR10688,-1.0,-1.0,-1.0,-1.0
MAR10689,-1.0,-1.0,-1.0,-1.0
MAR10690,-1.0,-1.0,-1.0,-1.0
MAR10691,-1.0,-1.0,-1.0,-1.0
MAR10692,-1.0,-1.0,-1.0,-1.0
MAR10693,-1.0,-1.0,-1.0,-1.0
MAR10694,-1.0,-1.0,-1.0,-1.0
MAR10695,-1.0,-1.0,-1.0,-1.0
MAR10696,-1.0,-1.0,-1.0,-1.0
MAR10697,-1.0,-1.0,-1.0,-1.0
MAR10698,-1.0,-1.0,-1.0,-1.0
MAR10699,-1.0,-1.0,-1.0,-1.0
MAR10700,-1.0,-1.0,-1.0,-1.0
MAR10701,-1.0,-1.0,-1.0,-1.0
MAR10702,-1.0,-1.0,-1.0,-1.0
MAR10703,-1.0,-1.0,-1.0,-1.0
MAR10704,-1.0,-1.0,-1.0,-1.0
MAR10705,-1.0,-1.0,-1.0,-1.0
MAR10706,-1.0,-1.0,-1.0,-1.0
MAR10707,-1.0,-1.0,-1.0,-1.0
MAR10708,-1.0,-1.0,-1.0,-1.0
MAR10709,-1.0,-1.0,-1.0,-1.0
MAR10710,-1.0,-1.0,-1.0,-1.0
MAR10711,-1.0,-1.0,-1.0,-1.0
MAR10712,-1.0,-1.0,-1.0,-1.0
MAR10713,-1.0,-1.0,-1.0,-1.0
MAR10714,-1.0,-1.0,-1.0,-1.0
MAR10715,-1.0,-1.0,-1.0,-1.0
MAR10716,-1.0,-1.0,-1.0,-1.0
MAR10717,-1.0,-1.0,-1.0,-1.0
MAR10718,-1.0,-1.0,-1.0,-1.0
MAR10719,-1.0,-1.0,-1.0,-1.0
MAR10720,-1.0,-1.0,-1.0,-1.0
MAR10721,-1.0,-1.0,-1.0,-1.0
MAR10722,-1.0,-1.0,-1.0,-1.0
MAR10723,-1.0,-1.0,-1.0,-1.0
MAR10724,-1.0,-1.0,-1.0,-1.0
MAR10725,-1.0,-1.0,-1.0,-1.0
MAR10726,-1.0,-1.0,-1.0,-1.0
MAR10727,-1.0,-1.0,-1.0,-1.0
MAR10728,-1.0,-1.0,-1.0,-1.0
MAR10729,-1.0,-1.0,-1.0,-1.0
MAR10730,-1.0,-1.0,-1.0,-1.0
MAR10731,-1.0,-1.0,-1.0,-1.0
MAR10732,-1.0,-1.0,-1.0,-1.0
MAR10733,-1.0,-1.0,-1.0,-1.0
MAR10734,-1.0,-1.0,-1.0,-1.0
MAR10735,-1.0,-1.0,-1.0,-1.0
MAR10736,-1.0,-1.0,-1.0,-1.0
MAR10737,-1.0,-1.0,-1.0,-1.0
MAR10738,-1.0,-1.0,-1.0,-1.0
MAR10739_f,9.7,6.1,0.1,1.7
MAR10740_f,9.7,6.1,0.1,1.7
MAR10741_f,9.7,6.1,0.1,1.7
MAR10742_f,9.7,6.1,0.1,1.7
MAR10743_f,9.7,6.1,0.1,1.7
MAR10744_f,9.7,6.1,0.1,1.7
MAR10745_f,9.7,6.1,0.1,1.7
MAR10746_f,9.7,6.1,0.1,1.7
MAR10747_f,9.7,6.1,0.1,1.7
MAR10748_f,9.7,6.1,0.1,1.7
MAR10749_f,9.7,6.1,0.1,1.7
MAR10750_f,9.7,6.1,0.1,1.7
MAR10751_f,9.7,6.1,0.1,1.7
MAR10752_f,9.7,6.1,0.1,1.7
MAR10753_f,9.7,6.1,0.1,1.7
MAR10754_f,9.7,6.1,0.1,1.7
MAR10755_f,9.7,6.1,0.1,1.7
MAR10756_f,9.7,6.1,0.1,1.7
MAR10757_f,9.7,6.1,0.1,1.7
MAR10758_f,9.7,6.1,0.1,1.7
MAR10759_f,9.7,6.1,0.1,1.7
MAR10760_f,9.7,6.1,0.1,1.7
MAR10761_f,9.7,6.1,0.1,1.7
MAR10762_f,9.7,6.1,0.1,1.7
MAR10763_f,9.7,6.1,0.1,1.7
MAR10764_f,9.7,6.1,0.1,1.7
MAR10765_f,9.7,6.1,0.1,1.7
MAR10766_f,9.7,6.1,0.1,1.7
MAR10767_f,9.7,6.1,0.1,1.7
MAR10768_f,9.7,6.1,0.1,1.7
MAR10769_f,9.7,6.1,0.1,1.7
MAR10770_f,9.7,6.1,0.1,1.7
MAR10771_f,9.7,6.1,0.1,1.7
MAR10772_f,9.7,6.1,0.1,1.7
MAR10773_f,9.7,6.1,0.1,1.7
MAR10774_f,9.7,6.1,0.1,1.7
MAR10775_f,9.7,6.1,0.1,1.7
MAR10776_f,9.7,6.1,0.1,1.7
MAR10777_f,9.7,6.1,0.1,1.7
MAR10778_f,9.7,6.1,0.1,1.7
MAR10779_f,9.7,6.1,0.1,1.7
MAR10780_f,9.7,6.1,0.1,1.7
MAR10781_f,9.7,6.1,0.1,1.7
MAR10782_f,9.7,6.1,0.1,1.7
MAR10783_f,9.7,6.1,0.1,1.7
MAR10784_f,9.7,6.1,0.1,1.7
MAR10785_f,9.7,6.1,0.1,1.7
MAR10786_f,9.7,6.1,0.1,1.7
MAR10787_f,9.7,6.1,0.1,1.7
MAR10788_f,9.7,6.1,0.1,1.7
MAR10789_f,9.7,6.1,0.1,1.7
MAR10790_f,9.7,6.1,0.1,1.7
MAR10791_f,9.7,6.1,0.1,1.7
MAR10792_f,9.7,6.1,0.1,1.7
MAR10793_f,9.7,6.1,0.1,1.7
MAR10794_f,9.7,6.1,0.1,1.7
MAR10795_f,9.7,6.1,0.1,1.7
MAR10796_f,9.7,6.1,0.1,1.7
MAR10797_f,9.7,6.1,0.1,1.7
MAR10798_f,9.7,6.1,0.1,1.7
MAR10799_f,9.7,6.1,0.1,1.7
MAR10800_f,9.7,6.1,0.1,1.7
MAR10801_f,9.7,6.1,0.1,1.7
MAR10802_f,9.7,6.1,0.1,1.7
MAR10803_f,9.7,6.1,0.1,1.7
MAR10804_f,9.7,6.1,0.1,1.7
MAR10805_f,9.7,6.1,0.1,1.7
MAR10806_f,9.7,6.1,0.1,1.7
MAR10807_f,9.7,6.1,0.1,1.7
MAR10808_f,9.7,6.1,0.1,1.7
MAR10809_f,9.7,6.1,0.1,1.7
MAR10810_f,9.7,6.1,0.1,1.7
MAR10811_f,9.7,6.1,0.1,1.7
MAR10812_f,9.7,6.1,0.1,1.7
MAR10813_f,9.7,6.1,0.1,1.7
MAR10814_f,9.7,6.1,0.1,1.7
MAR10815_f,9.7,6.1,0.1,1.7
MAR10816_f,9.7,6.1,0.1,1.7
MAR10817_f,9.7,6.1,0.1,1.7
MAR10818_f,9.7,6.1,0.1,1.7
MAR10819_f,9.7,6.1,0.1,1.7
MAR10820_f,9.7,6.1,0.1,1.7
MAR10821_f,9.7,6.1,0.1,1.7
MAR10822_f,9.7,6.1,0.1,1.7
MAR10823_f,9.7,6.1,0.1,1.7
MAR10824_f,9.7,6.1,0.1,1.7
MAR10825_f,9.7,6.1,0.1,1.7
MAR10826_f,9.7,6.1,0.1,1.7
MAR10827_f,9.7,6.1,0.1,1.7
MAR10828_f,9.7,6.1,0.1,1.7
MAR10829_f,9.7,6.1,0.1,1.7
MAR10830_f,9.7,6.1,0.1,1.7
MAR10831_f,9.7,6.1,0.1,1.7
MAR10832_f,9.7,6.1,0.1,1.7
MAR10833_f,9.7,6.1,0.1,1.7
MAR10834_f,9.7,6.1,0.1,1.7
MAR10835_f,9.7,6.1,0.1,1.7
MAR10836_f,9.7,6.1,0.1,1.7
MAR10837_f,9.7,6.1,0.1,1.7
MAR10838_f,9.7,6.1,0.1,1.7
MAR10839_f,9.7,6.1,0.1,1.7
MAR10840_f,9.7,6.1,0.1,1.7
MAR10841_f,9.7,6.1,0.1,1.7
MAR10842_f,9.7,6.1,0.1,1.7
MAR10843_f,9.7,6.1,0.1,1.7
MAR10844_f,9.7,6.1,0.1,1.7
MAR10845_f,9.7,6.1,0.1,1.7
MAR10846_f,9.7,6.1,0.1,1.7
MAR10847_f,9.7,6.1,0.1,1.7
MAR10848_f,9.7,6.1,0.1,1.7
MAR10849_f,9.7,6.1,0.1,1.7
MAR10850_f,9.7,6.1,0.1,1.7
MAR10851_f,9.7,6.1,0.1,1.7
MAR10852_f,9.7,6.1,0.1,1.7
MAR10853_f,9.7,6.1,0.1,1.7
MAR10854_f,9.7,6.1,0.1,1.7
MAR10855_f,9.7,6.1,0.1,1.7
MAR10856_f,9.7,6.1,0.1,1.7
MAR10857_f,9.7,6.1,0.1,1.7
MAR10858_f,9.7,6.1,0.1,1.7
MAR10859_f,9.7,6.1,0.1,1.7
MAR10860_f,9.7,6.1,0.1,1.7
MAR10861_f,9.7,6.1,0.1,1.7
MAR10862_f,9.7,6.1,0.1,1.7
MAR10863_f,9.7,6.1,0.1,1.7
MAR10864_f,9.7,6.1,0.1,1.7
MAR10865_f,9.7,6.1,0.1,1.7
MAR10866_f,9.7,6.1,0.1,1.7
MAR10867_f,9.7,6.1,0.1,1.7
MAR10868_f,9.7,6.1,0.1,1.7
MAR10869_f,9.7,6.1,0.1,1.7
MAR10870_f,9.7,6.1,0.1,1.7
MAR10871_f,9.7,6.1,0.1,1.7
MAR10872_f,9.7,6.1,0.1,1.7
MAR10873_f,9.7,6.1,0.1,1.7
MAR10874_f,9.7,6.1,0.1,1.7
MAR10875_f,9.7,6.1,0.1,1.7
MAR10876_f,9.7,6.1,0.1,1.7
MAR10877_f,9.7,6.1,0.1,1.7
MAR10878_f,9.7,6.1,0.1,1.7
MAR10879_f,9.7,6.1,0.1,1.7
MAR10880_f,9.7,6.1,0.1,1.7
MAR10881_f,9.7,6.1,0.1,1.7
MAR10882_f,9.7,6.1,0.1,1.7
MAR10883_f,9.7,6.1,0.1,1.7
MAR10884_f,9.7,6.1,0.1,1.7
MAR10885_f,9.7,6.1,0.1,1.7
MAR10886_f,9.7,6.1,0.1,1.7
MAR10887_f,9.7,6.1,0.1,1.7
MAR10888_f,9.7,6.1,0.1,1.7
MAR10889_f,9.7,6.1,0.1,1.7
MAR10890_f,9.7,6.1,0.1,1.7
MAR10891_f,9.7,6.1,0.1,1.7
MAR10892_f,9.7,6.1,0.1,1.7
MAR10893_f,9.7,6.1,0.1,1.7
MAR10894_f,9.7,6.1,0.1,1.7
MAR10895_f,9.7,6.1,0.1,1.7
MAR10896_f,9.7,6.1,0.1,1.7
MAR10897_f,9.7,6.1,0.1,1.7
MAR10898_f,9.7,6.1,0.1,1.7
MAR10899_f,9.7,6.1,0.1,1.7
MAR10900_f,9.7,6.1,0.1,1.7
MAR10901_f,9.7,6.1,0.1,1.7
MAR10902_f,9.7,6.1,0.1,1.7
MAR10903_f,9.7,6.1,0.1,1.7
MAR10904_f,9.7,6.1,0.1,1.7
MAR10905_f,9.7,6.1,0.1,1.7
MAR10906_f,9.7,6.1,0.1,1.7
MAR10907_f,9.7,6.1,0.1,1.7
MAR10908_f,9.7,6.1,0.1,1.7
MAR10909_f,9.7,6.1,0.1,1.7
MAR10910_f,9.7,6.1,0.1,1.7
MAR10911_f,9.7,6.1,0.1,1.7
MAR10912_f,9.7,6.1,0.1,1.7
MAR10913_f,9.7,6.1,0.1,1.7
MAR10914_f,9.7,6.1,0.1,1.7
MAR10915_f,9.7,6.1,0.1,1.7
MAR10916_f,9.7,6.1,0.1,1.7
MAR10917_f,9.7,6.1,0.1,1.7
MAR10918_f,9.7,6.1,0.1,1.7
MAR10919_f,9.7,6.1,0.1,1.7
MAR10920_f,9.7,6.1,0.1,1.7
MAR10921_f,9.7,6.1,0.1,1.7
MAR10922_f,9.7,6.1,0.1,1.7
MAR10923_f,9.7,6.1,0.1,1.7
MAR10924_f,9.7,6.1,0.1,1.7
MAR10925_f,9.7,6.1,0.1,1.7
MAR10926_f,9.7,6.1,0.1,1.7
MAR10927_f,9.7,6.1,0.1,1.7
MAR10928_f,9.7,6.1,0.1,1.7
MAR10929_f,9.7,6.1,0.1,1.7
MAR10930_f,9.7,6.1,0.1,1.7
MAR10931_f,9.7,6.1,0.1,1.7
MAR10932_f,9.7,6.1,0.1,1.7
MAR10933_f,9.7,6.1,0.1,1.7
MAR10934_f,9.7,6.1,0.1,1.7
MAR10935_f,9.7,6.1,0.1,1.7
MAR10936_f,9.7,6.1,0.1,1.7
MAR10937_f,9.7,6.1,0.1,1.7
MAR10938_f,9.7,6.1,0.1,1.7
MAR10939_f,9.7,6.1,0.1,1.7
MAR10940_f,9.7,6.1,0.1,1.7
MAR10941_f,9.7,6.1,0.1,1.7
MAR10942_f,9.7,6.1,0.1,1.7
MAR10943_f,9.7,6.1,0.1,1.7
MAR10944_f,9.7,6.1,0.1,1.7
MAR10945_f,9.7,6.1,0.1,1.7
MAR10946_f,9.7,6.1,0.1,1.7
MAR10947_f,9.7,6.1,0.1,1.7
MAR10948_f,9.7,6.1,0.1,1.7
MAR10949_f,9.7,6.1,0.1,1.7
MAR10950_f,9.7,6.1,0.1,1.7
MAR10951_f,9.7,6.1,0.1,1.7
MAR10952_f,9.7,6.1,0.1,1.7
MAR10953_f,9.7,6.1,0.1,1.7
MAR10954_f,9.7,6.1,0.1,1.7
MAR10955_f,9.7,6.1,0.1,1.7
MAR10956_f,9.7,6.1,0.1,1.7
MAR10957_f,9.7,6.1,0.1,1.7
MAR10958_f,9.7,6.1,0.1,1.7
MAR10959_f,9.7,6.1,0.1,1.7
MAR10960_f,9.7,6.1,0.1,1.7
MAR10961_f,9.7,6.1,0.1,1.7
MAR10962_f,9.7,6.1,0.1,1.7
MAR10963_f,9.7,6.1,0.1,1.7
MAR10964_f,9.7,6.1,0.1,1.7
MAR10965_f,9.7,6.1,0.1,1.7
MAR10966_f,9.7,6.1,0.1,1.7
MAR10967_f,9.7,6.1,0.1,1.7
MAR10968_f,9.7,6.1,0.1,1.7
MAR10969_f,9.7,6.1,0.1,1.7
MAR10970_f,9.7,6.1,0.1,1.7
MAR10971_f,9.7,6.1,0.1,1.7
MAR10972_f,9.7,6.1,0.1,1.7
MAR10973_f,9.7,6.1,0.1,1.7
MAR10974_f,9.7,6.1,0.1,1.7
MAR10975_f,9.7,6.1,0.1,1.7
MAR10976_f,9.7,6.1,0.1,1.7
MAR10977_f,9.7,6.1,0.1,1.7
MAR10978_f,9.7,6.1,0.1,1.7
MAR10979_f,9.7,6.1,0.1,1.7
MAR10980_f,9.7,6.1,0.1,1.7
MAR10981_f,-1.0,-1.0,-1.0,-1.0
MAR10982_f,-1.0,-1.0,-1.0,-1.0
MAR10983_f,-1.0,-1.0,-1.0,-1.0
MAR10984_f,-1.0,-1.0,-1.0,-1.0
MAR10985_f,-1.0,-1.0,-1.0,-1.0
MAR10986_f,-1.0,-1.0,-1.0,-1.0
MAR10987_f,-1.0,-1.0,-1.0,-1.0
MAR10988_f,-1.0,-1.0,-1.0,-1.0
MAR10989_f,-1.0,-1.0,-1.0,-1.0
MAR10990_f,-1.0,-1.0,-1.0,-1.0
MAR10991_f,-1.0,-1.0,-1.0,-1.0
MAR10992_f,-1.0,-1.0,-1.0,-1.0
MAR10993_f,-1.0,-1.0,-1.0,-1.0
MAR10994_f,-1.0,-1.0,-1.0,-1.0
MAR10995_f,-1.0,-1.0,-1.0,-1.0
MAR10996_f,-1.0,-1.0,-1.0,-1.0
MAR10997_f,-1.0,-1.0,-1.0,-1.0
MAR10998_f,-1.0,-1.0,-1.0,-1.0
MAR10999_f,-1.0,-1.0,-1.0,-1.0
MAR11000_f,-1.0,-1.0,-1.0,-1.0
MAR11001_f,-1.0,-1.0,-1.0,-1.0
MAR11002_f,-1.0,-1.0,-1.0,-1.0
MAR11003_f,-1.0,-1.0,-1.0,-1.0
MAR11004_f,-1.0,-1.0,-1.0,-1.0
MAR11005_f,-1.0,-1.0,-1.0,-1.0
MAR11006_f,-1.0,-1.0,-1.0,-1.0
MAR11007_f,-1.0,-1.0,-1.0,-1.0
MAR11008_f,-1.0,-1.0,-1.0,-1.0
MAR11009_f,-1.0,-1.0,-1.0,-1.0
MAR11010_f,-1.0,-1.0,-1.0,-1.0
MAR11011_f,-1.0,-1.0,-1.0,-1.0
MAR11012_f,-1.0,-1.0,-1.0,-1.0
MAR11013_f,-1.0,-1.0,-1.0,-1.0
MAR11014_f,-1.0,-1.0,-1.0,-1.0
MAR11015_f,-1.0,-1.0,-1.0,-1.0
MAR11016_f,-1.0,-1.0,-1.0,-1.0
MAR11017_f,-1.0,-1.0,-1.0,-1.0
MAR11018_f,-1.0,-1.0,-1.0,-1.0
MAR11019_f,-1.0,-1.0,-1.0,-1.0
MAR11020_f,-1.0,-1.0,-1.0,-1.0
MAR11021_f,-1.0,-1.0,-1.0,-1.0
MAR11022_f,-1.0,-1.0,-1.0,-1.0
MAR11023_f,-1.0,-1.0,-1.0,-1.0
MAR11024_f,-1.0,-1.0,-1.0,-1.0
MAR11025_f,-1.0,-1.0,-1.0,-1.0
MAR11026_f,-1.0,-1.0,-1.0,-1.0
MAR11027_f,-1.0,-1.0,-1.0,-1.0
MAR11028_f,-1.0,-1.0,-1.0,-1.0
MAR11029_f,-1.0,-1.0,-1.0,-1.0
MAR11030_f,-1.0,-1.0,-1.0,-1.0
MAR11031_f,-1.0,-1.0,-1.0,-1.0
MAR11032_f,-1.0,-1.0,-1.0,-1.0
MAR11033_f,-1.0,-1.0,-1.0,-1.0
MAR11034_f,-1.0,-1.0,-1.0,-1.0
MAR11035_f,-1.0,-1.0,-1.0,-1.0
MAR11036_f,-1.0,-1.0,-1.0,-1.0
MAR11037_f,-1.0,-1.0,-1.0,-1.0
MAR11038_f,-1.0,-1.0,-1.0,-1.0
MAR11039_f,-1.0,-1.0,-1.0,-1.0
MAR11040_f,-1.0,-1.0,-1.0,-1.0
MAR11041_f,-1.0,-1.0,-1.0,-1.0
MAR11042_f,-1.0,-1.0,-1.0,-1.0
MAR11043_f,-1.0,-1.0,-1.0,-1.0
MAR11044_f,-1.0,-1.0,-1.0,-1.0
MAR11045_f,-1.0,-1.0,-1.0,-1.0
MAR11046_f,-1.0,-1.0,-1.0,-1.0
MAR11047_f,-1.0,-1.0,-1.0,-1.0
MAR11048_f,-1.0,-1.0,-1.0,-1.0
MAR11049_f,-1.0,-1.0,-1.0,-1.0
MAR11050_f,-1.0,-1.0,-1.0,-1.0
MAR11051_f,-1.0,-1.0,-1.0,-1.0
MAR11052_f,-1.0,-1.0,-1.0,-1.0
MAR11053_f,-1.0,-1.0,-1.0,-1.0
MAR11054_f,-1.0,-1.0,-1.0,-1.0
MAR11055_f,-1.0,-1.0,-1.0,-1.0
MAR11056_f,-1.0,-1.0,-1.0,-1.0
MAR11057_f,-1.0,-1.0,-1.0,-1.0
MAR11058_f,-1.0,-1.0,-1.0,-1.0
MAR11059_f,-1.0,-1.0,-1.0,-1.0
MAR11060_f,-1.0,-1.0,-1.0,-1.0
MAR11061_f,-1.0,-1.0,-1.0,-1.0
MAR11062_f,-1.0,-1.0,-1.0,-1.0
MAR11063_f,-1.0,-1.0,-1.0,-1.0
MAR11064_f,-1.0,-1.0,-1.0,-1.0
MAR11065_f,-1.0,-1.0,-1.0,-1.0
MAR11066_f,-1.0,-1.0,-1.0,-1.0
MAR11067_f,-1.0,-1.0,-1.0,-1.0
MAR11068_f,-1.0,-1.0,-1.0,-1.0
MAR11069_f,-1.0,-1.0,-1.0,-1.0
MAR11070_f,-1.0,-1.0,-1.0,-1.0
MAR11071_f,-1.0,-1.0,-1.0,-1.0
MAR11072_f,-1.0,-1.0,-1.0,-1.0
MAR11073_f,-1.0,-1.0,-1.0,-1.0
MAR11074_f,-1.0,-1.0,-1.0,-1.0
MAR11075_f,-1.0,-1.0,-1.0,-1.0
MAR11076_f,-1.0,-1.0,-1.0,-1.0
MAR11077_f,-1.0,-1.0,-1.0,-1.0
MAR11078_f,-1.0,-1.0,-1.0,-1.0
MAR11079_f,-1.0,-1.0,-1.0,-1.0
MAR11080_f,-1.0,-1.0,-1.0,-1.0
MAR11081_f,-1.0,-1.0,-1.0,-1.0
MAR11082_f,-1.0,-1.0,-1.0,-1.0
MAR11083_f,-1.0,-1.0,-1.0,-1.0
MAR11084_f,-1.0,-1.0,-1.0,-1.0
MAR11085_f,-1.0,-1.0,-1.0,-1.0
MAR11086_f,-1.0,-1.0,-1.0,-1.0
MAR11087_f,-1.0,-1.0,-1.0,-1.0
MAR11088_f,-1.0,-1.0,-1.0,-1.0
MAR11089_f,-1.0,-1.0,-1.0,-1.0
MAR11090_f,-1.0,-1.0,-1.0,-1.0
MAR11091_f,-1.0,-1.0,-1.0,-1.0
MAR11092_f,-1.0,-1.0,-1.0,-1.0
MAR11093_f,-1.0,-1.0,-1.0,-1.0
MAR11094_f,-1.0,-1.0,-1.0,-1.0
MAR11095_f,-1.0,-1.0,-1.0,-1.0
MAR11096_f,-1.0,-1.0,-1.0,-1.0
MAR11097_f,-1.0,-1.0,-1.0,-1.0
MAR11098_f,-1.0,-1.0,-1.0,-1.0
MAR11099_f,-1.0,-1.0,-1.0,-1.0
MAR11100_f,-1.0,-1.0,-1.0,-1.0
MAR11101_f,-1.0,-1.0,-1.0,-1.0
MAR11102_f,-1.0,-1.0,-1.0,-1.0
MAR11103_f,-1.0,-1.0,-1.0,-1.0
MAR11104_f,-1.0,-1.0,-1.0,-1.0
MAR11105_f,-1.0,-1.0,-1.0,-1.0
MAR11106_f,-1.0,-1.0,-1.0,-1.0
MAR11107_f,-1.0,-1.0,-1.0,-1.0
MAR11108_f,-1.0,-1.0,-1.0,-1.0
MAR11109_f,-1.0,-1.0,-1.0,-1.0
MAR11110_f,-1.0,-1.0,-1.0,-1.0
MAR11111_f,-1.0,-1.0,-1.0,-1.0
MAR11112_f,-1.0,-1.0,-1.0,-1.0
MAR11113_f,-1.0,-1.0,-1.0,-1.0
MAR11114_f,-1.0,-1.0,-1.0,-1.0
MAR11115_f,-1.0,-1.0,-1.0,-1.0
MAR11116_f,-1.0,-1.0,-1.0,-1.0
MAR11117_f,-1.0,-1.0,-1.0,-1.0
MAR11118_f,-1.0,-1.0,-1.0,-1.0
MAR11119_f,-1.0,-1.0,-1.0,-1.0
MAR11120_f,-1.0,-1.0,-1.0,-1.0
MAR11121_f,-1.0,-1.0,-1.0,-1.0
MAR11122_f,-1.0,-1.0,-1.0,-1.0
MAR11123_f,-1.0,-1.0,-1.0,-1.0
MAR11124_f,-1.0,-1.0,-1.0,-1.0
MAR11125_f,-1.0,-1.0,-1.0,-1.0
MAR11126_f,-1.0,-1.0,-1.0,-1.0
MAR11127_f,-1.0,-1.0,-1.0,-1.0
MAR11128_f,-1.0,-1.0,-1.0,-1.0
MAR11129_f,-1.0,-1.0,-1.0,-1.0
MAR11130_f,-1.0,-1.0,-1.0,-1.0
MAR11131_f,-1.0,-1.0,-1.0,-1.0
MAR11132_f,-1.0,-1.0,-1.0,-1.0
MAR11133_f,-1.0,-1.0,-1.0,-1.0
MAR11134_f,-1.0,-1.0,-1.0,-1.0
MAR11135_f,-1.0,-1.0,-1.0,-1.0
MAR11136_f,-1.0,-1.0,-1.0,-1.0
MAR11137_f,-1.0,-1.0,-1.0,-1.0
MAR11138_f,-1.0,-1.0,-1.0,-1.0
MAR11139_f,-1.0,-1.0,-1.0,-1.0
MAR11140_f,-1.0,-1.0,-1.0,-1.0
MAR11141_f,-1.0,-1.0,-1.0,-1.0
MAR11142_f,-1.0,-1.0,-1.0,-1.0
MAR11143_f,-1.0,-1.0,-1.0,-1.0
MAR11144_f,-1.0,-1.0,-1.0,-1.0
MAR11145_f,-1.0,-1.0,-1.0,-1.0
MAR11146_f,-1.0,-1.0,-1.0,-1.0
MAR11147_f,-1.0,-1.0,-1.0,-1.0
MAR11148_f,-1.0,-1.0,-1.0,-1.0
MAR11149_f,-1.0,-1.0,-1.0,-1.0
MAR11150_f,-1.0,-1.0,-1.0,-1.0
MAR11151_f,-1.0,-1.0,-1.0,-1.0
MAR11152_f,-1.0,-1.0,-1.0,-1.0
MAR11153_f,-1.0,-1.0,-1.0,-1.0
MAR11154_f,-1.0,-1.0,-1.0,-1.0
MAR11155_f,-1.0,-1.0,-1.0,-1.0
MAR11156_f,-1.0,-1.0,-1.0,-1.0
MAR11157_f,-1.0,-1.0,-1.0,-1.0
MAR11158_f,-1.0,-1.0,-1.0,-1.0
MAR11159_f,-1.0,-1.0,-1.0,-1.0
MAR11160_f,-1.0,-1.0,-1.0,-1.0
MAR11161_f,-1.0,-1.0,-1.0,-1.0
MAR11162_f,-1.0,-1.0,-1.0,-1.0
MAR11163_f,-1.0,-1.0,-1.0,-1.0
MAR11164_f,-1.0,-1.0,-1.0,-1.0
MAR11165_f,-1.0,-1.0,-1.0,-1.0
MAR11166_f,-1.0,-1.0,-1.0,-1.0
MAR11167_f,-1.0,-1.0,-1.0,-1.0
MAR11168_f,-1.0,-1.0,-1.0,-1.0
MAR11169_f,-1.0,-1.0,-1.0,-1.0
MAR11170_f,-1.0,-1.0,-1.0,-1.0
MAR11171_f,-1.0,-1.0,-1.0,-1.0
MAR11172_f,-1.0,-1.0,-1.0,-1.0
MAR11173_f,-1.0,-1.0,-1.0,-1.0
MAR11174_f,-1.0,-1.0,-1.0,-1.0
MAR11175_f,-1.0,-1.0,-1.0,-1.0
MAR11176_f,-1.0,-1.0,-1.0,-1.0
MAR11177_f,-1.0,-1.0,-1.0,-1.0
MAR11178_f,-1.0,-1.0,-1.0,-1.0
MAR11179_f,-1.0,-1.0,-1.0,-1.0
MAR11180_f,-1.0,-1.0,-1.0,-1.0
MAR11181_f,-1.0,-1.0,-1.0,-1.0
MAR11182_f,-1.0,-1.0,-1.0,-1.0
MAR11183_f,-1.0,-1.0,-1.0,-1.0
MAR11184_f,-1.0,-1.0,-1.0,-1.0
MAR11185_f,-1.0,-1.0,-1.0,-1.0
MAR11186_f,-1.0,-1.0,-1.0,-1.0
MAR11187_f,-1.0,-1.0,-1.0,-1.0
MAR11188_f,-1.0,-1.0,-1.0,-1.0
MAR11189_f,-1.0,-1.0,-1.0,-1.0
MAR11190_f,-1.0,-1.0,-1.0,-1.0
MAR11191_f,-1.0,-1.0,-1.0,-1.0
MAR11192_f,-1.0,-1.0,-1.0,-1.0
MAR11193_f,-1.0,-1.0,-1.0,-1.0
MAR11194_f,-1.0,-1.0,-1.0,-1.0
MAR11195_f,-1.0,-1.0,-1.0,-1.0
MAR11196_f,-1.0,-1.0,-1.0,-1.0
MAR11197_f,-1.0,-1.0,-1.0,-1.0
MAR11198_f,-1.0,-1.0,-1.0,-1.0
MAR11199_f,-1.0,-1.0,-1.0,-1.0
MAR11200_f,-1.0,-1.0,-1.0,-1.0
MAR11201_f,-1.0,-1.0,-1.0,-1.0
MAR11202_f,-1.0,-1.0,-1.0,-1.0
MAR11203_f,-1.0,-1.0,-1.0,-1.0
MAR11204_f,-1.0,-1.0,-1.0,-1.0
MAR11205_f,-1.0,-1.0,-1.0,-1.0
MAR11206_f,-1.0,-1.0,-1.0,-1.0
MAR11207_f,-1.0,-1.0,-1.0,-1.0
MAR11208_f,-1.0,-1.0,-1.0,-1.0
MAR11209_f,-1.0,-1.0,-1.0,-1.0
MAR11210_f,-1.0,-1.0,-1.0,-1.0
MAR11211_f,-1.0,-1.0,-1.0,-1.0
MAR11212_f,-1.0,-1.0,-1.0,-1.0
MAR11213_f,-1.0,-1.0,-1.0,-1.0
MAR11214_f,-1.0,-1.0,-1.0,-1.0
MAR11215_f,-1.0,-1.0,-1.0,-1.0
MAR11216_f,-1.0,-1.0,-1.0,-1.0
MAR11217_f,-1.0,-1.0,-1.0,-1.0
MAR11218_f,-1.0,-1.0,-1.0,-1.0
MAR11219_f,-1.0,-1.0,-1.0,-1.0
MAR11220_f,-1.0,-1.0,-1.0,-1.0
MAR11221_f,-1.0,-1.0,-1.0,-1.0
MAR11222_f,-1.0,-1.0,-1.0,-1.0
MAR11223_f,-1.0,-1.0,-1.0,-1.0
MAR11224,-1.0,-1.0,-1.0,-1.0
MAR11225,-1.0,-1.0,-1.0,-1.0
MAR11226_f,-1.0,-1.0,-1.0,-1.0
MAR11227_f,-1.0,-1.0,-1.0,-1.0
MAR11228_f,-1.0,-1.0,-1.0,-1.0
MAR11229_f,-1.0,-1.0,-1.0,-1.0
MAR11230_f,-1.0,-1.0,-1.0,-1.0
MAR11231_f,-1.0,-1.0,-1.0,-1.0
MAR11232_f,-1.0,-1.0,-1.0,-1.0
MAR11233_f,-1.0,-1.0,-1.0,-1.0
MAR11234_f,-1.0,-1.0,-1.0,-1.0
MAR11235_f,-1.0,-1.0,-1.0,-1.0
MAR11236_f,-1.0,-1.0,-1.0,-1.0
MAR11237_f,-1.0,-1.0,-1.0,-1.0
MAR11238_f,-1.0,-1.0,-1.0,-1.0
MAR11239_f,-1.0,-1.0,-1.0,-1.0
MAR11240_f,-1.0,-1.0,-1.0,-1.0
MAR11241_f,-1.0,-1.0,-1.0,-1.0
MAR11242_f,-1.0,-1.0,-1.0,-1.0
MAR11243_f,-1.0,-1.0,-1.0,-1.0
MAR11244_f,-1.0,-1.0,-1.0,-1.0
MAR11245_f,-1.0,-1.0,-1.0,-1.0
MAR11246_f,-1.0,-1.0,-1.0,-1.0
MAR11247_f,-1.0,-1.0,-1.0,-1.0
MAR11248_f,-1.0,-1.0,-1.0,-1.0
MAR11249_f,-1.0,-1.0,-1.0,-1.0
MAR11250_f,-1.0,-1.0,-1.0,-1.0
MAR11251_f,-1.0,-1.0,-1.0,-1.0
MAR11252_f,-1.0,-1.0,-1.0,-1.0
MAR11253_f,-1.0,-1.0,-1.0,-1.0
MAR11254_f,-1.0,-1.0,-1.0,-1.0
MAR11255_f,-1.0,-1.0,-1.0,-1.0
MAR11256_f,-1.0,-1.0,-1.0,-1.0
MAR11257_f,-1.0,-1.0,-1.0,-1.0
MAR11258_f,-1.0,-1.0,-1.0,-1.0
MAR11259_f,-1.0,-1.0,-1.0,-1.0
MAR11260_f,-1.0,-1.0,-1.0,-1.0
MAR11261_f,-1.0,-1.0,-1.0,-1.0
MAR11262_f,-1.0,-1.0,-1.0,-1.0
MAR11263_f,-1.0,-1.0,-1.0,-1.0
MAR11264_f,-1.0,-1.0,-1.0,-1.0
MAR11265_f,-1.0,-1.0,-1.0,-1.0
MAR11266_f,-1.0,-1.0,-1.0,-1.0
MAR11267_f,-1.0,-1.0,-1.0,-1.0
MAR11268_f,-1.0,-1.0,-1.0,-1.0
MAR11270_f,-1.0,-1.0,-1.0,-1.0
MAR11271_f,-1.0,-1.0,-1.0,-1.0
MAR11272_f,-1.0,-1.0,-1.0,-1.0
MAR11274_f,-1.0,-1.0,-1.0,-1.0
MAR11276_f,-1.0,-1.0,-1.0,-1.0
MAR11277_f,-1.0,-1.0,-1.0,-1.0
MAR11278_f,-1.0,-1.0,-1.0,-1.0
MAR11279_f,-1.0,-1.0,-1.0,-1.0
MAR11280_f,-1.0,-1.0,-1.0,-1.0
MAR11281,-1.0,-1.0,-1.0,-1.0
MAR11282_f,-1.0,-1.0,-1.0,-1.0
MAR11283_f,-1.0,-1.0,-1.0,-1.0
MAR11284_f,-1.0,-1.0,-1.0,-1.0
MAR11285_f,-1.0,-1.0,-1.0,-1.0
MAR11286_f,-1.0,-1.0,-1.0,-1.0
MAR11287_f,-1.0,-1.0,-1.0,-1.0
MAR11288_f,-1.0,-1.0,-1.0,-1.0
MAR11289_f,-1.0,-1.0,-1.0,-1.0
MAR11290_f,-1.0,-1.0,-1.0,-1.0
MAR11291_f,-1.0,-1.0,-1.0,-1.0
MAR11292_f,-1.0,-1.0,-1.0,-1.0
MAR11293,-1.0,-1.0,-1.0,-1.0
MAR11294,-1.0,-1.0,-1.0,-1.0
MAR11295,-1.0,-1.0,-1.0,-1.0
MAR11296_f,-1.0,-1.0,-1.0,-1.0
MAR11297_f,-1.0,-1.0,-1.0,-1.0
MAR11298_f,-1.0,-1.0,-1.0,-1.0
MAR11299_f,-1.0,-1.0,-1.0,-1.0
MAR11300_f,-1.0,-1.0,-1.0,-1.0
MAR11301,-1.0,-1.0,-1.0,-1.0
MAR11302_f,-1.0,-1.0,-1.0,-1.0
MAR11303_f,-1.0,-1.0,-1.0,-1.0
MAR11304_f,-1.0,-1.0,-1.0,-1.0
MAR11305,-1.0,-1.0,-1.0,-1.0
MAR11306,-1.0,-1.0,-1.0,-1.0
MAR11307,-1.0,-1.0,-1.0,-1.0
MAR11308,-1.0,-1.0,-1.0,-1.0
MAR11309_f,-1.0,-1.0,-1.0,-1.0
MAR11311_f,-1.0,-1.0,-1.0,-1.0
MAR11312,-1.0,-1.0,-1.0,-1.0
MAR11313_f,-1.0,-1.0,-1.0,-1.0
MAR11314,-1.0,-1.0,-1.0,-1.0
MAR11315,-1.0,-1.0,-1.0,-1.0
MAR11316,-1.0,-1.0,-1.0,-1.0
MAR11317_f,-1.0,-1.0,-1.0,-1.0
MAR11318_f,-1.0,-1.0,-1.0,-1.0
MAR11319_f,-1.0,-1.0,-1.0,-1.0
MAR11320_f,-1.0,-1.0,-1.0,-1.0
MAR11321_f,-1.0,-1.0,-1.0,-1.0
MAR11322,-1.0,-1.0,-1.0,-1.0
MAR11323,-1.0,-1.0,-1.0,-1.0
MAR11324,-1.0,-1.0,-1.0,-1.0
MAR11325,-1.0,-1.0,-1.0,-1.0
MAR11326,-1.0,-1.0,-1.0,-1.0
MAR11327,-1.0,-1.0,-1.0,-1.0
MAR11328,-1.0,-1.0,-1.0,-1.0
MAR11329_f,-1.0,-1.0,-1.0,-1.0
MAR11330_f,-1.0,-1.0,-1.0,-1.0
MAR11331_f,-1.0,-1.0,-1.0,-1.0
MAR11332_f,-1.0,-1.0,-1.0,-1.0
MAR11333_f,-1.0,-1.0,-1.0,-1.0
MAR11334_f,-1.0,-1.0,-1.0,-1.0
MAR11335,-1.0,-1.0,-1.0,-1.0
MAR11336,-1.0,-1.0,-1.0,-1.0
MAR11337,-1.0,-1.0,-1.0,-1.0
MAR11338,-1.0,-1.0,-1.0,-1.0
MAR11339,-1.0,-1.0,-1.0,-1.0
MAR11340,-1.0,-1.0,-1.0,-1.0
MAR11341,-1.0,-1.0,-1.0,-1.0
MAR11342,-1.0,-1.0,-1.0,-1.0
MAR11343,-1.0,-1.0,-1.0,-1.0
MAR11344,-1.0,-1.0,-1.0,-1.0
MAR11345,-1.0,-1.0,-1.0,-1.0
MAR11346_f,-1.0,-1.0,-1.0,-1.0
MAR11347,-1.0,-1.0,-1.0,-1.0
MAR11348,-1.0,-1.0,-1.0,-1.0
MAR11349,-1.0,-1.0,-1.0,-1.0
MAR11350,-1.0,-1.0,-1.0,-1.0
MAR11351,-1.0,-1.0,-1.0,-1.0
MAR11352,-1.0,-1.0,-1.0,-1.0
MAR11353,-1.0,-1.0,-1.0,-1.0
MAR11354_f,-1.0,-1.0,-1.0,-1.0
MAR11355_f,-1.0,-1.0,-1.0,-1.0
MAR11356_f,-1.0,-1.0,-1.0,-1.0
MAR11357_f,-1.0,-1.0,-1.0,-1.0
MAR11358,-1.0,-1.0,-1.0,-1.0
MAR11359_f,-1.0,-1.0,-1.0,-1.0
MAR11360_f,-1.0,-1.0,-1.0,-1.0
MAR11361,-1.0,-1.0,-1.0,-1.0
MAR11362_f,-1.0,-1.0,-1.0,-1.0
MAR11363_f,-1.0,-1.0,-1.0,-1.0
MAR11364_f,-1.0,-1.0,-1.0,-1.0
MAR11365_f,-1.0,-1.0,-1.0,-1.0
MAR11366_f,-1.0,-1.0,-1.0,-1.0
MAR11367_f,-1.0,-1.0,-1.0,-1.0
MAR11368,-1.0,-1.0,-1.0,-1.0
MAR11369,-1.0,-1.0,-1.0,-1.0
MAR11370_f,-1.0,-1.0,-1.0,-1.0
MAR11371_f,-1.0,-1.0,-1.0,-1.0
MAR11372_f,-1.0,-1.0,-1.0,-1.0
MAR11373,-1.0,-1.0,-1.0,-1.0
MAR11374,-1.0,-1.0,-1.0,-1.0
MAR11375_f,-1.0,-1.0,-1.0,-1.0
MAR11376,-1.0,-1.0,-1.0,-1.0
MAR11377,-1.0,-1.0,-1.0,-1.0
MAR11378_f,-1.0,-1.0,-1.0,-1.0
MAR11379,-1.0,-1.0,-1.0,-1.0
MAR11380,-1.0,-1.0,-1.0,-1.0
MAR11381_f,-1.0,-1.0,-1.0,-1.0
MAR11382,-1.0,-1.0,-1.0,-1.0
MAR11383,-1.0,-1.0,-1.0,-1.0
MAR11384_f,-1.0,-1.0,-1.0,-1.0
MAR11385,-1.0,-1.0,-1.0,-1.0
MAR11386,-1.0,-1.0,-1.0,-1.0
MAR11387,-1.0,-1.0,-1.0,-1.0
MAR11388,-1.0,-1.0,-1.0,-1.0
MAR11389_f,-1.0,-1.0,-1.0,-1.0
MAR11390,-1.0,-1.0,-1.0,-1.0
MAR11391,-1.0,-1.0,-1.0,-1.0
MAR11392,-1.0,-1.0,-1.0,-1.0
MAR11393,-1.0,-1.0,-1.0,-1.0
MAR11394,11.7,18.4,108.1,54.4
MAR11395_f,-1.0,-1.0,-1.0,-1.0
MAR11396_f,-1.0,-1.0,-1.0,-1.0
MAR11397_f,-1.0,-1.0,-1.0,-1.0
MAR11398,-1.0,-1.0,-1.0,-1.0
MAR11399,64.2,190.6,192.1,134.0
MAR11400,-1.0,-1.0,-1.0,-1.0
MAR11401,-1.0,-1.0,-1.0,-1.0
MAR11402,-1.0,-1.0,-1.0,-1.0
MAR11403,-1.0,-1.0,-1.0,-1.0
MAR11404,-1.0,-1.0,-1.0,-1.0
MAR11405,-1.0,-1.0,-1.0,-1.0
MAR11406,-1.0,-1.0,-1.0,-1.0
MAR11407,-1.0,-1.0,-1.0,-1.0
MAR11408,23.3,67.6,9.5,51.4
MAR11409,-1.0,-1.0,-1.0,-1.0
MAR11410_f,-1.0,-1.0,-1.0,-1.0
MAR11411_f,120.6,141.4,114.5,436.2
MAR11412,-1.0,-1.0,-1.0,-1.0
MAR11413_f,-1.0,-1.0,-1.0,-1.0
MAR11414_f,66.1,98.3,196.4,986.7
MAR11415_f,-1.0,-1.0,-1.0,-1.0
MAR11416,60.3,362.7,135.7,277.0
MAR11417_f,-1.0,-1.0,-1.0,-1.0
MAR11418_f,-1.0,-1.0,-1.0,-1.0
MAR11419,-1.0,-1.0,-1.0,-1.0
MAR11420,-1.0,-1.0,-1.0,-1.0
MAR11422,-1.0,-1.0,-1.0,-1.0
MAR11423,-1.0,-1.0,-1.0,-1.0
MAR11424,-1.0,-1.0,-1.0,-1.0
MAR11425,-1.0,-1.0,-1.0,-1.0
MAR11426,-1.0,-1.0,-1.0,-1.0
MAR11427,-1.0,-1.0,-1.0,-1.0
MAR11428,-1.0,-1.0,-1.0,-1.0
MAR11429_f,-1.0,-1.0,-1.0,-1.0
MAR11430,40.8,46.1,43.4,174.3
MAR11431,-1.0,-1.0,-1.0,-1.0
MAR11432,-1.0,-1.0,-1.0,-1.0
MAR11433_f,1.9,3.1,10.6,3.2
MAR11434,-1.0,-1.0,-1.0,-1.0
MAR11435_f,-1.0,-1.0,-1.0,-1.0
MAR11436,-1.0,-1.0,-1.0,-1.0
MAR11437,-1.0,-1.0,-1.0,-1.0
MAR11438,-1.0,-1.0,-1.0,-1.0
MAR11439,-1.0,-1.0,-1.0,-1.0
MAR11440,-1.0,-1.0,-1.0,-1.0
MAR11441,-1.0,-1.0,-1.0,-1.0
MAR11442_f,35.0,6.1,9.6,0.4
MAR11443_f,105.0,682.3,458.0,517.6
MAR11444,-1.0,-1.0,-1.0,-1.0
MAR11445,-1.0,-1.0,-1.0,-1.0
MAR11446,-1.0,-1.0,-1.0,-1.0
MAR11447,-1.0,-1.0,-1.0,-1.0
MAR11448,-1.0,-1.0,-1.0,-1.0
MAR11449,-1.0,-1.0,-1.0,-1.0
MAR11450_f,-1.0,-1.0,-1.0,-1.0
MAR11451,-1.0,-1.0,-1.0,-1.0
MAR11452,-1.0,-1.0,-1.0,-1.0
MAR11453_f,-1.0,-1.0,-1.0,-1.0
MAR11454,-1.0,-1.0,-1.0,-1.0
MAR11455,-1.0,-1.0,-1.0,-1.0
MAR11456_f,-1.0,-1.0,-1.0,-1.0
MAR11457,-1.0,-1.0,-1.0,-1.0
MAR11458,-1.0,-1.0,-1.0,-1.0
MAR11459,-1.0,-1.0,-1.0,-1.0
MAR11460,-1.0,-1.0,-1.0,-1.0
MAR11461,-1.0,-1.0,-1.0,-1.0
MAR11462,-1.0,-1.0,-1.0,-1.0
MAR11463,-1.0,-1.0,-1.0,-1.0
MAR11464,-1.0,-1.0,-1.0,-1.0
MAR11465,-1.0,-1.0,-1.0,-1.0
MAR11466,-1.0,-1.0,-1.0,-1.0
MAR11467_f,19.4,33.8,294.4,180.0
MAR11468_f,-1.0,-1.0,-1.0,-1.0
MAR11469,-1.0,-1.0,-1.0,-1.0
MAR11470,-1.0,-1.0,-1.0,-1.0
MAR11471,-1.0,-1.0,-1.0,-1.0
MAR11472,-1.0,-1.0,-1.0,-1.0
MAR11473,-1.0,-1.0,-1.0,-1.0
MAR11474,-1.0,-1.0,-1.0,-1.0
MAR11475,-1.0,-1.0,-1.0,-1.0
MAR11476_f,735.1000000000001,2806.1,650.8,3434.8
MAR11477_f,-1.0,-1.0,-1.0,-1.0
MAR11478,-1.0,-1.0,-1.0,-1.0
MAR11479_f,735.1000000000001,2806.1,650.8,3434.8
MAR11480_f,-1.0,-1.0,-1.0,-1.0
MAR11481,-1.0,-1.0,-1.0,-1.0
MAR11482,-1.0,-1.0,-1.0,-1.0
MAR11483,-1.0,-1.0,-1.0,-1.0
MAR11484,-1.0,-1.0,-1.0,-1.0
MAR11485,-1.0,-1.0,-1.0,-1.0
MAR11486_f,97.2,556.3,776.1,1447.9
MAR11487,-1.0,-1.0,-1.0,-1.0
MAR11488,-1.0,-1.0,-1.0,-1.0
MAR11489_f,-1.0,-1.0,-1.0,-1.0
MAR11490,-1.0,-1.0,-1.0,-1.0
MAR11491,-1.0,-1.0,-1.0,-1.0
MAR11492,-1.0,-1.0,-1.0,-1.0
MAR11493,-1.0,-1.0,-1.0,-1.0
MAR11494,-1.0,-1.0,-1.0,-1.0
MAR11495,-1.0,-1.0,-1.0,-1.0
MAR11496,-1.0,-1.0,-1.0,-1.0
MAR11497,-1.0,-1.0,-1.0,-1.0
MAR11498,-1.0,-1.0,-1.0,-1.0
MAR11499,-1.0,-1.0,-1.0,-1.0
MAR11500,-1.0,-1.0,-1.0,-1.0
MAR11501,-1.0,-1.0,-1.0,-1.0
MAR11502_f,13.6,73.8,453.8,1018.6
MAR11503,-1.0,-1.0,-1.0,-1.0
MAR11504,-1.0,-1.0,-1.0,-1.0
MAR11505,-1.0,-1.0,-1.0,-1.0
MAR11506,-1.0,-1.0,-1.0,-1.0
MAR11507,-1.0,-1.0,-1.0,-1.0
MAR11508,-1.0,-1.0,-1.0,-1.0
MAR11509_f,13.6,73.8,453.8,1018.6
MAR11510,-1.0,-1.0,-1.0,-1.0
MAR11511,-1.0,-1.0,-1.0,-1.0
MAR11512,-1.0,-1.0,-1.0,-1.0
MAR11513,-1.0,-1.0,-1.0,-1.0
MAR11514,25.3,95.3,20.4,90.1
MAR11515,-1.0,-1.0,-1.0,-1.0
MAR11516,-1.0,-1.0,-1.0,-1.0
MAR11517,-1.0,-1.0,-1.0,-1.0
MAR11518_f,-1.0,-1.0,-1.0,-1.0
MAR11519,-1.0,-1.0,-1.0,-1.0
MAR11520,-1.0,-1.0,-1.0,-1.0
MAR11521,-1.0,-1.0,-1.0,-1.0
MAR11522,-1.0,-1.0,-1.0,-1.0
MAR11523,-1.0,-1.0,-1.0,-1.0
MAR11524,-1.0,-1.0,-1.0,-1.0
MAR11525,-1.0,-1.0,-1.0,-1.0
MAR11526,-1.0,-1.0,-1.0,-1.0
MAR11527,-1.0,-1.0,-1.0,-1.0
MAR11528,-1.0,-1.0,-1.0,-1.0
MAR11529,35.0,15.299999999999999,499.2,199.0
MAR11530,-1.0,-1.0,-1.0,-1.0
MAR11531,-1.0,-1.0,-1.0,-1.0
MAR11532,-1.0,-1.0,-1.0,-1.0
MAR11533,-1.0,-1.0,-1.0,-1.0
MAR11534,35.0,15.299999999999999,499.2,199.0
MAR11535,-1.0,-1.0,-1.0,-1.0
MAR11536,-1.0,-1.0,-1.0,-1.0
MAR11537,-1.0,-1.0,-1.0,-1.0
MAR11538,-1.0,-1.0,-1.0,-1.0
MAR11539,35.0,15.299999999999999,499.2,199.0
MAR11540,-1.0,-1.0,-1.0,-1.0
MAR11541,-1.0,-1.0,-1.0,-1.0
MAR11542,-1.0,-1.0,-1.0,-1.0
MAR11543,-1.0,-1.0,-1.0,-1.0
MAR11544,-1.0,-1.0,-1.0,-1.0
MAR11545,-1.0,-1.0,-1.0,-1.0
MAR11546,-1.0,-1.0,-1.0,-1.0
MAR11547,-1.0,-1.0,-1.0,-1.0
MAR11548,-1.0,-1.0,-1.0,-1.0
MAR11549,-1.0,-1.0,-1.0,-1.0
MAR11550,-1.0,-1.0,-1.0,-1.0
MAR11551,-1.0,-1.0,-1.0,-1.0
MAR11552,-1.0,-1.0,-1.0,-1.0
MAR11553,-1.0,-1.0,-1.0,-1.0
MAR11554,-1.0,-1.0,-1.0,-1.0
MAR11555,13.6,73.8,453.8,1018.6
MAR11556,-1.0,-1.0,-1.0,-1.0
MAR11557,-1.0,-1.0,-1.0,-1.0
MAR11558,-1.0,-1.0,-1.0,-1.0
MAR11559,-1.0,-1.0,-1.0,-1.0
MAR11560,-1.0,-1.0,-1.0,-1.0
MAR11561,-1.0,-1.0,-1.0,-1.0
MAR11562,13.6,73.8,453.8,1018.6
MAR11563,-1.0,-1.0,-1.0,-1.0
MAR11564,-1.0,-1.0,-1.0,-1.0
MAR11565,-1.0,-1.0,-1.0,-1.0
MAR11566,-1.0,-1.0,-1.0,-1.0
MAR11567,-1.0,-1.0,-1.0,-1.0
MAR11568,-1.0,-1.0,-1.0,-1.0
MAR11569,-1.0,-1.0,-1.0,-1.0
MAR11570,-1.0,-1.0,-1.0,-1.0
MAR11571_f,-1.0,-1.0,-1.0,-1.0
MAR11572,-1.0,-1.0,-1.0,-1.0
MAR11573,-1.0,-1.0,-1.0,-1.0
MAR11574,-1.0,-1.0,-1.0,-1.0
MAR11575,-1.0,-1.0,-1.0,-1.0
MAR11576,-1.0,-1.0,-1.0,-1.0
MAR11577,15.5,36.9,510.4,154.7
MAR11578,15.5,36.9,510.4,154.7
MAR11579,-1.0,-1.0,-1.0,-1.0
MAR11580,-1.0,-1.0,-1.0,-1.0
MAR11581,15.5,36.9,510.4,154.7
MAR11582,-1.0,-1.0,-1.0,-1.0
MAR11583_f,-1.0,-1.0,-1.0,-1.0
MAR11584_f,-1.0,-1.0,-1.0,-1.0
MAR11585_f,-1.0,-1.0,-1.0,-1.0
MAR11586_f,-1.0,-1.0,-1.0,-1.0
MAR11587,-1.0,-1.0,-1.0,-1.0
MAR11588,-1.0,-1.0,-1.0,-1.0
MAR11589,-1.0,-1.0,-1.0,-1.0
MAR11590,-1.0,-1.0,-1.0,-1.0
MAR11591,-1.0,-1.0,-1.0,-1.0
MAR11592,-1.0,-1.0,-1.0,-1.0
MAR11593,-1.0,-1.0,-1.0,-1.0
MAR11594,-1.0,-1.0,-1.0,-1.0
MAR11595,-1.0,-1.0,-1.0,-1.0
MAR11596,-1.0,-1.0,-1.0,-1.0
MAR11597,-1.0,-1.0,-1.0,-1.0
MAR11598,-1.0,-1.0,-1.0,-1.0
MAR11599,-1.0,-1.0,-1.0,-1.0
MAR11600,-1.0,-1.0,-1.0,-1.0
MAR11601,-1.0,-1.0,-1.0,-1.0
MAR11602,-1.0,-1.0,-1.0,-1.0
MAR11603,-1.0,-1.0,-1.0,-1.0
MAR11604,-1.0,-1.0,-1.0,-1.0
MAR11605,-1.0,-1.0,-1.0,-1.0
MAR11606,-1.0,-1.0,-1.0,-1.0
MAR11607,-1.0,-1.0,-1.0,-1.0
MAR11608,-1.0,-1.0,-1.0,-1.0
MAR11609,-1.0,-1.0,-1.0,-1.0
MAR11610,-1.0,-1.0,-1.0,-1.0
MAR11611,-1.0,-1.0,-1.0,-1.0
MAR11612,-1.0,-1.0,-1.0,-1.0
MAR11613,15.6,3.1,13.8,12.8
MAR11614,15.6,3.1,13.8,12.8
MAR11615,15.6,3.1,13.8,12.8
MAR11616,15.6,3.1,13.8,12.8
MAR11617,15.6,3.1,13.8,12.8
MAR11618,15.6,3.1,13.8,12.8
MAR11619,15.6,3.1,13.8,12.8
MAR11620,15.6,3.1,13.8,12.8
MAR11621,15.6,3.1,13.8,12.8
MAR11622,15.6,3.1,13.8,12.8
MAR11623,15.6,3.1,13.8,12.8
MAR11624,15.6,3.1,13.8,12.8
MAR11625,15.6,3.1,13.8,12.8
MAR11626,15.6,3.1,13.8,12.8
MAR11627,-1.0,-1.0,-1.0,-1.0
MAR11628,15.6,3.1,13.8,12.8
MAR11629,-1.0,-1.0,-1.0,-1.0
MAR11630_f,-1.0,-1.0,-1.0,-1.0
MAR11631_f,-1.0,-1.0,-1.0,-1.0
MAR11632_f,-1.0,-1.0,-1.0,-1.0
MAR11633_f,-1.0,-1.0,-1.0,-1.0
MAR11634_f,-1.0,-1.0,-1.0,-1.0
MAR11635_f,-1.0,-1.0,-1.0,-1.0
MAR11636_f,-1.0,-1.0,-1.0,-1.0
MAR11637_f,-1.0,-1.0,-1.0,-1.0
MAR11638_f,-1.0,-1.0,-1.0,-1.0
MAR11639_f,-1.0,-1.0,-1.0,-1.0
MAR11640_f,-1.0,-1.0,-1.0,-1.0
MAR11641_f,-1.0,-1.0,-1.0,-1.0
MAR11642_f,-1.0,-1.0,-1.0,-1.0
MAR11643_f,-1.0,-1.0,-1.0,-1.0
MAR11644_f,-1.0,-1.0,-1.0,-1.0
MAR11645_f,-1.0,-1.0,-1.0,-1.0
MAR11646_f,-1.0,-1.0,-1.0,-1.0
MAR11647_f,-1.0,-1.0,-1.0,-1.0
MAR11648,50.6,3.1,39.7,68.5
MAR11653,-1.0,-1.0,-1.0,-1.0
MAR11654,-1.0,-1.0,-1.0,-1.0
MAR11655,-1.0,-1.0,-1.0,-1.0
MAR11656,-1.0,-1.0,-1.0,-1.0
MAR11657,-1.0,-1.0,-1.0,-1.0
MAR11658,-1.0,-1.0,-1.0,-1.0
MAR11659,-1.0,-1.0,-1.0,-1.0
MAR11660,-1.0,-1.0,-1.0,-1.0
MAR11661,-1.0,-1.0,-1.0,-1.0
MAR11662,-1.0,-1.0,-1.0,-1.0
MAR11663,-1.0,-1.0,-1.0,-1.0
MAR11664,-1.0,-1.0,-1.0,-1.0
MAR11665,-1.0,-1.0,-1.0,-1.0
MAR11666,-1.0,-1.0,-1.0,-1.0
MAR11667,-1.0,-1.0,-1.0,-1.0
MAR11668,-1.0,-1.0,-1.0,-1.0
MAR11669,-1.0,-1.0,-1.0,-1.0
MAR11670,-1.0,-1.0,-1.0,-1.0
MAR11671,-1.0,-1.0,-1.0,-1.0
MAR11672,-1.0,-1.0,-1.0,-1.0
MAR11673,-1.0,-1.0,-1.0,-1.0
MAR11674,-1.0,-1.0,-1.0,-1.0
MAR11675,-1.0,-1.0,-1.0,-1.0
MAR11676,-1.0,-1.0,-1.0,-1.0
MAR11677,-1.0,-1.0,-1.0,-1.0
MAR11678,-1.0,-1.0,-1.0,-1.0
MAR11679,-1.0,-1.0,-1.0,-1.0
MAR11680,-1.0,-1.0,-1.0,-1.0
MAR11681,-1.0,-1.0,-1.0,-1.0
MAR11682,-1.0,-1.0,-1.0,-1.0
MAR11683,-1.0,-1.0,-1.0,-1.0
MAR11684,-1.0,-1.0,-1.0,-1.0
MAR11685,-1.0,-1.0,-1.0,-1.0
MAR11686,-1.0,-1.0,-1.0,-1.0
MAR11687,-1.0,-1.0,-1.0,-1.0
MAR11688,-1.0,-1.0,-1.0,-1.0
MAR11689,-1.0,-1.0,-1.0,-1.0
MAR11690,-1.0,-1.0,-1.0,-1.0
MAR11691,-1.0,-1.0,-1.0,-1.0
MAR11692,-1.0,-1.0,-1.0,-1.0
MAR11693,-1.0,-1.0,-1.0,-1.0
MAR11694,-1.0,-1.0,-1.0,-1.0
MAR11695,50.6,3.1,39.7,68.5
MAR11696,50.6,3.1,39.7,68.5
MAR11698,50.6,3.1,39.7,68.5
MAR11700,50.6,3.1,39.7,68.5
MAR11702,50.6,3.1,39.7,68.5
MAR11704,50.6,3.1,39.7,68.5
MAR11706,50.6,3.1,39.7,68.5
MAR11708,50.6,3.1,39.7,68.5
MAR11710,50.6,3.1,39.7,68.5
MAR11712,50.6,3.1,39.7,68.5
MAR11714,50.6,3.1,39.7,68.5
MAR11716,50.6,3.1,39.7,68.5
MAR11718,50.6,3.1,39.7,68.5
MAR11720,50.6,3.1,39.7,68.5
MAR11722,50.6,3.1,39.7,68.5
MAR11724,50.6,3.1,39.7,68.5
MAR11726,50.6,3.1,39.7,68.5
MAR11728_f,-1.0,-1.0,-1.0,-1.0
MAR11730,-1.0,-1.0,-1.0,-1.0
MAR11731_f,-1.0,-1.0,-1.0,-1.0
MAR11732,-1.0,-1.0,-1.0,-1.0
MAR11733,-1.0,-1.0,-1.0,-1.0
MAR11734_f,-1.0,-1.0,-1.0,-1.0
MAR11735,-1.0,-1.0,-1.0,-1.0
MAR11736,50.5,178.4,360.70000000000005,850.5
MAR11737,-1.0,-1.0,-1.0,-1.0
MAR11738,-1.0,-1.0,-1.0,-1.0
MAR11739,-1.0,-1.0,-1.0,-1.0
MAR11740,50.5,178.4,360.70000000000005,850.5
MAR11741,-1.0,-1.0,-1.0,-1.0
MAR11742,-1.0,-1.0,-1.0,-1.0
MAR11743,-1.0,-1.0,-1.0,-1.0
MAR11744,19.4,18.4,28.3,29.0
MAR11745,50.5,178.4,360.70000000000005,850.5
MAR11746,-1.0,-1.0,-1.0,-1.0
MAR11747,-1.0,-1.0,-1.0,-1.0
MAR11748,-1.0,-1.0,-1.0,-1.0
MAR11749,44.7,129.1,306.9,768.7
MAR11750,-1.0,-1.0,-1.0,-1.0
MAR11751,-1.0,-1.0,-1.0,-1.0
MAR11752,50.5,178.4,360.70000000000005,850.5
MAR11753,-1.0,-1.0,-1.0,-1.0
MAR11754,-1.0,-1.0,-1.0,-1.0
MAR11755,-1.0,-1.0,-1.0,-1.0
MAR11756_f,1.9,3.1,0.1,34.9
MAR11757,50.6,3.1,39.7,68.5
MAR11758,50.6,3.1,39.7,68.5
MAR11759,50.6,3.1,39.7,68.5
MAR11760,50.6,3.1,39.7,68.5
MAR11761,50.6,3.1,39.7,68.5
MAR11762,50.6,3.1,39.7,68.5
MAR11763,50.6,3.1,39.7,68.5
MAR11764,50.6,3.1,39.7,68.5
MAR11765,50.6,3.1,39.7,68.5
MAR11766,50.6,3.1,39.7,68.5
MAR11767,50.6,3.1,39.7,68.5
MAR11768,50.6,3.1,39.7,68.5
MAR11769,50.6,3.1,39.7,68.5
MAR11770,50.6,3.1,39.7,68.5
MAR11771,50.6,3.1,39.7,68.5
MAR11772,50.6,3.1,39.7,68.5
MAR11773,50.6,3.1,39.7,68.5
MAR11774,50.6,3.1,39.7,68.5
MAR11775_f,-1.0,-1.0,-1.0,-1.0
MAR11776,-1.0,-1.0,-1.0,-1.0
MAR11777,58.3,126.0,181.9,253.7
MAR11778,-1.0,-1.0,-1.0,-1.0
MAR11779_f,-1.0,-1.0,-1.0,-1.0
MAR11780_f,-1.0,-1.0,-1.0,-1.0
MAR11781_f,-1.0,-1.0,-1.0,-1.0
MAR11782_f,1.9,3.1,53.6,1.7
MAR11783_f,-1.0,-1.0,-1.0,-1.0
MAR11784_f,-1.0,-1.0,-1.0,-1.0
MAR11785_f,35.0,6.1,9.6,0.4
MAR11786,-1.0,-1.0,-1.0,-1.0
MAR11787,-1.0,-1.0,-1.0,-1.0
MAR11788_f,-1.0,-1.0,-1.0,-1.0
MAR11789_f,-1.0,-1.0,-1.0,-1.0
MAR11790_f,-1.0,-1.0,-1.0,-1.0
MAR11791,283.9,24.6,249.0,698.4000000000001
MAR11792,-1.0,-1.0,-1.0,-1.0
MAR11793,-1.0,-1.0,-1.0,-1.0
MAR11794,-1.0,-1.0,-1.0,-1.0
MAR11795,-1.0,-1.0,-1.0,-1.0
MAR11796,-1.0,-1.0,-1.0,-1.0
MAR11797,-1.0,-1.0,-1.0,-1.0
MAR11798,-1.0,-1.0,-1.0,-1.0
MAR11799,-1.0,-1.0,-1.0,-1.0
MAR11800,-1.0,-1.0,-1.0,-1.0
MAR11801_f,23.4,12.2,14.5,1.4
MAR11802,-1.0,-1.0,-1.0,-1.0
MAR11803_f,17.5,24.6,10.8,0.4
MAR11804,3.9,18.4,1.5,126.2
MAR11805_f,-1.0,-1.0,-1.0,-1.0
MAR11806_f,1.9,3.1,53.6,1.7
MAR11807_f,1.9,3.1,53.6,1.7
MAR11808,7.8,3.1,0.5,19.9
MAR11809,33.1,6.1,3.0,5.1
MAR11810,54.5,24.6,25.9,126.2
MAR11811_f,-1.0,-1.0,-1.0,-1.0
MAR11812_f,-1.0,-1.0,-1.0,-1.0
MAR11813_f,-1.0,-1.0,-1.0,-1.0
MAR11814_f,-1.0,-1.0,-1.0,-1.0
MAR11815,3.9,6.1,148.8,2.7
MAR11816,-1.0,-1.0,-1.0,-1.0
MAR11817,-1.0,-1.0,-1.0,-1.0
MAR11818,-1.0,-1.0,-1.0,-1.0
MAR11819_f,-1.0,-1.0,-1.0,-1.0
MAR11820_f,-1.0,-1.0,-1.0,-1.0
MAR11821,-1.0,-1.0,-1.0,-1.0
MAR11822_f,-1.0,-1.0,-1.0,-1.0
MAR11823,-1.0,-1.0,-1.0,-1.0
MAR11824,-1.0,-1.0,-1.0,-1.0
MAR11825_f,-1.0,-1.0,-1.0,-1.0
MAR11826_f,-1.0,-1.0,-1.0,-1.0
MAR11827,-1.0,-1.0,-1.0,-1.0
MAR11828,-1.0,-1.0,-1.0,-1.0
MAR11829,-1.0,-1.0,-1.0,-1.0
MAR11830,-1.0,-1.0,-1.0,-1.0
MAR11831_f,-1.0,-1.0,-1.0,-1.0
MAR11832_f,-1.0,-1.0,-1.0,-1.0
MAR11833,-1.0,-1.0,-1.0,-1.0
MAR11834,-1.0,-1.0,-1.0,-1.0
MAR11835,-1.0,-1.0,-1.0,-1.0
MAR11836,-1.0,-1.0,-1.0,-1.0
MAR11837,-1.0,-1.0,-1.0,-1.0
MAR11838,-1.0,-1.0,-1.0,-1.0
MAR11839,-1.0,-1.0,-1.0,-1.0
MAR11840,-1.0,-1.0,-1.0,-1.0
MAR11841,-1.0,-1.0,-1.0,-1.0
MAR11842,-1.0,-1.0,-1.0,-1.0
MAR11843_f,-1.0,-1.0,-1.0,-1.0
MAR11844_f,-1.0,-1.0,-1.0,-1.0
MAR11845_f,-1.0,-1.0,-1.0,-1.0
MAR11846_f,-1.0,-1.0,-1.0,-1.0
MAR11847,-1.0,-1.0,-1.0,-1.0
MAR11848,-1.0,-1.0,-1.0,-1.0
MAR11849,-1.0,-1.0,-1.0,-1.0
MAR11850,-1.0,-1.0,-1.0,-1.0
MAR11851,-1.0,-1.0,-1.0,-1.0
MAR11852,-1.0,-1.0,-1.0,-1.0
MAR11853,-1.0,-1.0,-1.0,-1.0
MAR11854,-1.0,-1.0,-1.0,-1.0
MAR11855,-1.0,-1.0,-1.0,-1.0
MAR11856,-1.0,-1.0,-1.0,-1.0
MAR11857,-1.0,-1.0,-1.0,-1.0
MAR11858,-1.0,-1.0,-1.0,-1.0
MAR11859,-1.0,-1.0,-1.0,-1.0
MAR11860,-1.0,-1.0,-1.0,-1.0
MAR11861,-1.0,-1.0,-1.0,-1.0
MAR11862,-1.0,-1.0,-1.0,-1.0
MAR11863,-1.0,-1.0,-1.0,-1.0
MAR11864,-1.0,-1.0,-1.0,-1.0
MAR11865,-1.0,-1.0,-1.0,-1.0
MAR11866,-1.0,-1.0,-1.0,-1.0
MAR11867,-1.0,-1.0,-1.0,-1.0
MAR11868,-1.0,-1.0,-1.0,-1.0
MAR11869,-1.0,-1.0,-1.0,-1.0
MAR11870,-1.0,-1.0,-1.0,-1.0
MAR11871,-1.0,-1.0,-1.0,-1.0
MAR11872,-1.0,-1.0,-1.0,-1.0
MAR11873,-1.0,-1.0,-1.0,-1.0
MAR11874,-1.0,-1.0,-1.0,-1.0
MAR11875,-1.0,-1.0,-1.0,-1.0
MAR11876,-1.0,-1.0,-1.0,-1.0
MAR11877,-1.0,-1.0,-1.0,-1.0
MAR11878,-1.0,-1.0,-1.0,-1.0
MAR11879,-1.0,-1.0,-1.0,-1.0
MAR11880,-1.0,-1.0,-1.0,-1.0
MAR11881,-1.0,-1.0,-1.0,-1.0
MAR11882,-1.0,-1.0,-1.0,-1.0
MAR11883,-1.0,-1.0,-1.0,-1.0
MAR11884,-1.0,-1.0,-1.0,-1.0
MAR11885,-1.0,-1.0,-1.0,-1.0
MAR11886,-1.0,-1.0,-1.0,-1.0
MAR11887,-1.0,-1.0,-1.0,-1.0
MAR11888,-1.0,-1.0,-1.0,-1.0
MAR11889,-1.0,-1.0,-1.0,-1.0
MAR11890_f,-1.0,-1.0,-1.0,-1.0
MAR11891,-1.0,-1.0,-1.0,-1.0
MAR11892_f,-1.0,-1.0,-1.0,-1.0
MAR11893,-1.0,-1.0,-1.0,-1.0
MAR11894_f,-1.0,-1.0,-1.0,-1.0
MAR11895,-1.0,-1.0,-1.0,-1.0
MAR11896_f,-1.0,-1.0,-1.0,-1.0
MAR11897,-1.0,-1.0,-1.0,-1.0
MAR11898,-1.0,-1.0,-1.0,-1.0
MAR11899,-1.0,-1.0,-1.0,-1.0
MAR11900_f,-1.0,-1.0,-1.0,-1.0
MAR11901,-1.0,-1.0,-1.0,-1.0
MAR11902,-1.0,-1.0,-1.0,-1.0
MAR11903_f,-1.0,-1.0,-1.0,-1.0
MAR11904,-1.0,-1.0,-1.0,-1.0
MAR11905_f,-1.0,-1.0,-1.0,-1.0
MAR11906,-1.0,-1.0,-1.0,-1.0
MAR11907,-1.0,-1.0,-1.0,-1.0
MAR11908,-1.0,-1.0,-1.0,-1.0
MAR11909,-1.0,-1.0,-1.0,-1.0
MAR11910,-1.0,-1.0,-1.0,-1.0
MAR11911,-1.0,-1.0,-1.0,-1.0
MAR11912,-1.0,-1.0,-1.0,-1.0
MAR11913_f,-1.0,-1.0,-1.0,-1.0
MAR11914,-1.0,-1.0,-1.0,-1.0
MAR11915,-1.0,-1.0,-1.0,-1.0
MAR11916,-1.0,-1.0,-1.0,-1.0
MAR11917,-1.0,-1.0,-1.0,-1.0
MAR11918,-1.0,-1.0,-1.0,-1.0
MAR11919,-1.0,-1.0,-1.0,-1.0
MAR11920,-1.0,-1.0,-1.0,-1.0
MAR11921,-1.0,-1.0,-1.0,-1.0
MAR11922,-1.0,-1.0,-1.0,-1.0
MAR11923,-1.0,-1.0,-1.0,-1.0
MAR11924_f,-1.0,-1.0,-1.0,-1.0
MAR11925,-1.0,-1.0,-1.0,-1.0
MAR11926,-1.0,-1.0,-1.0,-1.0
MAR11927,-1.0,-1.0,-1.0,-1.0
MAR11928_f,-1.0,-1.0,-1.0,-1.0
MAR11929,-1.0,-1.0,-1.0,-1.0
MAR11930,-1.0,-1.0,-1.0,-1.0
MAR11931_f,-1.0,-1.0,-1.0,-1.0
MAR11932,-1.0,-1.0,-1.0,-1.0
MAR11933,-1.0,-1.0,-1.0,-1.0
MAR11934,-1.0,-1.0,-1.0,-1.0
MAR11935_f,-1.0,-1.0,-1.0,-1.0
MAR11936,-1.0,-1.0,-1.0,-1.0
MAR11937_f,-1.0,-1.0,-1.0,-1.0
MAR11938,-1.0,-1.0,-1.0,-1.0
MAR11939_f,-1.0,-1.0,-1.0,-1.0
MAR11940,-1.0,-1.0,-1.0,-1.0
MAR11941_f,-1.0,-1.0,-1.0,-1.0
MAR11942,-1.0,-1.0,-1.0,-1.0
MAR11943_f,-1.0,-1.0,-1.0,-1.0
MAR11944_f,-1.0,-1.0,-1.0,-1.0
MAR11945,-1.0,-1.0,-1.0,-1.0
MAR11946_f,-1.0,-1.0,-1.0,-1.0
MAR11947,-1.0,-1.0,-1.0,-1.0
MAR11948_f,-1.0,-1.0,-1.0,-1.0
MAR11949,-1.0,-1.0,-1.0,-1.0
MAR11950_f,-1.0,-1.0,-1.0,-1.0
MAR11951,-1.0,-1.0,-1.0,-1.0
MAR11952,-1.0,-1.0,-1.0,-1.0
MAR11953,-1.0,-1.0,-1.0,-1.0
MAR11954,-1.0,-1.0,-1.0,-1.0
MAR11955_f,-1.0,-1.0,-1.0,-1.0
MAR11956,-1.0,-1.0,-1.0,-1.0
MAR11957,-1.0,-1.0,-1.0,-1.0
MAR11958_f,-1.0,-1.0,-1.0,-1.0
MAR11959,-1.0,-1.0,-1.0,-1.0
MAR11960_f,-1.0,-1.0,-1.0,-1.0
MAR11961,-1.0,-1.0,-1.0,-1.0
MAR11962,-1.0,-1.0,-1.0,-1.0
MAR11963_f,-1.0,-1.0,-1.0,-1.0
MAR11964,-1.0,-1.0,-1.0,-1.0
MAR11965,-1.0,-1.0,-1.0,-1.0
MAR11966,-1.0,-1.0,-1.0,-1.0
MAR11967,-1.0,-1.0,-1.0,-1.0
MAR11968,-1.0,-1.0,-1.0,-1.0
MAR11969,-1.0,-1.0,-1.0,-1.0
MAR11970,-1.0,-1.0,-1.0,-1.0
MAR11971,-1.0,-1.0,-1.0,-1.0
MAR11972,-1.0,-1.0,-1.0,-1.0
MAR11973_f,-1.0,-1.0,-1.0,-1.0
MAR11974,-1.0,-1.0,-1.0,-1.0
MAR11975,-1.0,-1.0,-1.0,-1.0
MAR11976_f,-1.0,-1.0,-1.0,-1.0
MAR11977_f,-1.0,-1.0,-1.0,-1.0
MAR11978,-1.0,-1.0,-1.0,-1.0
MAR11979_f,-1.0,-1.0,-1.0,-1.0
MAR11980_f,-1.0,-1.0,-1.0,-1.0
MAR11981,-1.0,-1.0,-1.0,-1.0
MAR11982,-1.0,-1.0,-1.0,-1.0
MAR11983,-1.0,-1.0,-1.0,-1.0
MAR11984,-1.0,-1.0,-1.0,-1.0
MAR11985,-1.0,-1.0,-1.0,-1.0
MAR11986_f,-1.0,-1.0,-1.0,-1.0
MAR11987,-1.0,-1.0,-1.0,-1.0
MAR11989_f,-1.0,-1.0,-1.0,-1.0
MAR11990,-1.0,-1.0,-1.0,-1.0
MAR11992_f,-1.0,-1.0,-1.0,-1.0
MAR11993,-1.0,-1.0,-1.0,-1.0
MAR11995_f,-1.0,-1.0,-1.0,-1.0
MAR11996,-1.0,-1.0,-1.0,-1.0
MAR11998_f,-1.0,-1.0,-1.0,-1.0
MAR11999,-1.0,-1.0,-1.0,-1.0
MAR12001,17.5,166.0,252.1,102.2
MAR12002,13.6,6.1,4.0,2.0
MAR12003,13.6,6.1,4.0,2.0
MAR12004,-1.0,-1.0,-1.0,-1.0
MAR12005,83.6,119.9,315.0,1034.2
MAR12006,-1.0,-1.0,-1.0,-1.0
MAR12007,-1.0,-1.0,-1.0,-1.0
MAR12008,-1.0,-1.0,-1.0,-1.0
MAR12009,-1.0,-1.0,-1.0,-1.0
MAR12010,-1.0,-1.0,-1.0,-1.0
MAR12011,-1.0,-1.0,-1.0,-1.0
MAR12012,-1.0,-1.0,-1.0,-1.0
MAR12013,466.8,110.6,94.4,128.4
MAR12014_f,-1.0,-1.0,-1.0,-1.0
MAR12015,-1.0,-1.0,-1.0,-1.0
MAR12016_f,-1.0,-1.0,-1.0,-1.0
MAR12017,-1.0,-1.0,-1.0,-1.0
MAR12018,-1.0,-1.0,-1.0,-1.0
MAR12019,-1.0,-1.0,-1.0,-1.0
MAR12020,37.0,150.6,1.8,45.2
MAR12021,37.0,150.6,1.8,45.2
MAR12022_f,-1.0,-1.0,-1.0,-1.0
MAR12023_f,3.9,3.1,1.0,1.5
MAR12024,-1.0,-1.0,-1.0,-1.0
MAR12025,-1.0,-1.0,-1.0,-1.0
MAR12026,-1.0,-1.0,-1.0,-1.0
MAR12027_f,-1.0,-1.0,-1.0,-1.0
MAR12028,-1.0,-1.0,-1.0,-1.0
MAR12029,466.8,110.6,94.4,128.4
MAR12030,-1.0,-1.0,-1.0,-1.0
MAR12031_f,-1.0,-1.0,-1.0,-1.0
MAR12032,-1.0,-1.0,-1.0,-1.0
MAR12033_f,-1.0,-1.0,-1.0,-1.0
MAR12034,-1.0,-1.0,-1.0,-1.0
MAR12035,25.3,12.3,35.2,27.1
MAR12036,550.4,104.5,567.4,558.9000000000001
MAR12037,550.4,104.5,567.4,558.9000000000001
MAR12038,25.3,12.3,35.2,27.1
MAR12039,25.3,12.3,35.2,27.1
MAR12040_f,-1.0,-1.0,-1.0,-1.0
MAR12041,-1.0,-1.0,-1.0,-1.0
MAR12042,-1.0,-1.0,-1.0,-1.0
MAR12043,-1.0,-1.0,-1.0,-1.0
MAR12044,-1.0,-1.0,-1.0,-1.0
MAR12045,-1.0,-1.0,-1.0,-1.0
MAR12046,-1.0,-1.0,-1.0,-1.0
MAR12047,-1.0,-1.0,-1.0,-1.0
MAR12048,-1.0,-1.0,-1.0,-1.0
MAR12049,-1.0,-1.0,-1.0,-1.0
MAR12050,19.4,24.6,14.4,14.5
MAR12051,-1.0,-1.0,-1.0,-1.0
MAR12052,-1.0,-1.0,-1.0,-1.0
MAR12053,13.6,6.1,7.4,9.4
MAR12054,-1.0,-1.0,-1.0,-1.0
MAR12055,-1.0,-1.0,-1.0,-1.0
MAR12056,-1.0,-1.0,-1.0,-1.0
MAR12057,-1.0,-1.0,-1.0,-1.0
MAR12058,-1.0,-1.0,-1.0,-1.0
MAR12059,-1.0,-1.0,-1.0,-1.0
MAR12060,-1.0,-1.0,-1.0,-1.0
MAR12061,15.6,6.1,20.7,4.5
MAR12062,27.2,15.4,34.8,56.9
MAR12063,15.6,6.1,20.7,4.5
MAR12064,31.2,12.2,41.4,9.0
MAR12065,3.9,3.1,5.3,5.3
MAR12066,-1.0,-1.0,-1.0,-1.0
MAR12067,-1.0,-1.0,-1.0,-1.0
MAR12068,-1.0,-1.0,-1.0,-1.0
MAR12069,-1.0,-1.0,-1.0,-1.0
MAR12070,-1.0,-1.0,-1.0,-1.0
MAR12071,-1.0,-1.0,-1.0,-1.0
MAR12072,-1.0,-1.0,-1.0,-1.0
MAR12073,-1.0,-1.0,-1.0,-1.0
MAR12074,-1.0,-1.0,-1.0,-1.0
MAR12075,-1.0,-1.0,-1.0,-1.0
MAR12076,-1.0,-1.0,-1.0,-1.0
MAR12077,40.8,3.1,31.9,55.7
MAR12078,-1.0,-1.0,-1.0,-1.0
MAR12079,15.6,3.1,20.7,11.3
MAR12080,-1.0,-1.0,-1.0,-1.0
MAR12081,-1.0,-1.0,-1.0,-1.0
MAR12082,11.7,3.1,18.5,18.4
MAR12083,11.7,3.1,18.5,18.4
MAR12084,-1.0,-1.0,-1.0,-1.0
MAR12085,-1.0,-1.0,-1.0,-1.0
MAR12086,-1.0,-1.0,-1.0,-1.0
MAR12087,-1.0,-1.0,-1.0,-1.0
MAR12088_f,-1.0,-1.0,-1.0,-1.0
MAR12089_f,-1.0,-1.0,-1.0,-1.0
MAR12090_f,-1.0,-1.0,-1.0,-1.0
MAR12091,-1.0,-1.0,-1.0,-1.0
MAR12092,-1.0,-1.0,-1.0,-1.0
MAR12093_f,-1.0,-1.0,-1.0,-1.0
MAR12094_f,-1.0,-1.0,-1.0,-1.0
MAR12095_f,-1.0,-1.0,-1.0,-1.0
MAR12096_f,-1.0,-1.0,-1.0,-1.0
MAR12097_f,-1.0,-1.0,-1.0,-1.0
MAR12098,-1.0,-1.0,-1.0,-1.0
MAR12099,-1.0,-1.0,-1.0,-1.0
MAR12100_f,-1.0,-1.0,-1.0,-1.0
MAR12101_f,-1.0,-1.0,-1.0,-1.0
MAR12102_f,-1.0,-1.0,-1.0,-1.0
MAR12103_f,-1.0,-1.0,-1.0,-1.0
MAR12104,-1.0,-1.0,-1.0,-1.0
MAR12105,-1.0,-1.0,-1.0,-1.0
MAR12106,-1.0,-1.0,-1.0,-1.0
MAR12107,-1.0,-1.0,-1.0,-1.0
MAR12108,-1.0,-1.0,-1.0,-1.0
MAR12109,-1.0,-1.0,-1.0,-1.0
MAR12110,-1.0,-1.0,-1.0,-1.0
MAR12111,-1.0,-1.0,-1.0,-1.0
MAR12112,-1.0,-1.0,-1.0,-1.0
MAR12113_f,-1.0,-1.0,-1.0,-1.0
MAR12114,-1.0,-1.0,-1.0,-1.0
MAR12115_f,-1.0,-1.0,-1.0,-1.0
MAR12116_f,-1.0,-1.0,-1.0,-1.0
MAR12117_f,-1.0,-1.0,-1.0,-1.0
MAR12118,-1.0,-1.0,-1.0,-1.0
MAR12119,-1.0,-1.0,-1.0,-1.0
MAR12120,-1.0,-1.0,-1.0,-1.0
MAR12121_f,-1.0,-1.0,-1.0,-1.0
MAR12122,-1.0,-1.0,-1.0,-1.0
MAR12123,-1.0,-1.0,-1.0,-1.0
MAR12124,-1.0,-1.0,-1.0,-1.0
MAR12125,-1.0,-1.0,-1.0,-1.0
MAR12126_f,-1.0,-1.0,-1.0,-1.0
MAR12127,-1.0,-1.0,-1.0,-1.0
MAR12128,-1.0,-1.0,-1.0,-1.0
MAR12129,-1.0,-1.0,-1.0,-1.0
MAR12130,-1.0,-1.0,-1.0,-1.0
MAR12131,-1.0,-1.0,-1.0,-1.0
MAR12132,-1.0,-1.0,-1.0,-1.0
MAR12133,-1.0,-1.0,-1.0,-1.0
MAR12134,-1.0,-1.0,-1.0,-1.0
MAR12135,-1.0,-1.0,-1.0,-1.0
MAR12136,-1.0,-1.0,-1.0,-1.0
MAR12137,-1.0,-1.0,-1.0,-1.0
MAR12138,-1.0,-1.0,-1.0,-1.0
MAR12139,-1.0,-1.0,-1.0,-1.0
MAR12140,-1.0,-1.0,-1.0,-1.0
MAR12141,-1.0,-1.0,-1.0,-1.0
MAR12142,-1.0,-1.0,-1.0,-1.0
MAR12143_f,-1.0,-1.0,-1.0,-1.0
MAR12144,-1.0,-1.0,-1.0,-1.0
MAR12145,-1.0,-1.0,-1.0,-1.0
MAR12146,-1.0,-1.0,-1.0,-1.0
MAR12147,-1.0,-1.0,-1.0,-1.0
MAR12148_f,-1.0,-1.0,-1.0,-1.0
MAR12149,-1.0,-1.0,-1.0,-1.0
MAR12150,-1.0,-1.0,-1.0,-1.0
MAR12151_f,-1.0,-1.0,-1.0,-1.0
MAR12152,-1.0,-1.0,-1.0,-1.0
MAR12153,-1.0,-1.0,-1.0,-1.0
MAR12154,-1.0,-1.0,-1.0,-1.0
MAR12155_f,-1.0,-1.0,-1.0,-1.0
MAR12156,-1.0,-1.0,-1.0,-1.0
MAR12157,-1.0,-1.0,-1.0,-1.0
MAR12158,-1.0,-1.0,-1.0,-1.0
MAR12159_f,-1.0,-1.0,-1.0,-1.0
MAR12160,-1.0,-1.0,-1.0,-1.0
MAR12161,-1.0,-1.0,-1.0,-1.0
MAR12162_f,-1.0,-1.0,-1.0,-1.0
MAR12163,-1.0,-1.0,-1.0,-1.0
MAR12164,-1.0,-1.0,-1.0,-1.0
MAR12165_f,-1.0,-1.0,-1.0,-1.0
MAR12166,-1.0,-1.0,-1.0,-1.0
MAR12167,-1.0,-1.0,-1.0,-1.0
MAR12168,-1.0,-1.0,-1.0,-1.0
MAR12169,-1.0,-1.0,-1.0,-1.0
MAR12170_f,-1.0,-1.0,-1.0,-1.0
MAR12171,-1.0,-1.0,-1.0,-1.0
MAR12172_f,-1.0,-1.0,-1.0,-1.0
MAR12173,-1.0,-1.0,-1.0,-1.0
MAR12174,-1.0,-1.0,-1.0,-1.0
MAR12175,-1.0,-1.0,-1.0,-1.0
MAR12176,-1.0,-1.0,-1.0,-1.0
MAR12177_f,-1.0,-1.0,-1.0,-1.0
MAR12178,122.5,76.8,508.9,956.8
MAR12179,122.5,76.8,508.9,956.8
MAR12180,-1.0,-1.0,-1.0,-1.0
MAR12181_f,-1.0,-1.0,-1.0,-1.0
MAR12182_f,-1.0,-1.0,-1.0,-1.0
MAR12183,-1.0,-1.0,-1.0,-1.0
MAR12184,-1.0,-1.0,-1.0,-1.0
MAR12185_f,-1.0,-1.0,-1.0,-1.0
MAR12186,-1.0,-1.0,-1.0,-1.0
MAR12187,122.5,76.8,508.9,956.8
MAR12188,122.5,76.8,508.9,956.8
MAR12189,-1.0,-1.0,-1.0,-1.0
MAR12190_f,-1.0,-1.0,-1.0,-1.0
MAR12191,122.5,76.8,508.9,956.8
MAR12192,122.5,76.8,508.9,956.8
MAR12193,-1.0,-1.0,-1.0,-1.0
MAR12194_f,-1.0,-1.0,-1.0,-1.0
MAR12195,-1.0,-1.0,-1.0,-1.0
MAR12196_f,-1.0,-1.0,-1.0,-1.0
MAR12197,-1.0,-1.0,-1.0,-1.0
MAR12198,-1.0,-1.0,-1.0,-1.0
MAR12199,-1.0,-1.0,-1.0,-1.0
MAR12200,-1.0,-1.0,-1.0,-1.0
MAR12201,-1.0,-1.0,-1.0,-1.0
MAR12202,-1.0,-1.0,-1.0,-1.0
MAR12203,-1.0,-1.0,-1.0,-1.0
MAR12204,-1.0,-1.0,-1.0,-1.0
MAR12205,-1.0,-1.0,-1.0,-1.0
MAR12206,-1.0,-1.0,-1.0,-1.0
MAR12207,-1.0,-1.0,-1.0,-1.0
MAR12208,-1.0,-1.0,-1.0,-1.0
MAR12209,-1.0,-1.0,-1.0,-1.0
MAR12210,-1.0,-1.0,-1.0,-1.0
MAR12211,-1.0,-1.0,-1.0,-1.0
MAR12212,-1.0,-1.0,-1.0,-1.0
MAR12213,-1.0,-1.0,-1.0,-1.0
MAR12214,-1.0,-1.0,-1.0,-1.0
MAR12215,-1.0,-1.0,-1.0,-1.0
MAR12216,-1.0,-1.0,-1.0,-1.0
MAR12217,-1.0,-1.0,-1.0,-1.0
MAR12218,-1.0,-1.0,-1.0,-1.0
MAR12219,-1.0,-1.0,-1.0,-1.0
MAR12220,-1.0,-1.0,-1.0,-1.0
MAR12221,-1.0,-1.0,-1.0,-1.0
MAR12222,-1.0,-1.0,-1.0,-1.0
MAR12223,-1.0,-1.0,-1.0,-1.0
MAR12224,-1.0,-1.0,-1.0,-1.0
MAR12225,-1.0,-1.0,-1.0,-1.0
MAR12226,-1.0,-1.0,-1.0,-1.0
MAR12227,-1.0,-1.0,-1.0,-1.0
MAR12228,-1.0,-1.0,-1.0,-1.0
MAR12229,-1.0,-1.0,-1.0,-1.0
MAR12230,-1.0,-1.0,-1.0,-1.0
MAR12231,-1.0,-1.0,-1.0,-1.0
MAR12232,-1.0,-1.0,-1.0,-1.0
MAR12233,-1.0,-1.0,-1.0,-1.0
MAR12234,-1.0,-1.0,-1.0,-1.0
MAR12235_f,-1.0,-1.0,-1.0,-1.0
MAR12236,-1.0,-1.0,-1.0,-1.0
MAR12237,-1.0,-1.0,-1.0,-1.0
MAR12238_f,-1.0,-1.0,-1.0,-1.0
MAR12239,-1.0,-1.0,-1.0,-1.0
MAR12240,-1.0,-1.0,-1.0,-1.0
MAR12241_f,-1.0,-1.0,-1.0,-1.0
MAR12242,-1.0,-1.0,-1.0,-1.0
MAR12243,-1.0,-1.0,-1.0,-1.0
MAR12244_f,-1.0,-1.0,-1.0,-1.0
MAR12245,-1.0,-1.0,-1.0,-1.0
MAR12246,122.5,76.8,508.9,956.8
MAR12247,122.5,76.8,508.9,956.8
MAR12248,-1.0,-1.0,-1.0,-1.0
MAR12249_f,-1.0,-1.0,-1.0,-1.0
MAR12250,122.5,76.8,508.9,956.8
MAR12251,122.5,76.8,508.9,956.8
MAR12252,-1.0,-1.0,-1.0,-1.0
MAR12253_f,-1.0,-1.0,-1.0,-1.0
MAR12254,-1.0,-1.0,-1.0,-1.0
MAR12255,-1.0,-1.0,-1.0,-1.0
MAR12256,-1.0,-1.0,-1.0,-1.0
MAR12257_f,-1.0,-1.0,-1.0,-1.0
MAR12258,122.5,76.8,508.9,956.8
MAR12259,122.5,76.8,508.9,956.8
MAR12260,-1.0,-1.0,-1.0,-1.0
MAR12261_f,-1.0,-1.0,-1.0,-1.0
MAR12262,-1.0,-1.0,-1.0,-1.0
MAR12263_f,-1.0,-1.0,-1.0,-1.0
MAR12264,-1.0,-1.0,-1.0,-1.0
MAR12265_f,-1.0,-1.0,-1.0,-1.0
MAR12266,-1.0,-1.0,-1.0,-1.0
MAR12267_f,-1.0,-1.0,-1.0,-1.0
MAR12268,-1.0,-1.0,-1.0,-1.0
MAR12269,-1.0,-1.0,-1.0,-1.0
MAR12270_f,-1.0,-1.0,-1.0,-1.0
MAR12271,-1.0,-1.0,-1.0,-1.0
MAR12272,122.5,76.8,508.9,956.8
MAR12273,122.5,76.8,508.9,956.8
MAR12274,-1.0,-1.0,-1.0,-1.0
MAR12275_f,-1.0,-1.0,-1.0,-1.0
MAR12276,122.5,76.8,508.9,956.8
MAR12277,122.5,76.8,508.9,956.8
MAR12278,-1.0,-1.0,-1.0,-1.0
MAR12279_f,-1.0,-1.0,-1.0,-1.0
MAR12280,-1.0,-1.0,-1.0,-1.0
MAR12281_f,-1.0,-1.0,-1.0,-1.0
MAR12282,-1.0,-1.0,-1.0,-1.0
MAR12283_f,-1.0,-1.0,-1.0,-1.0
MAR12284,-1.0,-1.0,-1.0,-1.0
MAR12285_f,-1.0,-1.0,-1.0,-1.0
MAR12286,-1.0,-1.0,-1.0,-1.0
MAR12287,-1.0,-1.0,-1.0,-1.0
MAR12288_f,-1.0,-1.0,-1.0,-1.0
MAR12289,-1.0,-1.0,-1.0,-1.0
MAR12290,-1.0,-1.0,-1.0,-1.0
MAR12291,-1.0,-1.0,-1.0,-1.0
MAR12292_f,-1.0,-1.0,-1.0,-1.0
MAR12293,-1.0,-1.0,-1.0,-1.0
MAR12294,-1.0,-1.0,-1.0,-1.0
MAR12295_f,-1.0,-1.0,-1.0,-1.0
MAR12296,-1.0,-1.0,-1.0,-1.0
MAR12297,-1.0,-1.0,-1.0,-1.0
MAR12298_f,-1.0,-1.0,-1.0,-1.0
MAR12299,-1.0,-1.0,-1.0,-1.0
MAR12300,-1.0,-1.0,-1.0,-1.0
MAR12301_f,-1.0,-1.0,-1.0,-1.0
MAR12302,-1.0,-1.0,-1.0,-1.0
MAR12303,-1.0,-1.0,-1.0,-1.0
MAR12304_f,-1.0,-1.0,-1.0,-1.0
MAR12305,-1.0,-1.0,-1.0,-1.0
MAR12306_f,-1.0,-1.0,-1.0,-1.0
MAR12307,-1.0,-1.0,-1.0,-1.0
MAR12308,-1.0,-1.0,-1.0,-1.0
MAR12309,-1.0,-1.0,-1.0,-1.0
MAR12310_f,-1.0,-1.0,-1.0,-1.0
MAR12311,-1.0,-1.0,-1.0,-1.0
MAR12312,-1.0,-1.0,-1.0,-1.0
MAR12313,-1.0,-1.0,-1.0,-1.0
MAR12314,-1.0,-1.0,-1.0,-1.0
MAR12315,-1.0,-1.0,-1.0,-1.0
MAR12316,-1.0,-1.0,-1.0,-1.0
MAR12317_f,-1.0,-1.0,-1.0,-1.0
MAR12318,-1.0,-1.0,-1.0,-1.0
MAR12319,-1.0,-1.0,-1.0,-1.0
MAR12320_f,-1.0,-1.0,-1.0,-1.0
MAR12321,-1.0,-1.0,-1.0,-1.0
MAR12322,-1.0,-1.0,-1.0,-1.0
MAR12323,-1.0,-1.0,-1.0,-1.0
MAR12324_f,-1.0,-1.0,-1.0,-1.0
MAR12325,-1.0,-1.0,-1.0,-1.0
MAR12326,-1.0,-1.0,-1.0,-1.0
MAR12327,-1.0,-1.0,-1.0,-1.0
MAR12328,-1.0,-1.0,-1.0,-1.0
MAR12329,-1.0,-1.0,-1.0,-1.0
MAR12330,-1.0,-1.0,-1.0,-1.0
MAR12331_f,-1.0,-1.0,-1.0,-1.0
MAR12332_f,-1.0,-1.0,-1.0,-1.0
MAR12333,122.5,76.8,508.9,956.8
MAR12334_f,-1.0,-1.0,-1.0,-1.0
MAR12335,122.5,76.8,508.9,956.8
MAR12336_f,-1.0,-1.0,-1.0,-1.0
MAR12337,-1.0,-1.0,-1.0,-1.0
MAR12338_f,-1.0,-1.0,-1.0,-1.0
MAR12339,-1.0,-1.0,-1.0,-1.0
MAR12340,-1.0,-1.0,-1.0,-1.0
MAR12341,50.6,3.1,39.7,68.5
MAR12342,-1.0,-1.0,-1.0,-1.0
MAR12343,-1.0,-1.0,-1.0,-1.0
MAR12344,50.6,3.1,39.7,68.5
MAR12345_f,-1.0,-1.0,-1.0,-1.0
MAR12346_f,-1.0,-1.0,-1.0,-1.0
MAR12347,-1.0,-1.0,-1.0,-1.0
MAR12348,50.6,3.1,39.7,68.5
MAR12349,-1.0,-1.0,-1.0,-1.0
MAR12350,50.6,3.1,39.7,68.5
MAR12351_f,-1.0,-1.0,-1.0,-1.0
MAR12352_f,-1.0,-1.0,-1.0,-1.0
MAR12353_f,-1.0,-1.0,-1.0,-1.0
MAR12354_f,-1.0,-1.0,-1.0,-1.0
MAR12355,122.5,76.8,508.9,956.8
MAR12356_f,-1.0,-1.0,-1.0,-1.0
MAR12357,-1.0,-1.0,-1.0,-1.0
MAR12358,-1.0,-1.0,-1.0,-1.0
MAR12359_f,-1.0,-1.0,-1.0,-1.0
MAR12360,-1.0,-1.0,-1.0,-1.0
MAR12361_f,-1.0,-1.0,-1.0,-1.0
MAR12362_f,-1.0,-1.0,-1.0,-1.0
MAR12363,-1.0,-1.0,-1.0,-1.0
MAR12364,-1.0,-1.0,-1.0,-1.0
MAR12365_f,-1.0,-1.0,-1.0,-1.0
MAR12366_f,-1.0,-1.0,-1.0,-1.0
MAR12367,122.5,76.8,508.9,956.8
MAR12368_f,-1.0,-1.0,-1.0,-1.0
MAR12369,-1.0,-1.0,-1.0,-1.0
MAR12370,-1.0,-1.0,-1.0,-1.0
MAR12371,340.4,700.8,788.5,753.5999999999999
MAR12372,128.29999999999998,165.89999999999998,1544.1999999999998,806.8000000000001
MAR12373,-1.0,-1.0,-1.0,-1.0
MAR12374_f,-1.0,-1.0,-1.0,-1.0
MAR12375,-1.0,-1.0,-1.0,-1.0
MAR12376,-1.0,-1.0,-1.0,-1.0
MAR12377_f,-1.0,-1.0,-1.0,-1.0
MAR12378_f,-1.0,-1.0,-1.0,-1.0
MAR12379,-1.0,-1.0,-1.0,-1.0
MAR12380,-1.0,-1.0,-1.0,-1.0
MAR12381,-1.0,-1.0,-1.0,-1.0
MAR12382,-1.0,-1.0,-1.0,-1.0
MAR12383,-1.0,-1.0,-1.0,-1.0
MAR12384_f,-1.0,-1.0,-1.0,-1.0
MAR12385_f,-1.0,-1.0,-1.0,-1.0
MAR12386,-1.0,-1.0,-1.0,-1.0
MAR12387,-1.0,-1.0,-1.0,-1.0
MAR12388,-1.0,-1.0,-1.0,-1.0
MAR12389,-1.0,-1.0,-1.0,-1.0
MAR12390,-1.0,-1.0,-1.0,-1.0
MAR12391_f,-1.0,-1.0,-1.0,-1.0
MAR12392,-1.0,-1.0,-1.0,-1.0
MAR12393,-1.0,-1.0,-1.0,-1.0
MAR12394,50.6,3.1,39.7,68.5
MAR12395_f,-1.0,-1.0,-1.0,-1.0
MAR12396_f,-1.0,-1.0,-1.0,-1.0
MAR12397,-1.0,-1.0,-1.0,-1.0
MAR12398,-1.0,-1.0,-1.0,-1.0
MAR12399,50.6,3.1,39.7,68.5
MAR12400_f,-1.0,-1.0,-1.0,-1.0
MAR12401_f,-1.0,-1.0,-1.0,-1.0
MAR12402_f,-1.0,-1.0,-1.0,-1.0
MAR12403,122.5,76.8,508.9,956.8
MAR12404,-1.0,-1.0,-1.0,-1.0
MAR12405_f,-1.0,-1.0,-1.0,-1.0
MAR12406,-1.0,-1.0,-1.0,-1.0
MAR12407,-1.0,-1.0,-1.0,-1.0
MAR12408_f,-1.0,-1.0,-1.0,-1.0
MAR12409,-1.0,-1.0,-1.0,-1.0
MAR12410,-1.0,-1.0,-1.0,-1.0
MAR12411_f,-1.0,-1.0,-1.0,-1.0
MAR12412,-1.0,-1.0,-1.0,-1.0
MAR12413_f,-1.0,-1.0,-1.0,-1.0
MAR12414,-1.0,-1.0,-1.0,-1.0
MAR12415,-1.0,-1.0,-1.0,-1.0
MAR12416,-1.0,-1.0,-1.0,-1.0
MAR12417,-1.0,-1.0,-1.0,-1.0
MAR12418_f,-1.0,-1.0,-1.0,-1.0
MAR12419,-1.0,-1.0,-1.0,-1.0
MAR12420,-1.0,-1.0,-1.0,-1.0
MAR12421,-1.0,-1.0,-1.0,-1.0
MAR12422_f,-1.0,-1.0,-1.0,-1.0
MAR12423,-1.0,-1.0,-1.0,-1.0
MAR12424_f,-1.0,-1.0,-1.0,-1.0
MAR12425,-1.0,-1.0,-1.0,-1.0
MAR12426,-1.0,-1.0,-1.0,-1.0
MAR12427,-1.0,-1.0,-1.0,-1.0
MAR12428,-1.0,-1.0,-1.0,-1.0
MAR12429_f,-1.0,-1.0,-1.0,-1.0
MAR12430,-1.0,-1.0,-1.0,-1.0
MAR12431_f,-1.0,-1.0,-1.0,-1.0
MAR12432,-1.0,-1.0,-1.0,-1.0
MAR12433_f,-1.0,-1.0,-1.0,-1.0
MAR12434,-1.0,-1.0,-1.0,-1.0
MAR12435,-1.0,-1.0,-1.0,-1.0
MAR12436,-1.0,-1.0,-1.0,-1.0
MAR12437,-1.0,-1.0,-1.0,-1.0
MAR12438,-1.0,-1.0,-1.0,-1.0
MAR12439,-1.0,-1.0,-1.0,-1.0
MAR12440,-1.0,-1.0,-1.0,-1.0
MAR12441,50.6,3.1,39.7,68.5
MAR12442_f,-1.0,-1.0,-1.0,-1.0
MAR12443,-1.0,-1.0,-1.0,-1.0
MAR12444,-1.0,-1.0,-1.0,-1.0
MAR12445_f,-1.0,-1.0,-1.0,-1.0
MAR12446,-1.0,-1.0,-1.0,-1.0
MAR12447,-1.0,-1.0,-1.0,-1.0
MAR12448,-1.0,-1.0,-1.0,-1.0
MAR12449,-1.0,-1.0,-1.0,-1.0
MAR12450_f,-1.0,-1.0,-1.0,-1.0
MAR12451,-1.0,-1.0,-1.0,-1.0
MAR12452,-1.0,-1.0,-1.0,-1.0
MAR12453,-1.0,-1.0,-1.0,-1.0
MAR12454_f,-1.0,-1.0,-1.0,-1.0
MAR12455,-1.0,-1.0,-1.0,-1.0
MAR12456_f,-1.0,-1.0,-1.0,-1.0
MAR12457,-1.0,-1.0,-1.0,-1.0
MAR12458,-1.0,-1.0,-1.0,-1.0
MAR12459_f,-1.0,-1.0,-1.0,-1.0
MAR12460,-1.0,-1.0,-1.0,-1.0
MAR12461,50.6,3.1,39.7,68.5
MAR12462,-1.0,-1.0,-1.0,-1.0
MAR12463_f,-1.0,-1.0,-1.0,-1.0
MAR12464,-1.0,-1.0,-1.0,-1.0
MAR12465,-1.0,-1.0,-1.0,-1.0
MAR12466,-1.0,-1.0,-1.0,-1.0
MAR12467,-1.0,-1.0,-1.0,-1.0
MAR12468,17.5,166.0,252.1,102.2
MAR12469_f,-1.0,-1.0,-1.0,-1.0
MAR12470,-1.0,-1.0,-1.0,-1.0
MAR12471,5.8,3.1,34.9,80.3
MAR12472,1.9,3.1,701.6,145.2
MAR12473_f,-1.0,-1.0,-1.0,-1.0
MAR12474,-1.0,-1.0,-1.0,-1.0
MAR12475,-1.0,-1.0,-1.0,-1.0
MAR12476,-1.0,-1.0,-1.0,-1.0
MAR12477,-1.0,-1.0,-1.0,-1.0
MAR12478,-1.0,-1.0,-1.0,-1.0
MAR12479,-1.0,-1.0,-1.0,-1.0
MAR12480_f,-1.0,-1.0,-1.0,-1.0
MAR12481,-1.0,-1.0,-1.0,-1.0
MAR12482,-1.0,-1.0,-1.0,-1.0
MAR12483_f,-1.0,-1.0,-1.0,-1.0
MAR12484,-1.0,-1.0,-1.0,-1.0
MAR12485,-1.0,-1.0,-1.0,-1.0
MAR12486_f,-1.0,-1.0,-1.0,-1.0
MAR12487,-1.0,-1.0,-1.0,-1.0
MAR12488,-1.0,-1.0,-1.0,-1.0
MAR12489,-1.0,-1.0,-1.0,-1.0
MAR12490,-1.0,-1.0,-1.0,-1.0
MAR12491_f,-1.0,-1.0,-1.0,-1.0
MAR12492,-1.0,-1.0,-1.0,-1.0
MAR12493,-1.0,-1.0,-1.0,-1.0
MAR12494_f,-1.0,-1.0,-1.0,-1.0
MAR12495,-1.0,-1.0,-1.0,-1.0
MAR12496,-1.0,-1.0,-1.0,-1.0
MAR12497,-1.0,-1.0,-1.0,-1.0
MAR12498_f,-1.0,-1.0,-1.0,-1.0
MAR12499,-1.0,-1.0,-1.0,-1.0
MAR12500,-1.0,-1.0,-1.0,-1.0
MAR12501_f,-1.0,-1.0,-1.0,-1.0
MAR12502,-1.0,-1.0,-1.0,-1.0
MAR12503,-1.0,-1.0,-1.0,-1.0
MAR12504,-1.0,-1.0,-1.0,-1.0
MAR12505_f,-1.0,-1.0,-1.0,-1.0
MAR12506,-1.0,-1.0,-1.0,-1.0
MAR12507,-1.0,-1.0,-1.0,-1.0
MAR12508_f,-1.0,-1.0,-1.0,-1.0
MAR12509_f,-1.0,-1.0,-1.0,-1.0
MAR12510_f,-1.0,-1.0,-1.0,-1.0
MAR12511,-1.0,-1.0,-1.0,-1.0
MAR12512,-1.0,-1.0,-1.0,-1.0
MAR12513_f,-1.0,-1.0,-1.0,-1.0
MAR12514,50.6,3.1,39.7,68.5
MAR12515,122.5,76.8,508.9,956.8
MAR12516,-1.0,-1.0,-1.0,-1.0
MAR12517,122.5,76.8,508.9,956.8
MAR12518_f,-1.0,-1.0,-1.0,-1.0
MAR12519,-1.0,-1.0,-1.0,-1.0
MAR12520,-1.0,-1.0,-1.0,-1.0
MAR12521,-1.0,-1.0,-1.0,-1.0
MAR12522_f,-1.0,-1.0,-1.0,-1.0
MAR12523,50.6,3.1,39.7,68.5
MAR12524_f,-1.0,-1.0,-1.0,-1.0
MAR12525,-1.0,-1.0,-1.0,-1.0
MAR12526_f,-1.0,-1.0,-1.0,-1.0
MAR12527_f,-1.0,-1.0,-1.0,-1.0
MAR12528,122.5,76.8,508.9,956.8
MAR12529_f,-1.0,-1.0,-1.0,-1.0
MAR12530,-1.0,-1.0,-1.0,-1.0
MAR12531,-1.0,-1.0,-1.0,-1.0
MAR12532_f,-1.0,-1.0,-1.0,-1.0
MAR12533,-1.0,-1.0,-1.0,-1.0
MAR12534_f,-1.0,-1.0,-1.0,-1.0
MAR12535,-1.0,-1.0,-1.0,-1.0
MAR12536,-1.0,-1.0,-1.0,-1.0
MAR12537,50.6,3.1,39.7,68.5
MAR12538,-1.0,-1.0,-1.0,-1.0
MAR12539,-1.0,-1.0,-1.0,-1.0
MAR12540,25.3,3.1,60.5,18.6
MAR12541,-1.0,-1.0,-1.0,-1.0
MAR12542,-1.0,-1.0,-1.0,-1.0
MAR12543,-1.0,-1.0,-1.0,-1.0
MAR12544,25.3,3.1,60.5,18.6
MAR12545,-1.0,-1.0,-1.0,-1.0
MAR12546_f,-1.0,-1.0,-1.0,-1.0
MAR12547,-1.0,-1.0,-1.0,-1.0
MAR12548_f,-1.0,-1.0,-1.0,-1.0
MAR12549,-1.0,-1.0,-1.0,-1.0
MAR12550_f,-1.0,-1.0,-1.0,-1.0
MAR12551_f,-1.0,-1.0,-1.0,-1.0
MAR12552,-1.0,-1.0,-1.0,-1.0
MAR12553,-1.0,-1.0,-1.0,-1.0
MAR12554_f,-1.0,-1.0,-1.0,-1.0
MAR12555_f,-1.0,-1.0,-1.0,-1.0
MAR12556,50.6,3.1,39.7,68.5
MAR12557,-1.0,-1.0,-1.0,-1.0
MAR12558,-1.0,-1.0,-1.0,-1.0
MAR12559,-1.0,-1.0,-1.0,-1.0
MAR12560,-1.0,-1.0,-1.0,-1.0
MAR12561,-1.0,-1.0,-1.0,-1.0
MAR12562,128.29999999999998,165.89999999999998,1544.1999999999998,806.8000000000001
MAR12563_f,-1.0,-1.0,-1.0,-1.0
MAR12564,-1.0,-1.0,-1.0,-1.0
MAR12565,-1.0,-1.0,-1.0,-1.0
MAR12566,-1.0,-1.0,-1.0,-1.0
MAR12567,-1.0,-1.0,-1.0,-1.0
MAR12568_f,-1.0,-1.0,-1.0,-1.0
MAR12569,-1.0,-1.0,-1.0,-1.0
MAR12570,-1.0,-1.0,-1.0,-1.0
MAR12571_f,-1.0,-1.0,-1.0,-1.0
MAR12572,-1.0,-1.0,-1.0,-1.0
MAR12573,-1.0,-1.0,-1.0,-1.0
MAR12574,-1.0,-1.0,-1.0,-1.0
MAR12575,-1.0,-1.0,-1.0,-1.0
MAR12576,-1.0,-1.0,-1.0,-1.0
MAR12577,-1.0,-1.0,-1.0,-1.0
MAR12578,-1.0,-1.0,-1.0,-1.0
MAR12579,-1.0,-1.0,-1.0,-1.0
MAR12580,-1.0,-1.0,-1.0,-1.0
MAR12581,-1.0,-1.0,-1.0,-1.0
MAR12582,-1.0,-1.0,-1.0,-1.0
MAR12583,-1.0,-1.0,-1.0,-1.0
MAR12584,-1.0,-1.0,-1.0,-1.0
MAR12585,-1.0,-1.0,-1.0,-1.0
MAR12586,-1.0,-1.0,-1.0,-1.0
MAR12587,-1.0,-1.0,-1.0,-1.0
MAR12588,-1.0,-1.0,-1.0,-1.0
MAR12589,-1.0,-1.0,-1.0,-1.0
MAR12590,-1.0,-1.0,-1.0,-1.0
MAR12591,-1.0,-1.0,-1.0,-1.0
MAR12592,-1.0,-1.0,-1.0,-1.0
MAR12593,-1.0,-1.0,-1.0,-1.0
MAR12594,-1.0,-1.0,-1.0,-1.0
MAR12595,-1.0,-1.0,-1.0,-1.0
MAR12596,-1.0,-1.0,-1.0,-1.0
MAR12597,-1.0,-1.0,-1.0,-1.0
MAR12598,-1.0,-1.0,-1.0,-1.0
MAR12599,-1.0,-1.0,-1.0,-1.0
MAR12600,-1.0,-1.0,-1.0,-1.0
MAR12601,-1.0,-1.0,-1.0,-1.0
MAR12602,-1.0,-1.0,-1.0,-1.0
MAR12603,-1.0,-1.0,-1.0,-1.0
MAR12604,-1.0,-1.0,-1.0,-1.0
MAR12605,-1.0,-1.0,-1.0,-1.0
MAR12606,-1.0,-1.0,-1.0,-1.0
MAR12607,-1.0,-1.0,-1.0,-1.0
MAR12608,-1.0,-1.0,-1.0,-1.0
MAR12609,-1.0,-1.0,-1.0,-1.0
MAR12610,-1.0,-1.0,-1.0,-1.0
MAR12611,-1.0,-1.0,-1.0,-1.0
MAR12612,-1.0,-1.0,-1.0,-1.0
MAR12613,-1.0,-1.0,-1.0,-1.0
MAR12614,-1.0,-1.0,-1.0,-1.0
MAR12615,-1.0,-1.0,-1.0,-1.0
MAR12616,-1.0,-1.0,-1.0,-1.0
MAR12617,-1.0,-1.0,-1.0,-1.0
MAR12618,-1.0,-1.0,-1.0,-1.0
MAR12619,-1.0,-1.0,-1.0,-1.0
MAR12620,-1.0,-1.0,-1.0,-1.0
MAR12621,-1.0,-1.0,-1.0,-1.0
MAR12622,-1.0,-1.0,-1.0,-1.0
MAR12623,-1.0,-1.0,-1.0,-1.0
MAR12624,-1.0,-1.0,-1.0,-1.0
MAR12625,-1.0,-1.0,-1.0,-1.0
MAR12626,-1.0,-1.0,-1.0,-1.0
MAR12627,-1.0,-1.0,-1.0,-1.0
MAR12628,-1.0,-1.0,-1.0,-1.0
MAR12629,-1.0,-1.0,-1.0,-1.0
MAR12630,-1.0,-1.0,-1.0,-1.0
MAR12631,-1.0,-1.0,-1.0,-1.0
MAR12632,-1.0,-1.0,-1.0,-1.0
MAR12633,-1.0,-1.0,-1.0,-1.0
MAR12634,-1.0,-1.0,-1.0,-1.0
MAR12635,-1.0,-1.0,-1.0,-1.0
MAR12636,-1.0,-1.0,-1.0,-1.0
MAR12637,-1.0,-1.0,-1.0,-1.0
MAR12638,-1.0,-1.0,-1.0,-1.0
MAR12639,-1.0,-1.0,-1.0,-1.0
MAR12640,-1.0,-1.0,-1.0,-1.0
MAR12641,-1.0,-1.0,-1.0,-1.0
MAR12642,-1.0,-1.0,-1.0,-1.0
MAR12643,-1.0,-1.0,-1.0,-1.0
MAR12644,-1.0,-1.0,-1.0,-1.0
MAR12645,-1.0,-1.0,-1.0,-1.0
MAR12646,-1.0,-1.0,-1.0,-1.0
MAR12647,-1.0,-1.0,-1.0,-1.0
MAR12648,-1.0,-1.0,-1.0,-1.0
MAR12649,-1.0,-1.0,-1.0,-1.0
MAR12650,-1.0,-1.0,-1.0,-1.0
MAR12651,-1.0,-1.0,-1.0,-1.0
MAR12652,-1.0,-1.0,-1.0,-1.0
MAR12653,-1.0,-1.0,-1.0,-1.0
MAR12654,-1.0,-1.0,-1.0,-1.0
MAR12655,-1.0,-1.0,-1.0,-1.0
MAR12656,-1.0,-1.0,-1.0,-1.0
MAR12657,-1.0,-1.0,-1.0,-1.0
MAR12658,-1.0,-1.0,-1.0,-1.0
MAR12659,-1.0,-1.0,-1.0,-1.0
MAR12660,-1.0,-1.0,-1.0,-1.0
MAR12661,-1.0,-1.0,-1.0,-1.0
MAR12662,-1.0,-1.0,-1.0,-1.0
MAR12663,-1.0,-1.0,-1.0,-1.0
MAR12664,-1.0,-1.0,-1.0,-1.0
MAR12665,-1.0,-1.0,-1.0,-1.0
MAR12666,-1.0,-1.0,-1.0,-1.0
MAR12667,-1.0,-1.0,-1.0,-1.0
MAR12668,-1.0,-1.0,-1.0,-1.0
MAR12669,-1.0,-1.0,-1.0,-1.0
MAR12670,-1.0,-1.0,-1.0,-1.0
MAR12671,-1.0,-1.0,-1.0,-1.0
MAR12672,-1.0,-1.0,-1.0,-1.0
MAR12673,-1.0,-1.0,-1.0,-1.0
MAR12674,-1.0,-1.0,-1.0,-1.0
MAR12675,-1.0,-1.0,-1.0,-1.0
MAR12676,-1.0,-1.0,-1.0,-1.0
MAR12677,-1.0,-1.0,-1.0,-1.0
MAR12678,-1.0,-1.0,-1.0,-1.0
MAR12679,-1.0,-1.0,-1.0,-1.0
MAR12680,-1.0,-1.0,-1.0,-1.0
MAR12681,-1.0,-1.0,-1.0,-1.0
MAR12682,-1.0,-1.0,-1.0,-1.0
MAR12683,-1.0,-1.0,-1.0,-1.0
MAR12684,-1.0,-1.0,-1.0,-1.0
MAR12685,-1.0,-1.0,-1.0,-1.0
MAR12686,-1.0,-1.0,-1.0,-1.0
MAR12687,-1.0,-1.0,-1.0,-1.0
MAR12688,-1.0,-1.0,-1.0,-1.0
MAR12689,-1.0,-1.0,-1.0,-1.0
MAR12690,-1.0,-1.0,-1.0,-1.0
MAR12691,-1.0,-1.0,-1.0,-1.0
MAR12692,-1.0,-1.0,-1.0,-1.0
MAR12693,-1.0,-1.0,-1.0,-1.0
MAR12694,-1.0,-1.0,-1.0,-1.0
MAR12695,-1.0,-1.0,-1.0,-1.0
MAR12696,-1.0,-1.0,-1.0,-1.0
MAR12697,-1.0,-1.0,-1.0,-1.0
MAR12698,-1.0,-1.0,-1.0,-1.0
MAR12699,-1.0,-1.0,-1.0,-1.0
MAR12700,-1.0,-1.0,-1.0,-1.0
MAR12701,-1.0,-1.0,-1.0,-1.0
MAR12702,-1.0,-1.0,-1.0,-1.0
MAR12703,-1.0,-1.0,-1.0,-1.0
MAR12704,-1.0,-1.0,-1.0,-1.0
MAR12705,-1.0,-1.0,-1.0,-1.0
MAR12706,-1.0,-1.0,-1.0,-1.0
MAR12707,-1.0,-1.0,-1.0,-1.0
MAR12708,-1.0,-1.0,-1.0,-1.0
MAR12709,-1.0,-1.0,-1.0,-1.0
MAR12710,-1.0,-1.0,-1.0,-1.0
MAR12711,-1.0,-1.0,-1.0,-1.0
MAR12712,-1.0,-1.0,-1.0,-1.0
MAR12713,-1.0,-1.0,-1.0,-1.0
MAR12714,-1.0,-1.0,-1.0,-1.0
MAR12715,-1.0,-1.0,-1.0,-1.0
MAR12716,-1.0,-1.0,-1.0,-1.0
MAR12717,-1.0,-1.0,-1.0,-1.0
MAR12718,-1.0,-1.0,-1.0,-1.0
MAR12719,-1.0,-1.0,-1.0,-1.0
MAR12720,-1.0,-1.0,-1.0,-1.0
MAR12721,-1.0,-1.0,-1.0,-1.0
MAR12722_f,-1.0,-1.0,-1.0,-1.0
MAR12723_f,-1.0,-1.0,-1.0,-1.0
MAR12724,-1.0,-1.0,-1.0,-1.0
MAR12725,-1.0,-1.0,-1.0,-1.0
MAR12726_f,-1.0,-1.0,-1.0,-1.0
MAR12727_f,-1.0,-1.0,-1.0,-1.0
MAR12728,-1.0,-1.0,-1.0,-1.0
MAR12729,-1.0,-1.0,-1.0,-1.0
MAR12730,-1.0,-1.0,-1.0,-1.0
MAR12731_f,-1.0,-1.0,-1.0,-1.0
MAR12732,-1.0,-1.0,-1.0,-1.0
MAR12733,-1.0,-1.0,-1.0,-1.0
MAR12734_f,-1.0,-1.0,-1.0,-1.0
MAR12735,-1.0,-1.0,-1.0,-1.0
MAR12736,122.5,76.8,508.9,956.8
MAR12737,33.1,61.5,1001.0,94.7
MAR12738,-1.0,-1.0,-1.0,-1.0
MAR12739,-1.0,-1.0,-1.0,-1.0
MAR12740,-1.0,-1.0,-1.0,-1.0
MAR12741_f,-1.0,-1.0,-1.0,-1.0
MAR12742_f,-1.0,-1.0,-1.0,-1.0
MAR12743_f,-1.0,-1.0,-1.0,-1.0
MAR12744,50.5,76.9,84.5,216.1
MAR12745,-1.0,-1.0,-1.0,-1.0
MAR12746,-1.0,-1.0,-1.0,-1.0
MAR12747,-1.0,-1.0,-1.0,-1.0
MAR12748,-1.0,-1.0,-1.0,-1.0
MAR12749,-1.0,-1.0,-1.0,-1.0
MAR12750,-1.0,-1.0,-1.0,-1.0
MAR12751_f,-1.0,-1.0,-1.0,-1.0
MAR12752_f,-1.0,-1.0,-1.0,-1.0
MAR12753,-1.0,-1.0,-1.0,-1.0
MAR12754,50.6,3.1,39.7,68.5
MAR12755_f,-1.0,-1.0,-1.0,-1.0
MAR12756,-1.0,-1.0,-1.0,-1.0
MAR12757_f,-1.0,-1.0,-1.0,-1.0
MAR12758,-1.0,-1.0,-1.0,-1.0
MAR12759_f,-1.0,-1.0,-1.0,-1.0
MAR12760,50.6,3.1,39.7,68.5
MAR12761,-1.0,-1.0,-1.0,-1.0
MAR12762_f,-1.0,-1.0,-1.0,-1.0
MAR12763,-1.0,-1.0,-1.0,-1.0
MAR12764_f,-1.0,-1.0,-1.0,-1.0
MAR12765,-1.0,-1.0,-1.0,-1.0
MAR12766_f,-1.0,-1.0,-1.0,-1.0
MAR12767,-1.0,-1.0,-1.0,-1.0
MAR12768_f,-1.0,-1.0,-1.0,-1.0
MAR12769_f,-1.0,-1.0,-1.0,-1.0
MAR12770,122.5,76.8,508.9,956.8
MAR12771_f,-1.0,-1.0,-1.0,-1.0
MAR12772_f,-1.0,-1.0,-1.0,-1.0
MAR12773_f,-1.0,-1.0,-1.0,-1.0
MAR12774,-1.0,-1.0,-1.0,-1.0
MAR12775,-1.0,-1.0,-1.0,-1.0
MAR12776,50.6,3.1,39.7,68.5
MAR12777,-1.0,-1.0,-1.0,-1.0
MAR12778,-1.0,-1.0,-1.0,-1.0
MAR12779,-1.0,-1.0,-1.0,-1.0
MAR12780,-1.0,-1.0,-1.0,-1.0
MAR12781,-1.0,-1.0,-1.0,-1.0
MAR12782,50.6,3.1,39.7,68.5
MAR12783_f,-1.0,-1.0,-1.0,-1.0
MAR12784_f,-1.0,-1.0,-1.0,-1.0
MAR12785_f,-1.0,-1.0,-1.0,-1.0
MAR12786,50.6,3.1,39.7,68.5
MAR12787,-1.0,-1.0,-1.0,-1.0
MAR12788,-1.0,-1.0,-1.0,-1.0
MAR12789,-1.0,-1.0,-1.0,-1.0
MAR12790,-1.0,-1.0,-1.0,-1.0
MAR12791_f,-1.0,-1.0,-1.0,-1.0
MAR12792,-1.0,-1.0,-1.0,-1.0
MAR12793,-1.0,-1.0,-1.0,-1.0
MAR12794,-1.0,-1.0,-1.0,-1.0
MAR12795_f,-1.0,-1.0,-1.0,-1.0
MAR12796,-1.0,-1.0,-1.0,-1.0
MAR12797_f,-1.0,-1.0,-1.0,-1.0
MAR12798_f,-1.0,-1.0,-1.0,-1.0
MAR12799_f,-1.0,-1.0,-1.0,-1.0
MAR12800_f,-1.0,-1.0,-1.0,-1.0
MAR12801,-1.0,-1.0,-1.0,-1.0
MAR12802,-1.0,-1.0,-1.0,-1.0
MAR12803,-1.0,-1.0,-1.0,-1.0
MAR12804_f,-1.0,-1.0,-1.0,-1.0
MAR12805_f,-1.0,-1.0,-1.0,-1.0
MAR12806_f,-1.0,-1.0,-1.0,-1.0
MAR12807_f,-1.0,-1.0,-1.0,-1.0
MAR12808,128.29999999999998,165.89999999999998,1544.1999999999998,806.8000000000001
MAR12809,-1.0,-1.0,-1.0,-1.0
MAR12810_f,-1.0,-1.0,-1.0,-1.0
MAR12811,-1.0,-1.0,-1.0,-1.0
MAR12812,122.5,76.8,508.9,956.8
MAR12813,-1.0,-1.0,-1.0,-1.0
MAR12814_f,-1.0,-1.0,-1.0,-1.0
MAR12815,-1.0,-1.0,-1.0,-1.0
MAR12816,-1.0,-1.0,-1.0,-1.0
MAR12817,-1.0,-1.0,-1.0,-1.0
MAR12818,-1.0,-1.0,-1.0,-1.0
MAR12819_f,-1.0,-1.0,-1.0,-1.0
MAR12820_f,-1.0,-1.0,-1.0,-1.0
MAR12821,-1.0,-1.0,-1.0,-1.0
MAR12822,-1.0,-1.0,-1.0,-1.0
MAR12823,-1.0,-1.0,-1.0,-1.0
MAR12824_f,-1.0,-1.0,-1.0,-1.0
MAR12825_f,-1.0,-1.0,-1.0,-1.0
MAR12826_f,-1.0,-1.0,-1.0,-1.0
MAR12827_f,-1.0,-1.0,-1.0,-1.0
MAR12828,-1.0,-1.0,-1.0,-1.0
MAR12829,-1.0,-1.0,-1.0,-1.0
MAR12830,-1.0,-1.0,-1.0,-1.0
MAR12831,-1.0,-1.0,-1.0,-1.0
MAR12832,-1.0,-1.0,-1.0,-1.0
MAR12833,-1.0,-1.0,-1.0,-1.0
MAR12834_f,-1.0,-1.0,-1.0,-1.0
MAR12835_f,-1.0,-1.0,-1.0,-1.0
MAR12836,-1.0,-1.0,-1.0,-1.0
MAR12837,-1.0,-1.0,-1.0,-1.0
MAR12838,50.6,3.1,39.7,68.5
MAR12839,25.3,3.1,60.5,18.6
MAR12840_f,-1.0,-1.0,-1.0,-1.0
MAR12841,50.6,3.1,39.7,68.5
MAR12842,-1.0,-1.0,-1.0,-1.0
MAR12843,-1.0,-1.0,-1.0,-1.0
MAR12844,-1.0,-1.0,-1.0,-1.0
MAR12845,-1.0,-1.0,-1.0,-1.0
MAR12846_f,-1.0,-1.0,-1.0,-1.0
MAR12847_f,-1.0,-1.0,-1.0,-1.0
MAR12848,-1.0,-1.0,-1.0,-1.0
MAR12849,-1.0,-1.0,-1.0,-1.0
MAR12850,-1.0,-1.0,-1.0,-1.0
MAR12851_f,-1.0,-1.0,-1.0,-1.0
MAR12852,50.6,3.1,39.7,68.5
MAR12853_f,-1.0,-1.0,-1.0,-1.0
MAR12854,-1.0,-1.0,-1.0,-1.0
MAR12855_f,-1.0,-1.0,-1.0,-1.0
MAR12856,-1.0,-1.0,-1.0,-1.0
MAR12857,-1.0,-1.0,-1.0,-1.0
MAR12858_f,-1.0,-1.0,-1.0,-1.0
MAR12859_f,-1.0,-1.0,-1.0,-1.0
MAR12860,-1.0,-1.0,-1.0,-1.0
MAR12861_f,-1.0,-1.0,-1.0,-1.0
MAR12862,-1.0,-1.0,-1.0,-1.0
MAR12863_f,-1.0,-1.0,-1.0,-1.0
MAR12864,-1.0,-1.0,-1.0,-1.0
MAR12865_f,-1.0,-1.0,-1.0,-1.0
MAR12866_f,-1.0,-1.0,-1.0,-1.0
MAR12867_f,-1.0,-1.0,-1.0,-1.0
MAR12868_f,-1.0,-1.0,-1.0,-1.0
MAR12869,-1.0,-1.0,-1.0,-1.0
MAR12870,-1.0,-1.0,-1.0,-1.0
MAR12871_f,-1.0,-1.0,-1.0,-1.0
MAR12872,-1.0,-1.0,-1.0,-1.0
MAR12873,-1.0,-1.0,-1.0,-1.0
MAR12874,-1.0,-1.0,-1.0,-1.0
MAR12875,-1.0,-1.0,-1.0,-1.0
MAR12876_f,-1.0,-1.0,-1.0,-1.0
MAR12877_f,-1.0,-1.0,-1.0,-1.0
MAR12878_f,-1.0,-1.0,-1.0,-1.0
MAR12879_f,-1.0,-1.0,-1.0,-1.0
MAR12880_f,-1.0,-1.0,-1.0,-1.0
MAR12881_f,-1.0,-1.0,-1.0,-1.0
MAR12882_f,-1.0,-1.0,-1.0,-1.0
MAR12883_f,-1.0,-1.0,-1.0,-1.0
MAR12884_f,-1.0,-1.0,-1.0,-1.0
MAR12885_f,-1.0,-1.0,-1.0,-1.0
MAR12886_f,-1.0,-1.0,-1.0,-1.0
MAR12887_f,-1.0,-1.0,-1.0,-1.0
MAR12888_f,-1.0,-1.0,-1.0,-1.0
MAR12889_f,-1.0,-1.0,-1.0,-1.0
MAR12890_f,-1.0,-1.0,-1.0,-1.0
MAR12891_f,-1.0,-1.0,-1.0,-1.0
MAR12892_f,-1.0,-1.0,-1.0,-1.0
MAR12893_f,-1.0,-1.0,-1.0,-1.0
MAR12894_f,-1.0,-1.0,-1.0,-1.0
MAR12895_f,-1.0,-1.0,-1.0,-1.0
MAR12896_f,-1.0,-1.0,-1.0,-1.0
MAR12897_f,-1.0,-1.0,-1.0,-1.0
MAR12898_f,-1.0,-1.0,-1.0,-1.0
MAR12899_f,-1.0,-1.0,-1.0,-1.0
MAR12900_f,-1.0,-1.0,-1.0,-1.0
MAR12901_f,-1.0,-1.0,-1.0,-1.0
MAR12902_f,-1.0,-1.0,-1.0,-1.0
MAR12903_f,-1.0,-1.0,-1.0,-1.0
MAR12904_f,-1.0,-1.0,-1.0,-1.0
MAR12905_f,-1.0,-1.0,-1.0,-1.0
MAR12906_f,-1.0,-1.0,-1.0,-1.0
MAR12907_f,-1.0,-1.0,-1.0,-1.0
MAR12908_f,-1.0,-1.0,-1.0,-1.0
MAR12909_f,-1.0,-1.0,-1.0,-1.0
MAR12910_f,-1.0,-1.0,-1.0,-1.0
MAR12911_f,-1.0,-1.0,-1.0,-1.0
MAR12912_f,-1.0,-1.0,-1.0,-1.0
MAR12913_f,-1.0,-1.0,-1.0,-1.0
MAR12914_f,-1.0,-1.0,-1.0,-1.0
MAR12915_f,-1.0,-1.0,-1.0,-1.0
MAR12916_f,-1.0,-1.0,-1.0,-1.0
MAR12917_f,-1.0,-1.0,-1.0,-1.0
MAR12918_f,-1.0,-1.0,-1.0,-1.0
MAR12919_f,-1.0,-1.0,-1.0,-1.0
MAR12920_f,-1.0,-1.0,-1.0,-1.0
MAR12921_f,-1.0,-1.0,-1.0,-1.0
MAR12922_f,-1.0,-1.0,-1.0,-1.0
MAR12923_f,-1.0,-1.0,-1.0,-1.0
MAR12924_f,-1.0,-1.0,-1.0,-1.0
MAR12925_f,-1.0,-1.0,-1.0,-1.0
MAR12926_f,-1.0,-1.0,-1.0,-1.0
MAR12927_f,-1.0,-1.0,-1.0,-1.0
MAR12928_f,-1.0,-1.0,-1.0,-1.0
MAR12929_f,-1.0,-1.0,-1.0,-1.0
MAR12930_f,-1.0,-1.0,-1.0,-1.0
MAR12931_f,-1.0,-1.0,-1.0,-1.0
MAR12932_f,-1.0,-1.0,-1.0,-1.0
MAR12933_f,-1.0,-1.0,-1.0,-1.0
MAR12934_f,-1.0,-1.0,-1.0,-1.0
MAR12935_f,-1.0,-1.0,-1.0,-1.0
MAR12936_f,-1.0,-1.0,-1.0,-1.0
MAR12937_f,-1.0,-1.0,-1.0,-1.0
MAR12938_f,-1.0,-1.0,-1.0,-1.0
MAR12939_f,-1.0,-1.0,-1.0,-1.0
MAR12940_f,-1.0,-1.0,-1.0,-1.0
MAR12941_f,-1.0,-1.0,-1.0,-1.0
MAR12942_f,-1.0,-1.0,-1.0,-1.0
MAR12943_f,-1.0,-1.0,-1.0,-1.0
MAR12944_f,-1.0,-1.0,-1.0,-1.0
MAR12945_f,-1.0,-1.0,-1.0,-1.0
MAR12946_f,-1.0,-1.0,-1.0,-1.0
MAR12947_f,-1.0,-1.0,-1.0,-1.0
MAR12948_f,-1.0,-1.0,-1.0,-1.0
MAR12949_f,-1.0,-1.0,-1.0,-1.0
MAR12950_f,-1.0,-1.0,-1.0,-1.0
MAR12951_f,-1.0,-1.0,-1.0,-1.0
MAR12952_f,-1.0,-1.0,-1.0,-1.0
MAR12953_f,-1.0,-1.0,-1.0,-1.0
MAR12954_f,-1.0,-1.0,-1.0,-1.0
MAR12955_f,-1.0,-1.0,-1.0,-1.0
MAR12956_f,-1.0,-1.0,-1.0,-1.0
MAR12957_f,-1.0,-1.0,-1.0,-1.0
MAR12958_f,-1.0,-1.0,-1.0,-1.0
MAR12959_f,-1.0,-1.0,-1.0,-1.0
MAR12960_f,-1.0,-1.0,-1.0,-1.0
MAR12961_f,-1.0,-1.0,-1.0,-1.0
MAR12962_f,-1.0,-1.0,-1.0,-1.0
MAR12963_f,-1.0,-1.0,-1.0,-1.0
MAR12964_f,-1.0,-1.0,-1.0,-1.0
MAR12965_f,-1.0,-1.0,-1.0,-1.0
MAR12966,-1.0,-1.0,-1.0,-1.0
MAR12967_f,-1.0,-1.0,-1.0,-1.0
MAR12968_f,-1.0,-1.0,-1.0,-1.0
MAR12969_f,-1.0,-1.0,-1.0,-1.0
MAR12970_f,-1.0,-1.0,-1.0,-1.0
MAR12971_f,-1.0,-1.0,-1.0,-1.0
MAR12972_f,-1.0,-1.0,-1.0,-1.0
MAR12973_f,-1.0,-1.0,-1.0,-1.0
MAR12974_f,-1.0,-1.0,-1.0,-1.0
MAR12975_f,-1.0,-1.0,-1.0,-1.0
MAR12976_f,-1.0,-1.0,-1.0,-1.0
MAR12977,-1.0,-1.0,-1.0,-1.0
MAR12978_f,-1.0,-1.0,-1.0,-1.0
MAR12979_f,-1.0,-1.0,-1.0,-1.0
MAR12980_f,-1.0,-1.0,-1.0,-1.0
MAR12981_f,-1.0,-1.0,-1.0,-1.0
MAR12982_f,-1.0,-1.0,-1.0,-1.0
MAR12983_f,-1.0,-1.0,-1.0,-1.0
MAR12984_f,-1.0,-1.0,-1.0,-1.0
MAR12985_f,-1.0,-1.0,-1.0,-1.0
MAR12986_f,-1.0,-1.0,-1.0,-1.0
MAR12987_f,-1.0,-1.0,-1.0,-1.0
MAR12988_f,-1.0,-1.0,-1.0,-1.0
MAR12989_f,-1.0,-1.0,-1.0,-1.0
MAR12990_f,-1.0,-1.0,-1.0,-1.0
MAR12991,-1.0,-1.0,-1.0,-1.0
MAR12992,-1.0,-1.0,-1.0,-1.0
MAR12993,-1.0,-1.0,-1.0,-1.0
MAR12994,-1.0,-1.0,-1.0,-1.0
MAR12995,-1.0,-1.0,-1.0,-1.0
MAR12996,-1.0,-1.0,-1.0,-1.0
MAR12997_f,-1.0,-1.0,-1.0,-1.0
MAR12998_f,-1.0,-1.0,-1.0,-1.0
MAR12999_f,-1.0,-1.0,-1.0,-1.0
MAR13000_f,-1.0,-1.0,-1.0,-1.0
MAR13001,-1.0,-1.0,-1.0,-1.0
MAR13002_f,-1.0,-1.0,-1.0,-1.0
MAR13003,-1.0,-1.0,-1.0,-1.0
MAR13004_f,-1.0,-1.0,-1.0,-1.0
MAR13005_f,-1.0,-1.0,-1.0,-1.0
MAR13006_f,-1.0,-1.0,-1.0,-1.0
MAR13007_f,-1.0,-1.0,-1.0,-1.0
MAR13008_f,-1.0,-1.0,-1.0,-1.0
MAR13009_f,-1.0,-1.0,-1.0,-1.0
MAR13010_f,-1.0,-1.0,-1.0,-1.0
MAR13011_f,-1.0,-1.0,-1.0,-1.0
MAR13012_f,-1.0,-1.0,-1.0,-1.0
MAR13013_f,-1.0,-1.0,-1.0,-1.0
MAR13014_f,-1.0,-1.0,-1.0,-1.0
MAR13015_f,-1.0,-1.0,-1.0,-1.0
MAR13016_f,-1.0,-1.0,-1.0,-1.0
MAR13017_f,-1.0,-1.0,-1.0,-1.0
MAR13018_f,-1.0,-1.0,-1.0,-1.0
MAR13019_f,-1.0,-1.0,-1.0,-1.0
MAR13020_f,-1.0,-1.0,-1.0,-1.0
MAR13021_f,-1.0,-1.0,-1.0,-1.0
MAR13022_f,-1.0,-1.0,-1.0,-1.0
MAR13023_f,-1.0,-1.0,-1.0,-1.0
MAR13024_f,-1.0,-1.0,-1.0,-1.0
MAR13025_f,-1.0,-1.0,-1.0,-1.0
MAR13026_f,-1.0,-1.0,-1.0,-1.0
MAR13027_f,-1.0,-1.0,-1.0,-1.0
MAR13028_f,-1.0,-1.0,-1.0,-1.0
MAR13029_f,-1.0,-1.0,-1.0,-1.0
MAR13030,-1.0,-1.0,-1.0,-1.0
MAR13031,-1.0,-1.0,-1.0,-1.0
MAR13032,-1.0,-1.0,-1.0,-1.0
MAR13033,-1.0,-1.0,-1.0,-1.0
MAR13034,-1.0,-1.0,-1.0,-1.0
MAR13035,-1.0,-1.0,-1.0,-1.0
MAR13036,-1.0,-1.0,-1.0,-1.0
MAR13037,-1.0,-1.0,-1.0,-1.0
MAR13038,-1.0,-1.0,-1.0,-1.0
MAR13039,-1.0,-1.0,-1.0,-1.0
MAR13040,-1.0,-1.0,-1.0,-1.0
MAR13041,-1.0,-1.0,-1.0,-1.0
MAR13042,-1.0,-1.0,-1.0,-1.0
MAR13043,-1.0,-1.0,-1.0,-1.0
MAR13044,-1.0,-1.0,-1.0,-1.0
MAR13045,-1.0,-1.0,-1.0,-1.0
MAR13046,-1.0,-1.0,-1.0,-1.0
MAR13047,-1.0,-1.0,-1.0,-1.0
MAR13048,-1.0,-1.0,-1.0,-1.0
MAR13049,-1.0,-1.0,-1.0,-1.0
MAR13050,-1.0,-1.0,-1.0,-1.0
MAR13051,-1.0,-1.0,-1.0,-1.0
MAR13052,-1.0,-1.0,-1.0,-1.0
MAR13053,-1.0,-1.0,-1.0,-1.0
MAR13054,-1.0,-1.0,-1.0,-1.0
MAR13055,-1.0,-1.0,-1.0,-1.0
MAR13056,-1.0,-1.0,-1.0,-1.0
MAR13057,-1.0,-1.0,-1.0,-1.0
MAR13058,-1.0,-1.0,-1.0,-1.0
MAR13059,-1.0,-1.0,-1.0,-1.0
MAR13060,-1.0,-1.0,-1.0,-1.0
MAR13061,-1.0,-1.0,-1.0,-1.0
MAR13062,-1.0,-1.0,-1.0,-1.0
MAR13063,-1.0,-1.0,-1.0,-1.0
MAR13065,-1.0,-1.0,-1.0,-1.0
MAR13067,-1.0,-1.0,-1.0,-1.0
MAR13068,-1.0,-1.0,-1.0,-1.0
MAR13069,-1.0,-1.0,-1.0,-1.0
MAR13070,-1.0,-1.0,-1.0,-1.0
MAR13071,-1.0,-1.0,-1.0,-1.0
MAR13072,-1.0,-1.0,-1.0,-1.0
MAR13073,-1.0,-1.0,-1.0,-1.0
MAR13074,-1.0,-1.0,-1.0,-1.0
MAR13075_f,-1.0,-1.0,-1.0,-1.0
MAR13076_f,-1.0,-1.0,-1.0,-1.0
MAR13077_f,-1.0,-1.0,-1.0,-1.0
MAR13078,-1.0,-1.0,-1.0,-1.0
MAR13079,212.0,642.3,451.0,948.6
MAR13080,87.5,18.4,7.800000000000001,11.9
MAR13081,202.3,1297.0,630.5,852.0
MAR10023,-1.0,-1.0,-1.0,-1.0
MAR10024,-1.0,-1.0,-1.0,-1.0
MAR10026,-1.0,-1.0,-1.0,-1.0
MAR10027,-1.0,-1.0,-1.0,-1.0
MAR10028,-1.0,-1.0,-1.0,-1.0
MAR10029,-1.0,-1.0,-1.0,-1.0
MAR10030,-1.0,-1.0,-1.0,-1.0
MAR10031,-1.0,-1.0,-1.0,-1.0
MAR10033_f,-1.0,-1.0,-1.0,-1.0
MAR10034_f,-1.0,-1.0,-1.0,-1.0
MAR10035_f,-1.0,-1.0,-1.0,-1.0
MAR10036_f,-1.0,-1.0,-1.0,-1.0
MAR10037_f,-1.0,-1.0,-1.0,-1.0
MAR10038_f,-1.0,-1.0,-1.0,-1.0
MAR10039_f,-1.0,-1.0,-1.0,-1.0
MAR10040_f,-1.0,-1.0,-1.0,-1.0
MAR10041_f,-1.0,-1.0,-1.0,-1.0
MAR10042,-1.0,-1.0,-1.0,-1.0
MAR10043_f,-1.0,-1.0,-1.0,-1.0
MAR10044_f,-1.0,-1.0,-1.0,-1.0
MAR10045_f,-1.0,-1.0,-1.0,-1.0
MAR10046,-1.0,-1.0,-1.0,-1.0
MAR10047,-1.0,-1.0,-1.0,-1.0
MAR10048_f,-1.0,-1.0,-1.0,-1.0
MAR10049_f,-1.0,-1.0,-1.0,-1.0
MAR10050,-1.0,-1.0,-1.0,-1.0
MAR10051,-1.0,-1.0,-1.0,-1.0
MAR10052_f,-1.0,-1.0,-1.0,-1.0
MAR10053_f,-1.0,-1.0,-1.0,-1.0
MAR10054_f,-1.0,-1.0,-1.0,-1.0
MAR10055_f,-1.0,-1.0,-1.0,-1.0
MAR10056_f,-1.0,-1.0,-1.0,-1.0
MAR10057_f,-1.0,-1.0,-1.0,-1.0
MAR10058_f,-1.0,-1.0,-1.0,-1.0
MAR10059,-1.0,-1.0,-1.0,-1.0
MAR10060,-1.0,-1.0,-1.0,-1.0
MAR10061,23.3,9.2,1.6,8.3
MAR10062,-1.0,-1.0,-1.0,-1.0
MAR10063,-1.0,-1.0,-1.0,-1.0
MAR10064,-1.0,-1.0,-1.0,-1.0
MAR10065,-1.0,-1.0,-1.0,-1.0
MAR13082,-1.0,-1.0,-1.0,-1.0
MAR10066,64.2,18.4,753.9,71.4
MAR10067,1.9,6.1,12.1,8.4
MAR10068,-1.0,-1.0,-1.0,-1.0
MAR10069,-1.0,-1.0,-1.0,-1.0
MAR10070,-1.0,-1.0,-1.0,-1.0
MAR10071,31.1,33.8,451.0,497.6
MAR10072,31.1,33.8,451.0,497.6
MAR10073,-1.0,-1.0,-1.0,-1.0
MAR10074,-1.0,-1.0,-1.0,-1.0
MAR10075,-1.0,-1.0,-1.0,-1.0
MAR10076,-1.0,-1.0,-1.0,-1.0
MAR10077,-1.0,-1.0,-1.0,-1.0
MAR10078,-1.0,-1.0,-1.0,-1.0
MAR10079,-1.0,-1.0,-1.0,-1.0
MAR10080,-1.0,-1.0,-1.0,-1.0
MAR10081,-1.0,-1.0,-1.0,-1.0
MAR10082,-1.0,-1.0,-1.0,-1.0
MAR10083,-1.0,-1.0,-1.0,-1.0
MAR10084,-1.0,-1.0,-1.0,-1.0
MAR10085,-1.0,-1.0,-1.0,-1.0
MAR10086,-1.0,-1.0,-1.0,-1.0
MAR10087,-1.0,-1.0,-1.0,-1.0
MAR10088,-1.0,-1.0,-1.0,-1.0
MAR10089,-1.0,-1.0,-1.0,-1.0
MAR10090,-1.0,-1.0,-1.0,-1.0
MAR10091,-1.0,-1.0,-1.0,-1.0
MAR10092,-1.0,-1.0,-1.0,-1.0
MAR10093,-1.0,-1.0,-1.0,-1.0
MAR10094,-1.0,-1.0,-1.0,-1.0
MAR10095,-1.0,-1.0,-1.0,-1.0
MAR10096,-1.0,-1.0,-1.0,-1.0
MAR10097,-1.0,-1.0,-1.0,-1.0
MAR10098,-1.0,-1.0,-1.0,-1.0
MAR10099,-1.0,-1.0,-1.0,-1.0
MAR10100,-1.0,-1.0,-1.0,-1.0
MAR10101,-1.0,-1.0,-1.0,-1.0
MAR10102,-1.0,-1.0,-1.0,-1.0
MAR10103,-1.0,-1.0,-1.0,-1.0
MAR10104,-1.0,-1.0,-1.0,-1.0
MAR10105,-1.0,-1.0,-1.0,-1.0
MAR10106,-1.0,-1.0,-1.0,-1.0
MAR10107,-1.0,-1.0,-1.0,-1.0
MAR10108,-1.0,-1.0,-1.0,-1.0
MAR10109,-1.0,-1.0,-1.0,-1.0
MAR10110,-1.0,-1.0,-1.0,-1.0
MAR10111,-1.0,-1.0,-1.0,-1.0
MAR10112,-1.0,-1.0,-1.0,-1.0
MAR10113,-1.0,-1.0,-1.0,-1.0
MAR10114,-1.0,-1.0,-1.0,-1.0
MAR10115,-1.0,-1.0,-1.0,-1.0
MAR10116,-1.0,-1.0,-1.0,-1.0
MAR10117,-1.0,-1.0,-1.0,-1.0
MAR10118,-1.0,-1.0,-1.0,-1.0
MAR10119,-1.0,-1.0,-1.0,-1.0
MAR10120,-1.0,-1.0,-1.0,-1.0
MAR10121,-1.0,-1.0,-1.0,-1.0
MAR10122,-1.0,-1.0,-1.0,-1.0
MAR10123,-1.0,-1.0,-1.0,-1.0
MAR10124,-1.0,-1.0,-1.0,-1.0
MAR10125,-1.0,-1.0,-1.0,-1.0
MAR10126,-1.0,-1.0,-1.0,-1.0
MAR10127,-1.0,-1.0,-1.0,-1.0
MAR10128,-1.0,-1.0,-1.0,-1.0
MAR10129,-1.0,-1.0,-1.0,-1.0
MAR10130,-1.0,-1.0,-1.0,-1.0
MAR10131,-1.0,-1.0,-1.0,-1.0
MAR10132,-1.0,-1.0,-1.0,-1.0
MAR13083,3.9,27.7,0.2,165.1
MAR13084_f,-1.0,-1.0,-1.0,-1.0
MAR13085_f,-1.0,-1.0,-1.0,-1.0
MAR13086,3.9,3.1,4.5,2.3
MAR13087,-1.0,-1.0,-1.0,-1.0
MAR20001,-1.0,-1.0,-1.0,-1.0
MAR20003,-1.0,-1.0,-1.0,-1.0
MAR20005,-1.0,-1.0,-1.0,-1.0
MAR20006,52.5,116.8,198.3,266.0
MAR20007,-1.0,-1.0,-1.0,-1.0
MAR20008,52.5,116.8,198.3,266.0
MAR20009,-1.0,-1.0,-1.0,-1.0
MAR20010,-1.0,-1.0,-1.0,-1.0
MAR20011,107.0,6.1,0.1,0.7
MAR20012,107.0,6.1,0.1,0.7
MAR20013,9.7,9.2,25.9,13.0
MAR20016,25.3,33.8,134.8,97.4
MAR20017,25.3,33.8,134.8,97.4
MAR20018,27.2,21.5,24.1,17.0
MAR20019,27.2,21.5,24.1,17.0
MAR20021,-1.0,-1.0,-1.0,-1.0
MAR20022,-1.0,-1.0,-1.0,-1.0
MAR20023,-1.0,-1.0,-1.0,-1.0
MAR20024,-1.0,-1.0,-1.0,-1.0
MAR20025,-1.0,-1.0,-1.0,-1.0
MAR20026,-1.0,-1.0,-1.0,-1.0
MAR20027,-1.0,-1.0,-1.0,-1.0
MAR20028,-1.0,-1.0,-1.0,-1.0
MAR20029,-1.0,-1.0,-1.0,-1.0
MAR20030,-1.0,-1.0,-1.0,-1.0
MAR20031,-1.0,-1.0,-1.0,-1.0
MAR20032,-1.0,-1.0,-1.0,-1.0
MAR20033,62.2,15.4,51.6,196.9
MAR20034,62.2,15.4,51.6,196.9
MAR20035,62.2,15.4,51.6,196.9
MAR20036,62.2,15.4,51.6,196.9
MAR20037,-1.0,-1.0,-1.0,-1.0
MAR20038,-1.0,-1.0,-1.0,-1.0
MAR20039,-1.0,-1.0,-1.0,-1.0
MAR20040,-1.0,-1.0,-1.0,-1.0
MAR20041,-1.0,-1.0,-1.0,-1.0
MAR20042,-1.0,-1.0,-1.0,-1.0
MAR20043,-1.0,-1.0,-1.0,-1.0
MAR20044,52.5,116.8,198.3,266.0
MAR20046,25.3,33.8,134.8,97.4
MAR20047,25.3,33.8,134.8,97.4
MAR20048,25.3,33.8,134.8,97.4
MAR20049,25.3,33.8,134.8,97.4
MAR20050,25.3,33.8,134.8,97.4
MAR20051,25.3,33.8,134.8,97.4
MAR20053,25.3,33.8,134.8,97.4
MAR20054,25.3,33.8,134.8,97.4
MAR20055,25.3,33.8,134.8,97.4
MAR20056,25.3,33.8,134.8,97.4
MAR20057,25.3,33.8,134.8,97.4
MAR20058,25.3,33.8,134.8,97.4
MAR20059,25.3,33.8,134.8,97.4
MAR20060,25.3,33.8,134.8,97.4
MAR20061,25.3,33.8,134.8,97.4
MAR20062,25.3,33.8,134.8,97.4
MAR20063,25.3,33.8,134.8,97.4
MAR20064,25.3,33.8,134.8,97.4
MAR20065,25.3,33.8,134.8,97.4
MAR20067,-1.0,-1.0,-1.0,-1.0
MAR20068,-1.0,-1.0,-1.0,-1.0
MAR20069,23.4,98.4,30.6,73.6
MAR20070,52.5,58.4,590.8,628.6
MAR20071,5.8,9.2,12.9,88.0
MAR20072,5.8,9.2,12.9,88.0
MAR20073,13.6,6.1,9.3,14.4
MAR20074,13.6,6.1,9.3,14.4
MAR20075,13.6,6.1,9.3,14.4
MAR20076,13.6,6.1,9.3,14.4
MAR20077,13.6,6.1,9.3,14.4
MAR20078,13.6,6.1,9.3,14.4
MAR20079,13.6,6.1,9.3,14.4
MAR20080,13.6,6.1,9.3,14.4
MAR20081,13.6,6.1,9.3,14.4
MAR20082,13.6,6.1,9.3,14.4
MAR20083,13.6,6.1,9.3,14.4
MAR20084,13.6,6.1,9.3,14.4
MAR20085,13.6,6.1,9.3,14.4
MAR20086,13.6,6.1,9.3,14.4
MAR20087,13.6,6.1,9.3,14.4
MAR20088,13.6,6.1,9.3,14.4
MAR20089,5.8,12.3,63.5,315.4
MAR20090,11.7,30.7,8.3,15.3
MAR20091,11.7,30.7,8.3,15.3
MAR20092,11.7,30.7,8.3,15.3
MAR20093,-1.0,-1.0,-1.0,-1.0
MAR20094,-1.0,-1.0,-1.0,-1.0
MAR20095,-1.0,-1.0,-1.0,-1.0
MAR20096,-1.0,-1.0,-1.0,-1.0
MAR20097,-1.0,-1.0,-1.0,-1.0
MAR20098,13.6,12.3,11.2,25.2
MAR20099,118.6,209.0,126.4,436.4
MAR20100,118.6,209.0,126.4,436.4
MAR20101,42.8,138.3,44.1,310.4
MAR20102,5.8,3.1,16.6,6.2
MAR20103,5.8,3.1,16.6,6.2
MAR20104,5.8,3.1,16.6,6.2
MAR20105,5.8,3.1,16.6,6.2
MAR20106,5.8,3.1,16.6,6.2
MAR20107,5.8,3.1,16.6,6.2
MAR20108,5.8,3.1,16.6,6.2
MAR20109,5.8,3.1,16.6,6.2
MAR20110,40.8,46.1,43.4,174.3
MAR20111,15.6,119.9,111.7,147.7
MAR20112,15.6,3.1,166.7,4.7
MAR20113_f,-1.0,-1.0,-1.0,-1.0
MAR20114,30.999999999999996,27.6,421.3,229.3
MAR04281_r,725.4000000000001,2781.5,562.8,3315.8
MAR04388_r,725.4000000000001,2781.5,562.8,3315.8
MAR04363_r,548.4,670.0,357.8,1029.8
MAR04365_r,124.5,331.9,136.5,270.6
MAR04368_r,173.1,344.2,211.4,528.2
MAR04373_r,1034.7,2695.4,2146.8,6752.7
MAR04375_r,138.10000000000002,335.09999999999997,3415.0,5423.499999999999
MAR04381_r,52.5,83.0,106.6,98.5
MAR04391_r,377.3,1189.4,608.4,1501.3
MAR04396_r,17.5,58.300000000000004,224.0,66.8
MAR07745_r,62.2,15.4,51.6,196.9
MAR04128_r,42.8,27.7,40.8,67.5
MAR04131_r,9.7,18.4,74.8,42.7
MAR04774_r,149.7,141.4,66.2,159.0
MAR04775_r,149.7,141.4,66.2,159.0
MAR04831_r,-1.0,-1.0,-1.0,-1.0
MAR04832_r,3.9,3.1,0.9,14.1
MAR08762_r,138.10000000000002,335.09999999999997,3415.0,5423.499999999999
MAR08766_r,657.4,92.2,3.2,63.7
MAR04315_r,15.6,12.3,268.0,148.1
MAR04316_r,657.4,92.2,3.2,63.7
MAR04383_r,13.6,12.3,18.8,29.5
MAR04402_r,-1.0,-1.0,-1.0,-1.0
MAR04592_r,657.4,92.2,3.2,63.7
MAR04595_r,-1.0,-1.0,-1.0,-1.0
MAR08342_r,-1.0,-1.0,-1.0,-1.0
MAR08344_r,83.6,119.9,315.0,1034.2
MAR08352_r,54.5,316.6,334.2,736.6
MAR08353_r,-1.0,-1.0,-1.0,-1.0
MAR06537_r,83.6,119.9,315.0,1034.2
MAR08502_r,68.0,132.1,545.5,348.0
MAR08512_r,9.7,24.6,88.0,119.0
MAR04280_r,435.6,2511.0,11.4,2857.5
MAR04331_r,31.099999999999998,73.7,161.9,98.5
MAR09803_r,-1.0,-1.0,-1.0,-1.0
MAR09804_r,653.5,746.8999999999999,1867.7999999999997,2095.9
MAR01434_r,21.4,27.7,225.1,41.6
MAR04461_r,134.2,261.3,208.0,802.6
MAR05351_r,435.6,2511.0,11.4,2857.5
MAR07709_r,79.7,150.6,825.2,234.6
MAR04350_r,15.6,33.8,37.7,92.6
MAR04351_r,21.4,6.1,6.2,18.1
MAR04352_r,21.4,6.1,6.2,18.1
MAR04354_r,5.8,6.1,10.8,10.7
MAR04398_r,11.7,61.5,52.8,118.9
MAR04404_r,68.1,67.6,77.3,211.5
MAR04476_r,3.9,52.2,55.3,174.2
MAR04477_r,15.6,36.9,18.6,48.9
MAR04501_r,68.1,67.6,77.3,211.5
MAR04565_r,142.0,221.3,181.1,293.1
MAR09799_r,-1.0,-1.0,-1.0,-1.0
MAR09800_r,21.4,67.6,387.6,741.7
MAR04710_r,5.8,6.1,10.8,10.7
MAR04841_r,107.0,6.1,0.1,0.7
MAR08653_r,54.5,98.3,100.8,211.3
MAR04002_r,235.29999999999998,627.0000000000001,796.0999999999999,1310.7
MAR04004_r,235.29999999999998,627.0000000000001,796.0999999999999,1310.7
MAR04020_r,212.0,531.7,379.5,784.4
MAR04038_r,21.4,24.6,25.1,47.4
MAR04135_r,212.0,531.7,379.5,784.4
MAR04412_r,70.0,95.3,108.39999999999999,97.0
MAR04480_r,490.0000000000001,1008.2,1410.0000000000002,2132.2000000000003
MAR04574_r,50.6,33.8,32.0,83.9
MAR04603_r,50.6,33.8,32.0,83.9
MAR04651_r,50.6,33.8,32.0,83.9
MAR04663_r,50.6,33.8,32.0,83.9
MAR04695_r,50.6,33.8,32.0,83.9
MAR04709_r,50.6,33.8,32.0,83.9
MAR04804_r,33.1,24.6,81.2,41.6
MAR04812_r,70.0,95.3,108.39999999999999,97.0
MAR04814_r,21.4,24.6,25.1,47.4
MAR05353_r,212.0,531.7,379.5,784.4
MAR06602_r,260.6,713.0,1371.6,724.4
MAR06603_r,260.6,713.0,1371.6,724.4
MAR06605_r,-1.0,-1.0,-1.0,-1.0
MAR06606_r,-1.0,-1.0,-1.0,-1.0
MAR06607_r,-1.0,-1.0,-1.0,-1.0
MAR06609_r,-1.0,-1.0,-1.0,-1.0
MAR06611_r,-1.0,-1.0,-1.0,-1.0
MAR04016_r,264.5,436.40000000000003,409.5,531.5
MAR04018_r,264.5,436.40000000000003,409.5,531.5
MAR04044_r,264.5,436.40000000000003,409.5,531.5
MAR04291_r,264.5,436.40000000000003,409.5,531.5
MAR04570_r,264.5,436.40000000000003,409.5,531.5
MAR04006_r,264.5,436.40000000000003,409.5,531.5
MAR04028_r,264.5,436.40000000000003,409.5,531.5
MAR04030_r,264.5,436.40000000000003,409.5,531.5
MAR04670_r,264.5,436.40000000000003,409.5,531.5
MAR04673_r,264.5,436.40000000000003,409.5,531.5
MAR06614_r,264.5,436.40000000000003,409.5,531.5
MAR06615_r,264.5,436.40000000000003,409.5,531.5
MAR06616_r,264.5,436.40000000000003,409.5,531.5
MAR04635_r,264.5,436.40000000000003,409.5,531.5
MAR03793_r,7.8,18.4,105.3,266.4
MAR04008_r,70.0,175.2,235.9,267.0
MAR04050_r,-1.0,-1.0,-1.0,-1.0
MAR04345_r,7.8,6.1,49.9,5.8
MAR04485_r,33.1,30.7,80.9,125.8
MAR04512_r,70.0,175.2,235.9,267.0
MAR04579_r,35.0,70.6,31.1,91.69999999999999
MAR04608_r,-1.0,-1.0,-1.0,-1.0
MAR04575_r,5.8,6.1,132.4,18.3
MAR04637_r,25.3,21.5,21.7,39.1
MAR04644_r,-1.0,-1.0,-1.0,-1.0
MAR06612_r,25.3,21.5,21.7,39.1
MAR06613_r,25.3,21.5,21.7,39.1
MAR06621_r,31.2,6.2,33.6,15.6
MAR06627_r,832.4,528.6,3.8,206.4
MAR07744_r,9.7,9.2,10.2,13.5
MAR03967_r,70.0,175.2,235.9,267.0
MAR03968_r,25.3,21.5,21.7,39.1
MAR04024_r,70.0,175.2,235.9,267.0
MAR04026_r,-1.0,-1.0,-1.0,-1.0
MAR04344_r,-1.0,-1.0,-1.0,-1.0
MAR04680_r,35.0,70.6,31.1,91.69999999999999
MAR07800_r,-1.0,-1.0,-1.0,-1.0
MAR07801_r,48.6,181.3,303.3,155.2
MAR07802_r,-1.0,-1.0,-1.0,-1.0
MAR07863_r,70.0,175.2,235.9,267.0
MAR07864_r,70.0,175.2,235.9,267.0
MAR07865_r,70.0,175.2,235.9,267.0
MAR07866_r,70.0,175.2,235.9,267.0
MAR07867_r,70.0,175.2,235.9,267.0
MAR07868_r,70.0,175.2,235.9,267.0
MAR07869_r,70.0,175.2,235.9,267.0
MAR07870_r,70.0,175.2,235.9,267.0
MAR07871_r,70.0,175.2,235.9,267.0
MAR07872_r,70.0,175.2,235.9,267.0
MAR07873_r,70.0,175.2,235.9,267.0
MAR07874_r,70.0,175.2,235.9,267.0
MAR07875_r,-1.0,-1.0,-1.0,-1.0
MAR07876_r,70.0,175.2,235.9,267.0
MAR07878_r,264.5,436.40000000000003,409.5,531.5
MAR07881_r,73.89999999999999,181.29999999999998,181.6,262.8
MAR07882_r,73.89999999999999,181.29999999999998,181.6,262.8
MAR07883_r,272.3,439.5,410.9,537.4
MAR07884_r,73.89999999999999,181.29999999999998,181.6,262.8
MAR07885_r,73.89999999999999,181.29999999999998,181.6,262.8
MAR07886_r,272.3,439.5,410.9,537.4
MAR07887_r,73.89999999999999,181.29999999999998,181.6,262.8
MAR07888_r,73.89999999999999,181.29999999999998,181.6,262.8
MAR07889_r,73.89999999999999,181.29999999999998,181.6,262.8
MAR07890_r,272.3,439.5,410.9,537.4
MAR07891_r,73.89999999999999,181.29999999999998,181.6,262.8
MAR07892_r,73.89999999999999,181.29999999999998,181.6,262.8
MAR07893_r,73.89999999999999,181.29999999999998,181.6,262.8
MAR07894_r,272.3,439.5,410.9,537.4
MAR07895_r,272.3,439.5,410.9,537.4
MAR08448_r,70.0,175.2,235.9,267.0
MAR08449_r,70.0,175.2,235.9,267.0
MAR08450_r,70.0,175.2,235.9,267.0
MAR08451_r,70.0,175.2,235.9,267.0
MAR08452_r,70.0,175.2,235.9,267.0
MAR08453_r,70.0,175.2,235.9,267.0
MAR08454_r,70.0,175.2,235.9,267.0
MAR08455_r,70.0,175.2,235.9,267.0
MAR08456_r,70.0,175.2,235.9,267.0
MAR08457_r,70.0,175.2,235.9,267.0
MAR08458_r,70.0,175.2,235.9,267.0
MAR08459_r,70.0,175.2,235.9,267.0
MAR08460_r,70.0,175.2,235.9,267.0
MAR08461_r,-1.0,-1.0,-1.0,-1.0
MAR08462_r,70.0,175.2,235.9,267.0
MAR08463_r,70.0,175.2,235.9,267.0
MAR08464_r,70.0,175.2,235.9,267.0
MAR08465_r,70.0,175.2,235.9,267.0
MAR08466_r,70.0,175.2,235.9,267.0
MAR08467_r,70.0,175.2,235.9,267.0
MAR08468_r,70.0,175.2,235.9,267.0
MAR08469_r,70.0,175.2,235.9,267.0
MAR08470_r,70.0,175.2,235.9,267.0
MAR08471_r,70.0,175.2,235.9,267.0
MAR08472_r,70.0,175.2,235.9,267.0
MAR08477_r,9.7,15.4,7.3,11.6
MAR08478_r,9.7,15.4,7.3,11.6
MAR08479_r,9.7,15.4,7.3,11.6
MAR08481_r,-1.0,-1.0,-1.0,-1.0
MAR08486_r,50.6,33.8,32.0,83.9
MAR03802_r,60.3,95.3,375.8,131.5
MAR03804_r,60.3,95.3,375.8,131.5
MAR03813_r,29.2,64.5,508.0,221.3
MAR03827_r,40.8,58.4,167.1,61.0
MAR03829_r,64.2,190.6,192.1,134.0
MAR03899_r,5.8,21.5,191.0,151.6
MAR04109_r,13.6,12.3,103.4,28.4
MAR04693_r,1.9,6.1,263.2,76.0
MAR06968_r,-1.0,-1.0,-1.0,-1.0
MAR06969_r,13.6,9.2,26.8,433.6
MAR06970_r,5.8,21.5,191.0,151.6
MAR06971_r,42.8,95.3,59.1,159.5
MAR06972_r,42.8,95.3,59.1,159.5
MAR07642_r,-1.0,-1.0,-1.0,-1.0
MAR03806_r,40.8,40.0,323.4,255.4
MAR03807_r,23.3,58.4,164.2,135.0
MAR03809_r,-1.0,-1.0,-1.0,-1.0
MAR03819_r,40.8,40.0,323.4,255.4
MAR03820_r,40.8,40.0,323.4,255.4
MAR03956_r,5.8,3.1,1.5,2.2
MAR04190_r,-1.0,-1.0,-1.0,-1.0
MAR04583_r,15.6,61.5,796.3,384.0
MAR06929_r,853.8,1804.2,1428.3000000000002,3056.6
MAR06930_r,853.8,1804.2,1428.3000000000002,3056.6
MAR06938_r,853.8,1804.2,1428.3000000000002,3056.6
MAR06939_r,853.8,1804.2,1428.3000000000002,3056.6
MAR06940_r,-1.0,-1.0,-1.0,-1.0
MAR06955_r,-1.0,-1.0,-1.0,-1.0
MAR06956_r,-1.0,-1.0,-1.0,-1.0
MAR06957_r,-1.0,-1.0,-1.0,-1.0
MAR06960_r,-1.0,-1.0,-1.0,-1.0
MAR06965_r,19.4,30.7,23.1,45.2
MAR06966_r,19.4,30.7,23.1,45.2
MAR06967_r,19.4,30.7,23.1,45.2
MAR06973_r,56.400000000000006,18.4,139.0,123.6
MAR08096_r,40.8,40.0,323.4,255.4
MAR08097_r,40.8,40.0,323.4,255.4
MAR08425_r,5.8,6.1,11.9,100.0
MAR08427_r,142.0,1976.3,12.799999999999999,128.89999999999998
MAR03750_r,29.2,116.8,741.7,1535.8000000000002
MAR03752_r,27.2,64.6,666.1,201.39999999999998
MAR03770_r,54.400000000000006,135.3,599.5,209.39999999999998
MAR03771_r,29.2,116.8,741.7,1535.8000000000002
MAR03772_r,29.2,116.8,741.7,1535.8000000000002
MAR03782_r,29.2,116.8,741.7,1535.8000000000002
MAR03784_r,27.2,64.6,666.1,201.39999999999998
MAR03794_r,-1.0,-1.0,-1.0,-1.0
MAR03839_r,44.7,86.0,141.4,120.4
MAR03841_r,17.5,24.6,160.8,237.8
MAR03845_r,35.0,40.0,316.6,347.7
MAR03847_r,15.6,36.9,68.2,166.4
MAR03939_r,19.4,40.0,267.6,33.2
MAR04199_r,5.8,6.1,11.9,100.0
MAR04582_r,31.1,83.0,1466.3,2758.8
MAR04584_r,142.0,1976.3,12.799999999999999,128.89999999999998
MAR04700_r,7.8,9.2,91.6,58.8
MAR04792_r,5.8,3.1,163.4,49.1
MAR04937_r,-1.0,-1.0,-1.0,-1.0
MAR06409_r,72.0,190.6,82.2,161.4
MAR07702_r,44.7,166.0,949.2,698.0
MAR04426_r,190.60000000000002,347.1,277.5,485.6
MAR04658_r,9.7,27.7,364.6,312.4
MAR05336_r,229.6,381.0,284.8,1043.9
MAR05337_r,64.2,58.400000000000006,66.60000000000001,74.00000000000001
MAR05339_r,229.6,381.0,284.8,1043.9
MAR04241_r,461.0,159.79999999999995,403.4,238.6
MAR04596_r,-1.0,-1.0,-1.0,-1.0
MAR04597_r,-1.0,-1.0,-1.0,-1.0
MAR04740_r,-1.0,-1.0,-1.0,-1.0
MAR03885_r,97.2,556.3,776.1,1447.9
MAR03935_r,37.0,83.0,170.4,194.0
MAR04686_r,107.0,6.1,0.1,0.7
MAR04687_r,107.0,6.1,0.1,0.7
MAR08530_r,68.0,132.1,545.5,348.0
MAR06417_r,11.7,24.6,40.9,30.4
MAR06925_r,653.5,746.8999999999999,1867.7999999999997,2095.9
MAR06926_r,17.5,27.7,35.2,36.7
MAR06927_r,17.5,27.7,35.2,36.7
MAR08088_r,1.9,6.1,263.2,76.0
MAR03743_r,29.2,116.8,741.7,1535.8000000000002
MAR04220_r,-1.0,-1.0,-1.0,-1.0
MAR04222_r,11.7,24.6,17.7,36.6
MAR04232_r,-1.0,-1.0,-1.0,-1.0
MAR04246_r,11.7,24.6,17.7,36.6
MAR04248_r,-1.0,-1.0,-1.0,-1.0
MAR06708_r,-1.0,-1.0,-1.0,-1.0
MAR06709_r,-1.0,-1.0,-1.0,-1.0
MAR06712_r,-1.0,-1.0,-1.0,-1.0
MAR06722_r,-1.0,-1.0,-1.0,-1.0
MAR06723_r,2359.0,4788.5,8849.699999999999,11589.6
MAR06725_r,105.0,249.0,359.2,195.0
MAR06734_r,-1.0,-1.0,-1.0,-1.0
MAR06738_r,-1.0,-1.0,-1.0,-1.0
MAR06742_r,-1.0,-1.0,-1.0,-1.0
MAR06744_r,-1.0,-1.0,-1.0,-1.0
MAR06755_r,153.6,282.8,324.09999999999997,84.60000000000001
MAR06756_r,68.0,132.1,545.5,348.0
MAR06759_r,-1.0,-1.0,-1.0,-1.0
MAR06765_r,-1.0,-1.0,-1.0,-1.0
MAR06792_r,-1.0,-1.0,-1.0,-1.0
MAR06798_r,151.7,79.89999999999999,572.8,1026.1
MAR06800_r,151.7,79.89999999999999,572.8,1026.1
MAR06806_r,-1.0,-1.0,-1.0,-1.0
MAR06807_r,-1.0,-1.0,-1.0,-1.0
MAR06811_r,2359.0,4788.5,8849.699999999999,11589.6
MAR06814_r,136.1,221.3,200.6,505.6
MAR06815_r,2359.0,4788.5,8849.699999999999,11589.6
MAR06817_r,136.1,221.3,200.6,505.6
MAR06819_r,136.1,221.3,200.6,505.6
MAR06820_r,2359.0,4788.5,8849.699999999999,11589.6
MAR06823_r,136.1,221.3,200.6,505.6
MAR06824_r,2359.0,4788.5,8849.699999999999,11589.6
MAR06826_r,-1.0,-1.0,-1.0,-1.0
MAR06827_r,-1.0,-1.0,-1.0,-1.0
MAR06834_r,-1.0,-1.0,-1.0,-1.0
MAR06835_r,-1.0,-1.0,-1.0,-1.0
MAR06836_r,151.7,79.89999999999999,572.8,1026.1
MAR06840_r,-1.0,-1.0,-1.0,-1.0
MAR06841_r,-1.0,-1.0,-1.0,-1.0
MAR06842_r,151.7,79.89999999999999,572.8,1026.1
MAR06848_r,-1.0,-1.0,-1.0,-1.0
MAR06849_r,-1.0,-1.0,-1.0,-1.0
MAR06854_r,-1.0,-1.0,-1.0,-1.0
MAR06855_r,-1.0,-1.0,-1.0,-1.0
MAR06875_r,-1.0,-1.0,-1.0,-1.0
MAR06876_r,-1.0,-1.0,-1.0,-1.0
MAR06877_r,-1.0,-1.0,-1.0,-1.0
MAR06878_r,-1.0,-1.0,-1.0,-1.0
MAR06879_r,-1.0,-1.0,-1.0,-1.0
MAR06880_r,-1.0,-1.0,-1.0,-1.0
MAR06882_r,-1.0,-1.0,-1.0,-1.0
MAR06883_r,2359.0,4788.5,8849.699999999999,11589.6
MAR06885_r,136.1,221.3,200.6,505.6
MAR06886_r,2359.0,4788.5,8849.699999999999,11589.6
MAR03912_r,105.0,249.0,359.2,195.0
MAR03919_r,5.8,6.1,11.9,100.0
MAR03920_r,91.4,9.2,135.5,54.6
MAR03922_r,-1.0,-1.0,-1.0,-1.0
MAR03995_r,42.8,92.2,119.39999999999999,90.3
MAR03996_r,-1.0,-1.0,-1.0,-1.0
MAR05418_r,-1.0,-1.0,-1.0,-1.0
MAR05419_r,-1.0,-1.0,-1.0,-1.0
MAR06519_r,435.6,2511.0,11.4,2857.5
MAR06520_r,79.7,135.2,1035.1,660.4
MAR06523_r,270.3,719.1,1375.3,726.6999999999999
MAR08066_r,105.0,249.0,359.2,195.0
MAR08067_r,40.8,58.4,167.1,61.0
MAR08068_r,124.5,491.7,194.3,1465.7
MAR08069_r,110.9,316.6,269.6,449.7
MAR08682_r,-1.0,-1.0,-1.0,-1.0
MAR08684_r,40.8,58.4,167.1,61.0
MAR03933_r,52.5,116.8,198.3,266.0
MAR04330_r,1.9,6.1,263.2,76.0
MAR04735_r,19.4,6.1,180.5,125.5
MAR07131_r,42.8,92.2,119.39999999999999,90.3
MAR07133_r,-1.0,-1.0,-1.0,-1.0
MAR07134_r,5.8,6.1,122.3,24.5
MAR07136_r,36.9,39.9,78.80000000000001,256.0
MAR07137_r,5.8,6.1,122.3,24.5
MAR07139_r,101.1,64.60000000000001,95.1,211.1
MAR07140_r,-1.0,-1.0,-1.0,-1.0
MAR03775_r,25.3,95.3,20.4,90.1
MAR03792_r,9.7,24.5,368.5,342.4
MAR03796_r,31.099999999999998,73.7,161.9,98.5
MAR03823_r,142.0,338.1,836.5,633.5
MAR04159_r,42.8,27.7,40.8,67.5
MAR04527_r,9.7,12.3,2.6,166.3
MAR07698_r,42.8,27.7,40.8,67.5
MAR08373_r,3.9,12.3,5.4,105.6
MAR07619_r,44.7,46.099999999999994,103.60000000000001,8.0
MAR05407_r,155.60000000000002,313.5,148.7,374.5
MAR08662_r,101.1,362.6,295.0,446.79999999999995
MAR08663_r,101.1,362.6,295.0,446.79999999999995
MAR08665_r,-1.0,-1.0,-1.0,-1.0
MAR08667_r,101.1,362.6,295.0,446.79999999999995
MAR08668_r,101.1,362.6,295.0,446.79999999999995
MAR00710_r,31.1,9.2,304.2,89.7
MAR03958_r,64.2,934.3,309.7,172.8
MAR04139_r,124.5,491.7,194.3,1465.7
MAR04141_r,110.9,316.6,269.6,449.7
MAR04147_r,101.1,362.6,295.0,446.79999999999995
MAR04152_r,101.1,362.6,295.0,446.79999999999995
MAR04408_r,23.3,67.6,93.5,73.5
MAR04410_r,23.3,67.6,93.5,73.5
MAR04454_r,23.3,12.3,174.3,144.7
MAR04458_r,58.3,79.9,65.4,233.4
MAR04589_r,58.3,79.9,65.4,233.4
MAR04652_r,46.7,98.3,135.1,168.7
MAR06414_r,13.6,33.8,37.3,68.3
MAR08773_r,138.10000000000002,335.09999999999997,3415.0,5423.499999999999
MAR06911_r,182.8,660.7000000000002,1994.9000000000003,1743.3
MAR06608_r,-1.0,-1.0,-1.0,-1.0
MAR02174_r,11.7,6.1,175.2,5.5
MAR02438_r,-1.0,-1.0,-1.0,-1.0
MAR02442_r,-1.0,-1.0,-1.0,-1.0
MAR02443_r,-1.0,-1.0,-1.0,-1.0
MAR02444_r,-1.0,-1.0,-1.0,-1.0
MAR02445_r,-1.0,-1.0,-1.0,-1.0
MAR02446_r,-1.0,-1.0,-1.0,-1.0
MAR02447_r,-1.0,-1.0,-1.0,-1.0
MAR02448_r,-1.0,-1.0,-1.0,-1.0
MAR02451_r,-1.0,-1.0,-1.0,-1.0
MAR02452_r,-1.0,-1.0,-1.0,-1.0
MAR02453_r,-1.0,-1.0,-1.0,-1.0
MAR02454_r,-1.0,-1.0,-1.0,-1.0
MAR02459_r,72.0,95.3,786.7,301.9
MAR02460_r,72.0,95.3,786.7,301.9
MAR02461_r,151.7,79.89999999999999,572.8,1026.1
MAR02463_r,151.7,79.89999999999999,572.8,1026.1
MAR02465_r,72.0,95.3,786.7,301.9
MAR02466_r,72.0,95.3,786.7,301.9
MAR02467_r,151.7,79.89999999999999,572.8,1026.1
MAR02469_r,151.7,79.89999999999999,572.8,1026.1
MAR06397_r,72.0,190.6,82.2,161.4
MAR06404_r,72.0,190.6,82.2,161.4
MAR02514_r,-1.0,-1.0,-1.0,-1.0
MAR02545_r,-1.0,-1.0,-1.0,-1.0
MAR02546_r,110.89999999999999,685.3,410.79999999999995,548.1
MAR02548_r,110.89999999999999,685.3,410.79999999999995,548.1
MAR02549_r,-1.0,-1.0,-1.0,-1.0
MAR02551_r,35.0,43.0,18.5,65.2
MAR02552_r,27.2,3.1,0.8,45.3
MAR02556_r,-1.0,-1.0,-1.0,-1.0
MAR02559_r,-1.0,-1.0,-1.0,-1.0
MAR02560_r,-1.0,-1.0,-1.0,-1.0
MAR02567_r,-1.0,-1.0,-1.0,-1.0
MAR02571_r,-1.0,-1.0,-1.0,-1.0
MAR02577_r,-1.0,-1.0,-1.0,-1.0
MAR02583_r,208.1,430.20000000000005,229.3,422.29999999999995
MAR02584_r,208.1,430.20000000000005,229.3,422.29999999999995
MAR02587_r,-1.0,-1.0,-1.0,-1.0
MAR02412_r,-1.0,-1.0,-1.0,-1.0
MAR03454_r,33.1,107.6,180.5,171.0
MAR03455_r,48.6,132.2,180.5,171.0
MAR03457_r,81.69999999999999,365.7,471.3,615.7
MAR03468_r,19.4,6.1,235.5,58.6
MAR03469_r,13.6,6.1,19.5,20.0
MAR03471_r,81.69999999999999,365.7,471.3,615.7
MAR00973_r,110.89999999999999,685.3,410.79999999999995,548.1
MAR00979_r,-1.0,-1.0,-1.0,-1.0
MAR00980_r,110.89999999999999,685.3,410.79999999999995,548.1
MAR00988_r,1577.3,3937.0,4370.3,21910.3
MAR00991_r,42.8,15.4,8.6,1.5
MAR00992_r,42.8,15.4,8.6,1.5
MAR00993_r,42.8,15.4,8.6,1.5
MAR00994_r,42.8,15.4,8.6,1.5
MAR01002_r,72.0,95.3,786.7,301.9
MAR01003_r,72.0,95.3,786.7,301.9
MAR01004_r,72.0,95.3,786.7,301.9
MAR01006_r,72.0,95.3,786.7,301.9
MAR01007_r,72.0,95.3,786.7,301.9
MAR01008_r,72.0,95.3,786.7,301.9
MAR01010_r,-1.0,-1.0,-1.0,-1.0
MAR01011_r,-1.0,-1.0,-1.0,-1.0
MAR01020_r,72.0,95.3,786.7,301.9
MAR01021_r,72.0,95.3,786.7,301.9
MAR01022_r,72.0,95.3,786.7,301.9
MAR01023_r,72.0,95.3,786.7,301.9
MAR01025_r,72.0,95.3,786.7,301.9
MAR01026_r,72.0,95.3,786.7,301.9
MAR01027_r,72.0,95.3,786.7,301.9
MAR01028_r,72.0,95.3,786.7,301.9
MAR01041_r,-1.0,-1.0,-1.0,-1.0
MAR01042_r,-1.0,-1.0,-1.0,-1.0
MAR01043_r,1577.3,3937.0,4370.3,21910.3
MAR01045_r,1577.3,3937.0,4370.3,21910.3
MAR01048_r,1577.3,3937.0,4370.3,21910.3
MAR01049_r,1577.3,3937.0,4370.3,21910.3
MAR01050_r,2359.0,4788.5,8849.699999999999,11589.6
MAR01053_r,2359.0,4788.5,8849.699999999999,11589.6
MAR01054_r,2359.0,4788.5,8849.699999999999,11589.6
MAR01055_r,72.0,95.3,786.7,301.9
MAR01057_r,72.0,95.3,786.7,301.9
MAR01058_r,72.0,95.3,786.7,301.9
MAR01074_r,188.7,141.4,1173.1,501.2
MAR01088_r,945.0,896.8000000000004,785.8000000000001,2924.3
MAR01091_r,945.0,896.8000000000004,785.8000000000001,2924.3
MAR01093_r,-1.0,-1.0,-1.0,-1.0
MAR01097_r,23.3,18.4,277.8,80.8
MAR01098_r,653.5,746.8999999999999,1867.7999999999997,2095.9
MAR01099_r,23.3,18.4,277.8,80.8
MAR01113_r,-1.0,-1.0,-1.0,-1.0
MAR01114_r,-1.0,-1.0,-1.0,-1.0
MAR01115_r,-1.0,-1.0,-1.0,-1.0
MAR01116_r,110.89999999999999,685.3,410.79999999999995,548.1
MAR01117_r,110.89999999999999,685.3,410.79999999999995,548.1
MAR01119_r,2359.0,4788.5,8849.699999999999,11589.6
MAR01120_r,2359.0,4788.5,8849.699999999999,11589.6
MAR01121_r,2359.0,4788.5,8849.699999999999,11589.6
MAR01122_r,2359.0,4788.5,8849.699999999999,11589.6
MAR01123_r,110.89999999999999,685.3,410.79999999999995,548.1
MAR01124_r,110.89999999999999,685.3,410.79999999999995,548.1
MAR01125_r,110.89999999999999,685.3,410.79999999999995,548.1
MAR01129_r,68.0,132.1,545.5,348.0
MAR01130_r,68.0,132.1,545.5,348.0
MAR01131_r,68.0,132.1,545.5,348.0
MAR01132_r,192.5,362.70000000000005,1478.0,1356.0
MAR01133_r,192.5,362.70000000000005,1478.0,1356.0
MAR01134_r,192.5,362.70000000000005,1478.0,1356.0
MAR01136_r,-1.0,-1.0,-1.0,-1.0
MAR01142_r,-1.0,-1.0,-1.0,-1.0
MAR01146_r,110.89999999999999,685.3,410.79999999999995,548.1
MAR01147_r,110.89999999999999,685.3,410.79999999999995,548.1
MAR01148_r,110.89999999999999,685.3,410.79999999999995,548.1
MAR01149_r,42.8,15.4,8.6,1.5
MAR01150_r,42.8,15.4,8.6,1.5
MAR01151_r,42.8,15.4,8.6,1.5
MAR01152_r,42.8,15.4,8.6,1.5
MAR01153_r,42.8,15.4,8.6,1.5
MAR01154_r,42.8,15.4,8.6,1.5
MAR01155_r,42.8,15.4,8.6,1.5
MAR01156_r,42.8,15.4,8.6,1.5
MAR01186_r,-1.0,-1.0,-1.0,-1.0
MAR01190_r,110.89999999999999,685.3,410.79999999999995,548.1
MAR01191_r,110.89999999999999,685.3,410.79999999999995,548.1
MAR01192_r,110.89999999999999,685.3,410.79999999999995,548.1
MAR01193_r,42.8,15.4,8.6,1.5
MAR01194_r,42.8,15.4,8.6,1.5
MAR01195_r,42.8,15.4,8.6,1.5
MAR01196_r,42.8,15.4,8.6,1.5
MAR01197_r,-1.0,-1.0,-1.0,-1.0
MAR01198_r,-1.0,-1.0,-1.0,-1.0
MAR01199_r,-1.0,-1.0,-1.0,-1.0
MAR01241_r,-1.0,-1.0,-1.0,-1.0
MAR01280_r,110.89999999999999,685.3,410.79999999999995,548.1
MAR01281_r,110.89999999999999,685.3,410.79999999999995,548.1
MAR01282_r,110.89999999999999,685.3,410.79999999999995,548.1
MAR01285_r,-1.0,-1.0,-1.0,-1.0
MAR01295_r,23.299999999999997,46.2,72.69999999999999,333.29999999999995
MAR01297_r,81.69999999999999,365.7,471.3,615.7
MAR01298_r,19.4,6.1,180.5,125.5
MAR08546_r,110.89999999999999,685.3,410.79999999999995,548.1
MAR08547_r,-1.0,-1.0,-1.0,-1.0
MAR08548_r,-1.0,-1.0,-1.0,-1.0
MAR08549_r,-1.0,-1.0,-1.0,-1.0
MAR08552_r,-1.0,-1.0,-1.0,-1.0
MAR08559_r,177.0,6.1,1.7,1.0
MAR08560_r,208.1,430.20000000000005,229.3,422.29999999999995
MAR00159_r,25.3,12.3,89.1,9.6
MAR02591_r,25.3,12.3,89.1,9.6
MAR02594_r,25.3,12.3,89.1,9.6
MAR02599_r,25.3,12.3,89.1,9.6
MAR02602_r,25.3,12.3,89.1,9.6
MAR02605_r,25.3,12.3,89.1,9.6
MAR02608_r,25.3,12.3,89.1,9.6
MAR02611_r,25.3,12.3,89.1,9.6
MAR02614_r,25.3,12.3,89.1,9.6
MAR02620_r,25.3,12.3,89.1,9.6
MAR02623_r,25.3,12.3,89.1,9.6
MAR02626_r,25.3,12.3,89.1,9.6
MAR02633_r,25.3,12.3,89.1,9.6
MAR02636_r,25.3,12.3,89.1,9.6
MAR02642_r,25.3,12.3,89.1,9.6
MAR02648_r,25.3,12.3,89.1,9.6
MAR02651_r,25.3,12.3,89.1,9.6
MAR02654_r,25.3,12.3,89.1,9.6
MAR02657_r,25.3,12.3,89.1,9.6
MAR02660_r,25.3,12.3,89.1,9.6
MAR02663_r,25.3,12.3,89.1,9.6
MAR02666_r,25.3,12.3,89.1,9.6
MAR02669_r,25.3,12.3,89.1,9.6
MAR02672_r,25.3,12.3,89.1,9.6
MAR02675_r,25.3,12.3,89.1,9.6
MAR02678_r,25.3,12.3,89.1,9.6
MAR02681_r,25.3,12.3,89.1,9.6
MAR02684_r,25.3,12.3,89.1,9.6
MAR02687_r,25.3,12.3,89.1,9.6
MAR02690_r,25.3,12.3,89.1,9.6
MAR02693_r,25.3,12.3,89.1,9.6
MAR02699_r,25.3,12.3,89.1,9.6
MAR02702_r,25.3,12.3,89.1,9.6
MAR02705_r,25.3,12.3,89.1,9.6
MAR02708_r,25.3,12.3,89.1,9.6
MAR02711_r,25.3,12.3,89.1,9.6
MAR02714_r,25.3,12.3,89.1,9.6
MAR02717_r,25.3,12.3,89.1,9.6
MAR02720_r,25.3,12.3,89.1,9.6
MAR02726_r,25.3,12.3,89.1,9.6
MAR02730_r,25.3,12.3,89.1,9.6
MAR02733_r,25.3,12.3,89.1,9.6
MAR02736_r,25.3,12.3,89.1,9.6
MAR02739_r,25.3,12.3,89.1,9.6
MAR02742_r,25.3,12.3,89.1,9.6
MAR02746_r,25.3,12.3,89.1,9.6
MAR02752_r,25.3,12.3,89.1,9.6
MAR02755_r,25.3,12.3,89.1,9.6
MAR02759_r,25.3,12.3,89.1,9.6
MAR02762_r,25.3,12.3,89.1,9.6
MAR02768_r,25.3,12.3,89.1,9.6
MAR02771_r,25.3,12.3,89.1,9.6
MAR02774_r,25.3,12.3,89.1,9.6
MAR02877_r,25.3,12.3,89.1,9.6
MAR03032_r,25.3,12.3,89.1,9.6
MAR03521_r,-1.0,-1.0,-1.0,-1.0
MAR08419_r,-1.0,-1.0,-1.0,-1.0
MAR00160_r,-1.0,-1.0,-1.0,-1.0
MAR00161_r,15.6,36.9,145.2,81.1
MAR00162_r,-1.0,-1.0,-1.0,-1.0
MAR00163_r,50.6,18.4,33.0,19.5
MAR02593_r,15.6,36.9,145.2,81.1
MAR02596_r,105.0,6.1,7.2,9.6
MAR02598_r,15.6,36.9,145.2,81.1
MAR02601_r,15.6,36.9,145.2,81.1
MAR02603_r,105.0,6.1,7.2,9.6
MAR02604_r,15.6,36.9,145.2,81.1
MAR02606_r,105.0,6.1,7.2,9.6
MAR02607_r,15.6,36.9,145.2,81.1
MAR02609_r,105.0,6.1,7.2,9.6
MAR02610_r,15.6,36.9,145.2,81.1
MAR02612_r,105.0,6.1,7.2,9.6
MAR02613_r,15.6,36.9,145.2,81.1
MAR02616_r,105.0,6.1,7.2,9.6
MAR02618_r,15.6,36.9,145.2,81.1
MAR02621_r,105.0,6.1,7.2,9.6
MAR02622_r,15.6,36.9,145.2,81.1
MAR02624_r,105.0,6.1,7.2,9.6
MAR02625_r,15.6,36.9,145.2,81.1
MAR02629_r,105.0,6.1,7.2,9.6
MAR02630_r,15.6,36.9,145.2,81.1
MAR02634_r,105.0,6.1,7.2,9.6
MAR02635_r,15.6,36.9,145.2,81.1
MAR02638_r,105.0,6.1,7.2,9.6
MAR02640_r,15.6,36.9,145.2,81.1
MAR02644_r,105.0,6.1,7.2,9.6
MAR02646_r,15.6,36.9,145.2,81.1
MAR02649_r,105.0,6.1,7.2,9.6
MAR02650_r,15.6,36.9,145.2,81.1
MAR02652_r,105.0,6.1,7.2,9.6
MAR02653_r,15.6,36.9,145.2,81.1
MAR02655_r,105.0,6.1,7.2,9.6
MAR02656_r,15.6,36.9,145.2,81.1
MAR02658_r,105.0,6.1,7.2,9.6
MAR02659_r,15.6,36.9,145.2,81.1
MAR02661_r,105.0,6.1,7.2,9.6
MAR02662_r,15.6,36.9,145.2,81.1
MAR02664_r,105.0,6.1,7.2,9.6
MAR02665_r,15.6,36.9,145.2,81.1
MAR02667_r,105.0,6.1,7.2,9.6
MAR02668_r,15.6,36.9,145.2,81.1
MAR02670_r,105.0,6.1,7.2,9.6
MAR02671_r,15.6,36.9,145.2,81.1
MAR02673_r,105.0,6.1,7.2,9.6
MAR02674_r,15.6,36.9,145.2,81.1
MAR02676_r,105.0,6.1,7.2,9.6
MAR02677_r,15.6,36.9,145.2,81.1
MAR02679_r,105.0,6.1,7.2,9.6
MAR02680_r,15.6,36.9,145.2,81.1
MAR02682_r,105.0,6.1,7.2,9.6
MAR02683_r,15.6,36.9,145.2,81.1
MAR02685_r,105.0,6.1,7.2,9.6
MAR02686_r,15.6,36.9,145.2,81.1
MAR02688_r,105.0,6.1,7.2,9.6
MAR02689_r,15.6,36.9,145.2,81.1
MAR02691_r,105.0,6.1,7.2,9.6
MAR02692_r,15.6,36.9,145.2,81.1
MAR02695_r,105.0,6.1,7.2,9.6
MAR02697_r,15.6,36.9,145.2,81.1
MAR02700_r,105.0,6.1,7.2,9.6
MAR02701_r,15.6,36.9,145.2,81.1
MAR02703_r,105.0,6.1,7.2,9.6
MAR02704_r,15.6,36.9,145.2,81.1
MAR02706_r,105.0,6.1,7.2,9.6
MAR02707_r,15.6,36.9,145.2,81.1
MAR02709_r,105.0,6.1,7.2,9.6
MAR02710_r,15.6,36.9,145.2,81.1
MAR02712_r,105.0,6.1,7.2,9.6
MAR02713_r,15.6,36.9,145.2,81.1
MAR02715_r,105.0,6.1,7.2,9.6
MAR02716_r,15.6,36.9,145.2,81.1
MAR02718_r,105.0,6.1,7.2,9.6
MAR02719_r,15.6,36.9,145.2,81.1
MAR02722_r,105.0,6.1,7.2,9.6
MAR02724_r,15.6,36.9,145.2,81.1
MAR02727_r,105.0,6.1,7.2,9.6
MAR02729_r,15.6,36.9,145.2,81.1
MAR02731_r,105.0,6.1,7.2,9.6
MAR02732_r,15.6,36.9,145.2,81.1
MAR02734_r,105.0,6.1,7.2,9.6
MAR02735_r,15.6,36.9,145.2,81.1
MAR02737_r,105.0,6.1,7.2,9.6
MAR02738_r,15.6,36.9,145.2,81.1
MAR02740_r,105.0,6.1,7.2,9.6
MAR02741_r,15.6,36.9,145.2,81.1
MAR02744_r,105.0,6.1,7.2,9.6
MAR02748_r,105.0,6.1,7.2,9.6
MAR02750_r,15.6,36.9,145.2,81.1
MAR02753_r,105.0,6.1,7.2,9.6
MAR02754_r,15.6,36.9,145.2,81.1
MAR02757_r,105.0,6.1,7.2,9.6
MAR02758_r,15.6,36.9,145.2,81.1
MAR02760_r,105.0,6.1,7.2,9.6
MAR02761_r,15.6,36.9,145.2,81.1
MAR02764_r,105.0,6.1,7.2,9.6
MAR02766_r,15.6,36.9,145.2,81.1
MAR02769_r,105.0,6.1,7.2,9.6
MAR02770_r,15.6,36.9,145.2,81.1
MAR02772_r,105.0,6.1,7.2,9.6
MAR02773_r,15.6,36.9,145.2,81.1
MAR02775_r,105.0,6.1,7.2,9.6
MAR02776_r,15.6,36.9,145.2,81.1
MAR03519_r,-1.0,-1.0,-1.0,-1.0
MAR03520_r,-1.0,-1.0,-1.0,-1.0
MAR08417_r,-1.0,-1.0,-1.0,-1.0
MAR08418_r,-1.0,-1.0,-1.0,-1.0
MAR03027_r,-1.0,-1.0,-1.0,-1.0
MAR03028_r,25.3,12.3,89.1,9.6
MAR03029_r,3.9,3.1,58.8,45.6
MAR03030_r,3.9,3.1,58.8,45.6
MAR03033_r,105.0,6.1,7.2,9.6
MAR03034_r,50.6,18.4,33.0,19.5
MAR03035_r,105.0,6.1,7.2,9.6
MAR03037_r,3.9,3.1,58.8,45.6
MAR02778_r,-1.0,-1.0,-1.0,-1.0
MAR02780_r,3.9,3.1,58.8,45.6
MAR02783_r,105.0,6.1,7.2,9.6
MAR02785_r,3.9,3.1,58.8,45.6
MAR02787_r,-1.0,-1.0,-1.0,-1.0
MAR02788_r,3.9,3.1,58.8,45.6
MAR02789_r,-1.0,-1.0,-1.0,-1.0
MAR02790_r,3.9,3.1,58.8,45.6
MAR02791_r,-1.0,-1.0,-1.0,-1.0
MAR02792_r,3.9,3.1,58.8,45.6
MAR02793_r,-1.0,-1.0,-1.0,-1.0
MAR02794_r,3.9,3.1,58.8,45.6
MAR02795_r,-1.0,-1.0,-1.0,-1.0
MAR02796_r,3.9,3.1,58.8,45.6
MAR02797_r,-1.0,-1.0,-1.0,-1.0
MAR02798_r,3.9,3.1,58.8,45.6
MAR02799_r,-1.0,-1.0,-1.0,-1.0
MAR02800_r,3.9,3.1,58.8,45.6
MAR02801_r,-1.0,-1.0,-1.0,-1.0
MAR02803_r,3.9,3.1,58.8,45.6
MAR02805_r,-1.0,-1.0,-1.0,-1.0
MAR02806_r,3.9,3.1,58.8,45.6
MAR02807_r,-1.0,-1.0,-1.0,-1.0
MAR02809_r,3.9,3.1,58.8,45.6
MAR02811_r,-1.0,-1.0,-1.0,-1.0
MAR02812_r,3.9,3.1,58.8,45.6
MAR02813_r,-1.0,-1.0,-1.0,-1.0
MAR02814_r,3.9,3.1,58.8,45.6
MAR02815_r,-1.0,-1.0,-1.0,-1.0
MAR02816_r,3.9,3.1,58.8,45.6
MAR02817_r,-1.0,-1.0,-1.0,-1.0
MAR02819_r,3.9,3.1,58.8,45.6
MAR02821_r,-1.0,-1.0,-1.0,-1.0
MAR02822_r,3.9,3.1,58.8,45.6
MAR02823_r,-1.0,-1.0,-1.0,-1.0
MAR02824_r,3.9,3.1,58.8,45.6
MAR02827_r,3.9,3.1,58.8,45.6
MAR02831_r,-1.0,-1.0,-1.0,-1.0
MAR02832_r,3.9,3.1,58.8,45.6
MAR02835_r,-1.0,-1.0,-1.0,-1.0
MAR02836_r,3.9,3.1,58.8,45.6
MAR02837_r,-1.0,-1.0,-1.0,-1.0
MAR02838_r,3.9,3.1,58.8,45.6
MAR02839_r,-1.0,-1.0,-1.0,-1.0
MAR02840_r,3.9,3.1,58.8,45.6
MAR02841_r,-1.0,-1.0,-1.0,-1.0
MAR02842_r,3.9,3.1,58.8,45.6
MAR02843_r,-1.0,-1.0,-1.0,-1.0
MAR02844_r,3.9,3.1,58.8,45.6
MAR02845_r,-1.0,-1.0,-1.0,-1.0
MAR02846_r,3.9,3.1,58.8,45.6
MAR02847_r,-1.0,-1.0,-1.0,-1.0
MAR02848_r,3.9,3.1,58.8,45.6
MAR02849_r,-1.0,-1.0,-1.0,-1.0
MAR02850_r,3.9,3.1,58.8,45.6
MAR02851_r,-1.0,-1.0,-1.0,-1.0
MAR02852_r,3.9,3.1,58.8,45.6
MAR02853_r,-1.0,-1.0,-1.0,-1.0
MAR02854_r,3.9,3.1,58.8,45.6
MAR02855_r,-1.0,-1.0,-1.0,-1.0
MAR02856_r,3.9,3.1,58.8,45.6
MAR02857_r,-1.0,-1.0,-1.0,-1.0
MAR02859_r,3.9,3.1,58.8,45.6
MAR02861_r,-1.0,-1.0,-1.0,-1.0
MAR02862_r,3.9,3.1,58.8,45.6
MAR02863_r,-1.0,-1.0,-1.0,-1.0
MAR02864_r,3.9,3.1,58.8,45.6
MAR02865_r,-1.0,-1.0,-1.0,-1.0
MAR02866_r,3.9,3.1,58.8,45.6
MAR02867_r,-1.0,-1.0,-1.0,-1.0
MAR02868_r,3.9,3.1,58.8,45.6
MAR02869_r,-1.0,-1.0,-1.0,-1.0
MAR02870_r,3.9,3.1,58.8,45.6
MAR02871_r,-1.0,-1.0,-1.0,-1.0
MAR02872_r,3.9,3.1,58.8,45.6
MAR02873_r,-1.0,-1.0,-1.0,-1.0
MAR02874_r,3.9,3.1,58.8,45.6
MAR02875_r,-1.0,-1.0,-1.0,-1.0
MAR02876_r,3.9,3.1,58.8,45.6
MAR02878_r,-1.0,-1.0,-1.0,-1.0
MAR02879_r,3.9,3.1,58.8,45.6
MAR02880_r,-1.0,-1.0,-1.0,-1.0
MAR02882_r,3.9,3.1,58.8,45.6
MAR02884_r,-1.0,-1.0,-1.0,-1.0
MAR02886_r,3.9,3.1,58.8,45.6
MAR02888_r,-1.0,-1.0,-1.0,-1.0
MAR02890_r,3.9,3.1,58.8,45.6
MAR02892_r,-1.0,-1.0,-1.0,-1.0
MAR02894_r,3.9,3.1,58.8,45.6
MAR02896_r,-1.0,-1.0,-1.0,-1.0
MAR02897_r,3.9,3.1,58.8,45.6
MAR02898_r,-1.0,-1.0,-1.0,-1.0
MAR02899_r,3.9,3.1,58.8,45.6
MAR02900_r,-1.0,-1.0,-1.0,-1.0
MAR02901_r,3.9,3.1,58.8,45.6
MAR02902_r,-1.0,-1.0,-1.0,-1.0
MAR02903_r,3.9,3.1,58.8,45.6
MAR02904_r,-1.0,-1.0,-1.0,-1.0
MAR02905_r,3.9,3.1,58.8,45.6
MAR02906_r,25.3,12.3,89.1,9.6
MAR02907_r,-1.0,-1.0,-1.0,-1.0
MAR02908_r,3.9,3.1,58.8,45.6
MAR02909_r,25.3,12.3,89.1,9.6
MAR02910_r,-1.0,-1.0,-1.0,-1.0
MAR02911_r,3.9,3.1,58.8,45.6
MAR02912_r,25.3,12.3,89.1,9.6
MAR02913_r,-1.0,-1.0,-1.0,-1.0
MAR02914_r,3.9,3.1,58.8,45.6
MAR02915_r,25.3,12.3,89.1,9.6
MAR02916_r,-1.0,-1.0,-1.0,-1.0
MAR02917_r,3.9,3.1,58.8,45.6
MAR02918_r,25.3,12.3,89.1,9.6
MAR02919_r,-1.0,-1.0,-1.0,-1.0
MAR02920_r,3.9,3.1,58.8,45.6
MAR02921_r,25.3,12.3,89.1,9.6
MAR02922_r,-1.0,-1.0,-1.0,-1.0
MAR02923_r,3.9,3.1,58.8,45.6
MAR02924_r,25.3,12.3,89.1,9.6
MAR02925_r,-1.0,-1.0,-1.0,-1.0
MAR02926_r,3.9,3.1,58.8,45.6
MAR02927_r,25.3,12.3,89.1,9.6
MAR02928_r,-1.0,-1.0,-1.0,-1.0
MAR02929_r,3.9,3.1,58.8,45.6
MAR02930_r,25.3,12.3,89.1,9.6
MAR02931_r,-1.0,-1.0,-1.0,-1.0
MAR02932_r,3.9,3.1,58.8,45.6
MAR03106_r,-1.0,-1.0,-1.0,-1.0
MAR03355_r,19.4,6.1,180.5,125.5
MAR03375_r,19.4,6.1,180.5,125.5
MAR03481_r,155.6,430.3,1183.6,827.7
MAR03491_r,-1.0,-1.0,-1.0,-1.0
MAR03517_r,155.6,430.3,1183.6,827.7
MAR03323_r,19.4,6.1,180.5,125.5
MAR03272_r,233.39999999999998,943.5999999999999,1116.6000000000001,1482.0
MAR03239_r,233.39999999999998,943.5999999999999,1116.6000000000001,1482.0
MAR03298_r,97.3,547.1,455.4,708.5
MAR01181_r,81.69999999999999,365.7,471.3,615.7
MAR01219_r,19.4,6.1,180.5,125.5
MAR01220_r,33.1,107.6,180.5,171.0
MAR01221_r,48.6,132.2,180.5,171.0
MAR01222_r,81.69999999999999,365.7,471.3,615.7
MAR02002_r,5.8,6.1,96.7,24.8
MAR02003_r,95.30000000000001,52.199999999999996,1204.9,569.0
MAR02004_r,-1.0,-1.0,-1.0,-1.0
MAR07942_r,-1.0,-1.0,-1.0,-1.0
MAR07943_r,140.0,36.9,3.0,10.1
MAR01960_r,-1.0,-1.0,-1.0,-1.0
MAR01978_r,-1.0,-1.0,-1.0,-1.0
MAR02014_r,-1.0,-1.0,-1.0,-1.0
MAR02015_r,5.8,6.1,96.7,24.8
MAR02020_r,-1.0,-1.0,-1.0,-1.0
MAR02022_r,-1.0,-1.0,-1.0,-1.0
MAR02024_r,-1.0,-1.0,-1.0,-1.0
MAR02025_r,-1.0,-1.0,-1.0,-1.0
MAR01448_r,54.5,187.5,152.6,219.8
MAR01500_r,11.7,3.1,41.8,9.1
MAR03105_r,21.4,27.7,225.1,41.6
MAR02044_r,153.6,282.8,324.09999999999997,84.60000000000001
MAR02045_r,153.6,282.8,324.09999999999997,84.60000000000001
MAR02048_r,153.6,282.8,324.09999999999997,84.60000000000001
MAR02052_r,153.6,282.8,324.09999999999997,84.60000000000001
MAR02058_r,153.6,282.8,324.09999999999997,84.60000000000001
MAR02059_r,153.6,282.8,324.09999999999997,84.60000000000001
MAR02060_r,153.6,282.8,324.09999999999997,84.60000000000001
MAR02061_r,260.6,713.0,1371.6,724.4
MAR02062_r,260.6,713.0,1371.6,724.4
MAR02063_r,260.6,713.0,1371.6,724.4
MAR02068_r,2359.0,4788.5,8849.699999999999,11589.6
MAR02069_r,2359.0,4788.5,8849.699999999999,11589.6
MAR02070_r,2359.0,4788.5,8849.699999999999,11589.6
MAR02071_r,2359.0,4788.5,8849.699999999999,11589.6
MAR02072_r,2359.0,4788.5,8849.699999999999,11589.6
MAR02073_r,2359.0,4788.5,8849.699999999999,11589.6
MAR02074_r,2359.0,4788.5,8849.699999999999,11589.6
MAR02075_r,2359.0,4788.5,8849.699999999999,11589.6
MAR02076_r,260.6,713.0,1371.6,724.4
MAR02077_r,260.6,713.0,1371.6,724.4
MAR02078_r,260.6,713.0,1371.6,724.4
MAR02083_r,2359.0,4788.5,8849.699999999999,11589.6
MAR02084_r,2359.0,4788.5,8849.699999999999,11589.6
MAR02085_r,2359.0,4788.5,8849.699999999999,11589.6
MAR02086_r,2359.0,4788.5,8849.699999999999,11589.6
MAR02088_r,260.6,713.0,1371.6,724.4
MAR02089_r,260.6,713.0,1371.6,724.4
MAR02095_r,2359.0,4788.5,8849.699999999999,11589.6
MAR02096_r,2359.0,4788.5,8849.699999999999,11589.6
MAR02097_r,2359.0,4788.5,8849.699999999999,11589.6
MAR02098_r,2359.0,4788.5,8849.699999999999,11589.6
MAR02099_r,260.6,713.0,1371.6,724.4
MAR02100_r,260.6,713.0,1371.6,724.4
MAR02106_r,2359.0,4788.5,8849.699999999999,11589.6
MAR02107_r,2359.0,4788.5,8849.699999999999,11589.6
MAR02108_r,2359.0,4788.5,8849.699999999999,11589.6
MAR02109_r,2359.0,4788.5,8849.699999999999,11589.6
MAR02110_r,2359.0,4788.5,8849.699999999999,11589.6
MAR02111_r,2359.0,4788.5,8849.699999999999,11589.6
MAR02112_r,2359.0,4788.5,8849.699999999999,11589.6
MAR02113_r,2359.0,4788.5,8849.699999999999,11589.6
MAR03622_r,-1.0,-1.0,-1.0,-1.0
MAR00753_r,353.90000000000003,36.8,59.2,243.1
MAR00763_r,-1.0,-1.0,-1.0,-1.0
MAR00453_r,799.3,335.0,837.8,1432.9
MAR04390_r,-1.0,-1.0,-1.0,-1.0
MAR00484_r,1.9,9.2,10.0,9.2
MAR07591_r,83.6,119.9,315.0,1034.2
MAR08362_r,-1.0,-1.0,-1.0,-1.0
MAR00928_r,1.9,6.1,1.1,17.3
MAR00873_r,-1.0,-1.0,-1.0,-1.0
MAR00912_r,-1.0,-1.0,-1.0,-1.0
MAR00915_r,1.9,6.1,1.1,17.3
MAR08378_r,-1.0,-1.0,-1.0,-1.0
MAR01987_r,-1.0,-1.0,-1.0,-1.0
MAR01310_r,-1.0,-1.0,-1.0,-1.0
MAR01315_r,-1.0,-1.0,-1.0,-1.0
MAR01317_r,-1.0,-1.0,-1.0,-1.0
MAR01318_r,-1.0,-1.0,-1.0,-1.0
MAR01319_r,-1.0,-1.0,-1.0,-1.0
MAR01320_r,-1.0,-1.0,-1.0,-1.0
MAR01321_r,-1.0,-1.0,-1.0,-1.0
MAR01322_r,-1.0,-1.0,-1.0,-1.0
MAR01323_r,-1.0,-1.0,-1.0,-1.0
MAR01324_r,-1.0,-1.0,-1.0,-1.0
MAR01328_r,-1.0,-1.0,-1.0,-1.0
MAR01329_r,31.1,33.8,451.0,497.6
MAR01332_r,-1.0,-1.0,-1.0,-1.0
MAR01333_r,-1.0,-1.0,-1.0,-1.0
MAR01334_r,-1.0,-1.0,-1.0,-1.0
MAR01335_r,-1.0,-1.0,-1.0,-1.0
MAR01336_r,-1.0,-1.0,-1.0,-1.0
MAR01337_r,-1.0,-1.0,-1.0,-1.0
MAR01338_r,-1.0,-1.0,-1.0,-1.0
MAR01339_r,-1.0,-1.0,-1.0,-1.0
MAR01341_r,-1.0,-1.0,-1.0,-1.0
MAR01342_r,-1.0,-1.0,-1.0,-1.0
MAR01343_r,-1.0,-1.0,-1.0,-1.0
MAR01344_r,23.3,18.4,277.8,80.8
MAR01345_r,-1.0,-1.0,-1.0,-1.0
MAR01347_r,-1.0,-1.0,-1.0,-1.0
MAR01352_r,190.6,83.0,339.1,114.9
MAR01363_r,-1.0,-1.0,-1.0,-1.0
MAR01366_r,-1.0,-1.0,-1.0,-1.0
MAR01367_r,2390.1,4822.3,9300.699999999999,12087.199999999999
MAR01370_r,2359.0,4788.5,8849.699999999999,11589.6
MAR01373_r,-1.0,-1.0,-1.0,-1.0
MAR01374_r,-1.0,-1.0,-1.0,-1.0
MAR01375_r,-1.0,-1.0,-1.0,-1.0
MAR01376_r,-1.0,-1.0,-1.0,-1.0
MAR01379_r,2359.0,4788.5,8849.699999999999,11589.6
MAR01382_r,31.1,33.8,451.0,497.6
MAR01383_r,-1.0,-1.0,-1.0,-1.0
MAR01384_r,2359.0,4788.5,8849.699999999999,11589.6
MAR01387_r,31.1,33.8,451.0,497.6
MAR01389_r,-1.0,-1.0,-1.0,-1.0
MAR01393_r,-1.0,-1.0,-1.0,-1.0
MAR01394_r,208.1,430.20000000000005,229.3,422.29999999999995
MAR01395_r,-1.0,-1.0,-1.0,-1.0
MAR01398_r,2359.0,4788.5,8849.699999999999,11589.6
MAR01401_r,-1.0,-1.0,-1.0,-1.0
MAR01402_r,-1.0,-1.0,-1.0,-1.0
MAR07604_r,46.7,9.2,63.400000000000006,18.7
MAR07610_r,87.6,43.0,196.6,148.9
MAR01593_r,-1.0,-1.0,-1.0,-1.0
MAR01619_r,15.5,36.9,510.4,154.7
MAR01620_r,15.5,36.9,510.4,154.7
MAR01623_r,-1.0,-1.0,-1.0,-1.0
MAR01629_r,-1.0,-1.0,-1.0,-1.0
MAR01631_r,-1.0,-1.0,-1.0,-1.0
MAR01679_r,-1.0,-1.0,-1.0,-1.0
MAR01684_r,68.0,132.1,545.5,348.0
MAR01692_r,192.5,362.70000000000005,1478.0,1356.0
MAR01694_r,210.0,716.0,2042.3,1414.8000000000002
MAR01695_r,-1.0,-1.0,-1.0,-1.0
MAR01701_r,-1.0,-1.0,-1.0,-1.0
MAR01703_r,-1.0,-1.0,-1.0,-1.0
MAR01717_r,-1.0,-1.0,-1.0,-1.0
MAR01725_r,-1.0,-1.0,-1.0,-1.0
MAR01764_r,-1.0,-1.0,-1.0,-1.0
MAR01772_r,-1.0,-1.0,-1.0,-1.0
MAR01778_r,9.7,9.2,57.6,42.9
MAR01790_r,3.9,9.2,363.4,61.7
MAR01792_r,3.9,9.2,363.4,61.7
MAR01802_r,3.9,9.2,363.4,61.7
MAR01803_r,3.9,9.2,363.4,61.7
MAR01806_r,3.9,9.2,363.4,61.7
MAR01807_r,3.9,9.2,363.4,61.7
MAR01813_r,653.5,746.8999999999999,1867.7999999999997,2095.9
MAR01834_r,-1.0,-1.0,-1.0,-1.0
MAR01835_r,-1.0,-1.0,-1.0,-1.0
MAR01836_r,-1.0,-1.0,-1.0,-1.0
MAR01837_r,-1.0,-1.0,-1.0,-1.0
MAR01843_r,-1.0,-1.0,-1.0,-1.0
MAR01850_r,-1.0,-1.0,-1.0,-1.0
MAR01852_r,-1.0,-1.0,-1.0,-1.0
MAR01854_r,-1.0,-1.0,-1.0,-1.0
MAR01859_r,-1.0,-1.0,-1.0,-1.0
MAR01875_r,-1.0,-1.0,-1.0,-1.0
MAR01876_r,-1.0,-1.0,-1.0,-1.0
MAR01877_r,-1.0,-1.0,-1.0,-1.0
MAR01879_r,-1.0,-1.0,-1.0,-1.0
MAR01880_r,-1.0,-1.0,-1.0,-1.0
MAR01881_r,-1.0,-1.0,-1.0,-1.0
MAR01882_r,-1.0,-1.0,-1.0,-1.0
MAR01883_r,-1.0,-1.0,-1.0,-1.0
MAR01884_r,-1.0,-1.0,-1.0,-1.0
MAR01885_r,-1.0,-1.0,-1.0,-1.0
MAR01886_r,-1.0,-1.0,-1.0,-1.0
MAR01887_r,-1.0,-1.0,-1.0,-1.0
MAR01888_r,-1.0,-1.0,-1.0,-1.0
MAR01889_r,-1.0,-1.0,-1.0,-1.0
MAR01890_r,-1.0,-1.0,-1.0,-1.0
MAR01891_r,-1.0,-1.0,-1.0,-1.0
MAR01892_r,-1.0,-1.0,-1.0,-1.0
MAR01893_r,-1.0,-1.0,-1.0,-1.0
MAR01894_r,-1.0,-1.0,-1.0,-1.0
MAR01403_r,-1.0,-1.0,-1.0,-1.0
MAR01404_r,-1.0,-1.0,-1.0,-1.0
MAR01406_r,-1.0,-1.0,-1.0,-1.0
MAR01407_r,-1.0,-1.0,-1.0,-1.0
MAR01408_r,-1.0,-1.0,-1.0,-1.0
MAR01409_r,-1.0,-1.0,-1.0,-1.0
MAR01418_r,-1.0,-1.0,-1.0,-1.0
MAR01419_r,-1.0,-1.0,-1.0,-1.0
MAR01420_r,-1.0,-1.0,-1.0,-1.0
MAR01421_r,-1.0,-1.0,-1.0,-1.0
MAR01422_r,-1.0,-1.0,-1.0,-1.0
MAR01423_r,-1.0,-1.0,-1.0,-1.0
MAR01424_r,-1.0,-1.0,-1.0,-1.0
MAR01425_r,-1.0,-1.0,-1.0,-1.0
MAR01426_r,-1.0,-1.0,-1.0,-1.0
MAR01427_r,-1.0,-1.0,-1.0,-1.0
MAR01428_r,-1.0,-1.0,-1.0,-1.0
MAR01429_r,-1.0,-1.0,-1.0,-1.0
MAR01430_r,-1.0,-1.0,-1.0,-1.0
MAR01431_r,-1.0,-1.0,-1.0,-1.0
MAR01432_r,-1.0,-1.0,-1.0,-1.0
MAR01433_r,-1.0,-1.0,-1.0,-1.0
MAR00712_r,31.1,9.2,304.2,89.7
MAR03992_r,106.9,61.4,270.80000000000007,149.3
MAR08791_r,50.6,33.8,32.0,83.9
MAR04717_r,-1.0,-1.0,-1.0,-1.0
MAR04725_r,9.7,18.4,4.8,18.2
MAR04730_r,81.60000000000001,83.0,230.9,89.4
MAR04731_r,81.60000000000001,83.0,230.9,89.4
MAR06575_r,27.2,18.4,31.1,20.7
MAR03925_r,27.2,61.5,377.8,393.0
MAR03929_r,9.7,27.7,364.6,312.4
MAR04332_r,15.6,9.2,43.3,32.8
MAR04333_r,15.6,9.2,43.3,32.8
MAR04335_r,15.6,9.2,43.3,32.8
MAR04440_r,40.8,70.7,104.9,51.3
MAR04442_r,17.5,24.6,143.9,60.4
MAR04444_r,36.9,33.8,145.20000000000002,75.9
MAR04503_r,17.5,24.6,143.9,60.4
MAR04505_r,60.199999999999996,79.9,106.2,66.8
MAR04654_r,15.6,9.2,43.3,32.8
MAR04655_r,15.6,9.2,43.3,32.8
MAR08144_r,17.5,24.6,143.9,60.4
MAR04165_r,38.9,27.7,65.3,81.2
MAR04523_r,27.2,61.5,377.8,393.0
MAR04539_r,200.3,381.09999999999997,731.4,721.9
MAR04540_r,200.3,381.09999999999997,731.4,721.9
MAR04541_r,200.3,381.09999999999997,731.4,721.9
MAR04542_r,200.3,381.09999999999997,731.4,721.9
MAR04543_r,200.3,381.09999999999997,731.4,721.9
MAR04544_r,200.3,381.09999999999997,731.4,721.9
MAR04817_r,5.8,6.1,84.5,37.1
MAR04818_r,5.8,6.1,84.5,37.1
MAR04833_r,5.8,6.1,84.5,37.1
MAR04834_r,5.8,6.1,84.5,37.1
MAR04835_r,5.8,6.1,84.5,37.1
MAR04836_r,5.8,6.1,84.5,37.1
MAR06394_r,-1.0,-1.0,-1.0,-1.0
MAR06405_r,35.0,12.3,57.1,12.5
MAR08345_r,-1.0,-1.0,-1.0,-1.0
MAR08346_r,15.6,55.3,202.7,181.8
MAR08348_r,-1.0,-1.0,-1.0,-1.0
MAR04768_r,-1.0,-1.0,-1.0,-1.0
MAR04769_r,-1.0,-1.0,-1.0,-1.0
MAR04770_r,-1.0,-1.0,-1.0,-1.0
MAR04771_r,-1.0,-1.0,-1.0,-1.0
MAR04773_r,-1.0,-1.0,-1.0,-1.0
MAR06638_r,37.0,147.5,281.79999999999995,725.0
MAR06644_r,37.0,147.5,281.79999999999995,725.0
MAR06652_r,97.3,301.2,678.4,385.2
MAR06659_r,-1.0,-1.0,-1.0,-1.0
MAR06660_r,-1.0,-1.0,-1.0,-1.0
MAR06661_r,-1.0,-1.0,-1.0,-1.0
MAR06662_r,-1.0,-1.0,-1.0,-1.0
MAR06663_r,-1.0,-1.0,-1.0,-1.0
MAR06668_r,151.7,79.89999999999999,572.8,1026.1
MAR06670_r,653.5,746.8999999999999,1867.7999999999997,2095.9
MAR06671_r,-1.0,-1.0,-1.0,-1.0
MAR06672_r,-1.0,-1.0,-1.0,-1.0
MAR06673_r,-1.0,-1.0,-1.0,-1.0
MAR06674_r,97.3,301.2,678.4,385.2
MAR06675_r,97.3,301.2,678.4,385.2
MAR06676_r,97.3,301.2,678.4,385.2
MAR06690_r,-1.0,-1.0,-1.0,-1.0
MAR06691_r,-1.0,-1.0,-1.0,-1.0
MAR06692_r,-1.0,-1.0,-1.0,-1.0
MAR06693_r,-1.0,-1.0,-1.0,-1.0
MAR06694_r,-1.0,-1.0,-1.0,-1.0
MAR06695_r,-1.0,-1.0,-1.0,-1.0
MAR06697_r,-1.0,-1.0,-1.0,-1.0
MAR06699_r,-1.0,-1.0,-1.0,-1.0
MAR08698_r,-1.0,-1.0,-1.0,-1.0
MAR08699_r,-1.0,-1.0,-1.0,-1.0
MAR08702_r,-1.0,-1.0,-1.0,-1.0
MAR08704_r,-1.0,-1.0,-1.0,-1.0
MAR08709_r,37.0,147.5,281.79999999999995,725.0
MAR08710_r,-1.0,-1.0,-1.0,-1.0
MAR08711_r,-1.0,-1.0,-1.0,-1.0
MAR04548_r,42.8,15.4,8.6,1.5
MAR04549_r,108.89999999999999,64.5,94.7,86.4
MAR04552_r,-1.0,-1.0,-1.0,-1.0
MAR04553_r,-1.0,-1.0,-1.0,-1.0
MAR04554_r,-1.0,-1.0,-1.0,-1.0
MAR04556_r,-1.0,-1.0,-1.0,-1.0
MAR04561_r,68.0,132.1,545.5,348.0
MAR08615_r,50.6,135.2,267.8,153.0
MAR08616_r,50.6,135.2,267.8,153.0
MAR04071_r,9.7,33.8,136.3,67.4
MAR02130_r,23.4,33.8,106.4,56.0
MAR08011_r,-1.0,-1.0,-1.0,-1.0
MAR08012_r,-1.0,-1.0,-1.0,-1.0
MAR08013_r,-1.0,-1.0,-1.0,-1.0
MAR08014_r,-1.0,-1.0,-1.0,-1.0
MAR06423_r,-1.0,-1.0,-1.0,-1.0
MAR06456_r,-1.0,-1.0,-1.0,-1.0
MAR06457_r,-1.0,-1.0,-1.0,-1.0
MAR06458_r,-1.0,-1.0,-1.0,-1.0
MAR06459_r,-1.0,-1.0,-1.0,-1.0
MAR06460_r,-1.0,-1.0,-1.0,-1.0
MAR06500_r,-1.0,-1.0,-1.0,-1.0
MAR06492_r,37.0,9.2,60.7,126.1
MAR06501_r,-1.0,-1.0,-1.0,-1.0
MAR06995_r,2349.3,4754.7,8433.399999999998,11514.1
MAR06996_r,50.6,3.1,650.1,80.5
MAR07019_r,42.8,15.4,8.6,1.5
MAR07048_r,42.8,15.4,8.6,1.5
MAR07049_r,-1.0,-1.0,-1.0,-1.0
MAR06535_r,260.6,713.0,1371.6,724.4
MAR06536_r,260.6,713.0,1371.6,724.4
MAR03955_r,108.9,292.0,148.6,335.1
MAR05127_r,-1.0,-1.0,-1.0,-1.0
MAR05128_r,-1.0,-1.0,-1.0,-1.0
MAR07741_r,-1.0,-1.0,-1.0,-1.0
MAR09466_r,72.0,42.9,201.9,122.79999999999998
MAR09467_r,72.0,42.9,201.9,122.79999999999998
MAR09470_r,15.6,12.3,268.0,148.1
MAR09487_r,200.20000000000002,116.79999999999998,203.0,162.4
MAR09492_r,1906.0,2898.0,2968.5,3949.500000000001
MAR09495_r,299.40000000000003,178.29999999999998,312.80000000000007,228.5
MAR09500_r,83.6,58.4,113.9,74.0
MAR09501_r,-1.0,-1.0,-1.0,-1.0
MAR09504_r,35.0,92.2,95.1,270.8
MAR09505_r,-1.0,-1.0,-1.0,-1.0
MAR09509_r,44.7,79.9,46.2,71.2
MAR09510_r,-1.0,-1.0,-1.0,-1.0
MAR09511_r,11.7,3.1,8.5,8.5
MAR09512_r,91.4,132.1,503.0,223.5
MAR09518_r,52.5,79.89999999999999,36.1,87.30000000000001
MAR09519_r,19.5,15.299999999999999,29.900000000000002,38.4
MAR09520_r,7.8,24.6,6.8,53.2
MAR09521_r,11.7,27.7,18.7,25.8
MAR09524_r,-1.0,-1.0,-1.0,-1.0
MAR09525_r,-1.0,-1.0,-1.0,-1.0
MAR09527_r,-1.0,-1.0,-1.0,-1.0
MAR09535_r,23.3,64.5,47.5,90.9
MAR09538_r,56.4,264.3,222.5,640.8000000000001
MAR09541_r,15.6,18.4,26.0,38.1
MAR09542_r,46.7,3.1,1.6,35.2
MAR09544_r,17.5,55.3,109.4,522.5
MAR09547_r,19.4,6.1,8.1,12.0
MAR09548_r,-1.0,-1.0,-1.0,-1.0
MAR09549_r,7.8,18.4,27.1,32.6
MAR09550_r,9.7,3.1,17.2,24.9
MAR09801_r,5.8,15.4,6.9,30.7
MAR09581_r,1.9,3.1,53.6,1.7
MAR09583_r,-1.0,-1.0,-1.0,-1.0
MAR00688_r,-1.0,-1.0,-1.0,-1.0
MAR00692_r,-1.0,-1.0,-1.0,-1.0
MAR00018_r,-1.0,-1.0,-1.0,-1.0
MAR00155_r,93.3,565.5,8558.3,2410.2999999999997
MAR00164_r,93.3,565.5,8558.3,2410.2999999999997
MAR00167_r,93.3,565.5,8558.3,2410.2999999999997
MAR00170_r,93.3,565.5,8558.3,2410.2999999999997
MAR00173_r,93.3,565.5,8558.3,2410.2999999999997
MAR00176_r,93.3,565.5,8558.3,2410.2999999999997
MAR00179_r,93.3,565.5,8558.3,2410.2999999999997
MAR00183_r,93.3,565.5,8558.3,2410.2999999999997
MAR00440_r,-1.0,-1.0,-1.0,-1.0
MAR00444_r,-1.0,-1.0,-1.0,-1.0
MAR00770_r,38.9,159.8,15.0,40.2
MAR00782_r,-1.0,-1.0,-1.0,-1.0
MAR01086_r,-1.0,-1.0,-1.0,-1.0
MAR01898_r,-1.0,-1.0,-1.0,-1.0
MAR01899_r,-1.0,-1.0,-1.0,-1.0
MAR01900_r,-1.0,-1.0,-1.0,-1.0
MAR01901_r,-1.0,-1.0,-1.0,-1.0
MAR01902_r,-1.0,-1.0,-1.0,-1.0
MAR01903_r,-1.0,-1.0,-1.0,-1.0
MAR01904_r,-1.0,-1.0,-1.0,-1.0
MAR01905_r,-1.0,-1.0,-1.0,-1.0
MAR01906_r,-1.0,-1.0,-1.0,-1.0
MAR01907_r,-1.0,-1.0,-1.0,-1.0
MAR01908_r,-1.0,-1.0,-1.0,-1.0
MAR01909_r,-1.0,-1.0,-1.0,-1.0
MAR02013_r,-1.0,-1.0,-1.0,-1.0
MAR03916_r,-1.0,-1.0,-1.0,-1.0
MAR03951_r,-1.0,-1.0,-1.0,-1.0
MAR03959_r,-1.0,-1.0,-1.0,-1.0
MAR04062_r,-1.0,-1.0,-1.0,-1.0
MAR04063_r,-1.0,-1.0,-1.0,-1.0
MAR04249_r,-1.0,-1.0,-1.0,-1.0
MAR04321_r,9.7,9.2,25.6,83.6
MAR04432_r,-1.0,-1.0,-1.0,-1.0
MAR04433_r,-1.0,-1.0,-1.0,-1.0
MAR04434_r,-1.0,-1.0,-1.0,-1.0
MAR04435_r,-1.0,-1.0,-1.0,-1.0
MAR04436_r,-1.0,-1.0,-1.0,-1.0
MAR04844_r,11.7,6.1,175.2,5.5
MAR04847_r,15.6,6.1,0.8,0.4
MAR04848_r,15.6,6.1,0.8,0.4
MAR04849_r,-1.0,-1.0,-1.0,-1.0
MAR04858_r,27.2,12.2,23.0,12.0
MAR04861_r,-1.0,-1.0,-1.0,-1.0
MAR04873_r,-1.0,-1.0,-1.0,-1.0
MAR04875_r,-1.0,-1.0,-1.0,-1.0
MAR04882_r,15.6,6.1,0.8,0.4
MAR04885_r,42.699999999999996,15.4,2.1999999999999997,237.79999999999998
MAR04896_r,-1.0,-1.0,-1.0,-1.0
MAR04919_r,-1.0,-1.0,-1.0,-1.0
MAR04947_r,-1.0,-1.0,-1.0,-1.0
MAR04948_r,-1.0,-1.0,-1.0,-1.0
MAR04949_r,-1.0,-1.0,-1.0,-1.0
MAR04954_r,241.1,24.6,144.1,118.69999999999999
MAR04958_r,-1.0,-1.0,-1.0,-1.0
MAR04969_r,-1.0,-1.0,-1.0,-1.0
MAR04973_r,21.4,6.1,2.4,1.4
MAR04980_r,15.6,6.1,0.8,0.4
MAR04982_r,-1.0,-1.0,-1.0,-1.0
MAR04985_r,15.6,6.1,0.8,0.4
MAR04989_r,-1.0,-1.0,-1.0,-1.0
MAR04990_r,-1.0,-1.0,-1.0,-1.0
MAR04992_r,3.9,3.1,0.6,43.9
MAR04993_r,-1.0,-1.0,-1.0,-1.0
MAR04994_r,-1.0,-1.0,-1.0,-1.0
MAR04999_r,1.9,3.1,53.6,1.7
MAR05000_r,-1.0,-1.0,-1.0,-1.0
MAR05002_r,-1.0,-1.0,-1.0,-1.0
MAR05003_r,23.4,12.2,14.5,1.4
MAR05008_r,23.4,12.2,14.5,1.4
MAR05009_r,-1.0,-1.0,-1.0,-1.0
MAR05010_r,-1.0,-1.0,-1.0,-1.0
MAR05011_r,-1.0,-1.0,-1.0,-1.0
MAR05013_r,-1.0,-1.0,-1.0,-1.0
MAR05023_r,-1.0,-1.0,-1.0,-1.0
MAR05029_r,31.099999999999998,15.299999999999999,28.0,85.0
MAR05032_r,23.4,12.2,14.5,1.4
MAR05034_r,23.4,12.2,14.5,1.4
MAR05035_r,23.4,12.2,14.5,1.4
MAR05037_r,23.4,12.2,14.5,1.4
MAR05042_r,23.4,12.2,14.5,1.4
MAR05070_r,44.7,36.8,3.7,372.0
MAR05074_r,44.7,36.8,3.7,372.0
MAR05078_r,44.7,36.8,3.7,372.0
MAR05080_r,44.7,36.8,3.7,372.0
MAR05082_r,44.7,36.8,3.7,372.0
MAR05085_r,44.7,36.8,3.7,372.0
MAR05089_r,44.7,36.8,3.7,372.0
MAR05092_r,44.7,36.8,3.7,372.0
MAR05198_r,-1.0,-1.0,-1.0,-1.0
MAR05200_r,-1.0,-1.0,-1.0,-1.0
MAR05202_r,-1.0,-1.0,-1.0,-1.0
MAR05206_r,-1.0,-1.0,-1.0,-1.0
MAR05213_r,-1.0,-1.0,-1.0,-1.0
MAR05215_r,-1.0,-1.0,-1.0,-1.0
MAR05216_r,-1.0,-1.0,-1.0,-1.0
MAR05219_r,-1.0,-1.0,-1.0,-1.0
MAR05221_r,-1.0,-1.0,-1.0,-1.0
MAR05231_r,-1.0,-1.0,-1.0,-1.0
MAR05296_r,-1.0,-1.0,-1.0,-1.0
MAR05303_r,-1.0,-1.0,-1.0,-1.0
MAR05441_r,-1.0,-1.0,-1.0,-1.0
MAR05458_r,54.5,24.6,25.9,126.2
MAR05459_r,-1.0,-1.0,-1.0,-1.0
MAR05460_r,54.5,24.6,25.9,126.2
MAR05461_r,-1.0,-1.0,-1.0,-1.0
MAR05462_r,-1.0,-1.0,-1.0,-1.0
MAR05463_r,-1.0,-1.0,-1.0,-1.0
MAR05464_r,-1.0,-1.0,-1.0,-1.0
MAR05465_r,13.6,9.2,1.5,87.8
MAR05466_r,-1.0,-1.0,-1.0,-1.0
MAR05467_r,-1.0,-1.0,-1.0,-1.0
MAR05468_r,-1.0,-1.0,-1.0,-1.0
MAR05469_r,-1.0,-1.0,-1.0,-1.0
MAR05470_r,54.5,24.6,25.9,126.2
MAR05471_r,-1.0,-1.0,-1.0,-1.0
MAR05472_r,-1.0,-1.0,-1.0,-1.0
MAR05473_r,54.5,24.6,25.9,126.2
MAR05474_r,-1.0,-1.0,-1.0,-1.0
MAR05475_r,-1.0,-1.0,-1.0,-1.0
MAR05476_r,-1.0,-1.0,-1.0,-1.0
MAR05477_r,-1.0,-1.0,-1.0,-1.0
MAR05478_r,-1.0,-1.0,-1.0,-1.0
MAR05479_r,-1.0,-1.0,-1.0,-1.0
MAR05480_r,-1.0,-1.0,-1.0,-1.0
MAR05481_r,-1.0,-1.0,-1.0,-1.0
MAR05482_r,-1.0,-1.0,-1.0,-1.0
MAR05483_r,-1.0,-1.0,-1.0,-1.0
MAR05484_r,-1.0,-1.0,-1.0,-1.0
MAR05485_r,-1.0,-1.0,-1.0,-1.0
MAR05486_r,-1.0,-1.0,-1.0,-1.0
MAR05487_r,54.5,24.6,25.9,126.2
MAR05488_r,-1.0,-1.0,-1.0,-1.0
MAR05489_r,-1.0,-1.0,-1.0,-1.0
MAR05490_r,-1.0,-1.0,-1.0,-1.0
MAR05491_r,-1.0,-1.0,-1.0,-1.0
MAR05492_r,109.0,49.2,51.8,252.4
MAR05493_r,-1.0,-1.0,-1.0,-1.0
MAR05494_r,-1.0,-1.0,-1.0,-1.0
MAR05495_r,-1.0,-1.0,-1.0,-1.0
MAR05496_r,-1.0,-1.0,-1.0,-1.0
MAR05497_r,54.5,24.6,25.9,126.2
MAR05498_r,-1.0,-1.0,-1.0,-1.0
MAR05499_r,-1.0,-1.0,-1.0,-1.0
MAR05500_r,-1.0,-1.0,-1.0,-1.0
MAR05501_r,-1.0,-1.0,-1.0,-1.0
MAR05502_r,-1.0,-1.0,-1.0,-1.0
MAR05503_r,-1.0,-1.0,-1.0,-1.0
MAR05504_r,-1.0,-1.0,-1.0,-1.0
MAR05505_r,-1.0,-1.0,-1.0,-1.0
MAR05506_r,-1.0,-1.0,-1.0,-1.0
MAR05507_r,-1.0,-1.0,-1.0,-1.0
MAR05508_r,-1.0,-1.0,-1.0,-1.0
MAR05509_r,-1.0,-1.0,-1.0,-1.0
MAR05510_r,-1.0,-1.0,-1.0,-1.0
MAR05511_r,-1.0,-1.0,-1.0,-1.0
MAR05512_r,-1.0,-1.0,-1.0,-1.0
MAR05513_r,-1.0,-1.0,-1.0,-1.0
MAR05514_r,-1.0,-1.0,-1.0,-1.0
MAR05515_r,-1.0,-1.0,-1.0,-1.0
MAR05516_r,54.5,24.6,25.9,126.2
MAR05517_r,-1.0,-1.0,-1.0,-1.0
MAR05518_r,-1.0,-1.0,-1.0,-1.0
MAR05519_r,-1.0,-1.0,-1.0,-1.0
MAR05520_r,-1.0,-1.0,-1.0,-1.0
MAR05521_r,-1.0,-1.0,-1.0,-1.0
MAR05522_r,-1.0,-1.0,-1.0,-1.0
MAR05523_r,-1.0,-1.0,-1.0,-1.0
MAR05524_r,-1.0,-1.0,-1.0,-1.0
MAR05525_r,-1.0,-1.0,-1.0,-1.0
MAR05526_r,-1.0,-1.0,-1.0,-1.0
MAR05527_r,-1.0,-1.0,-1.0,-1.0
MAR05528_r,-1.0,-1.0,-1.0,-1.0
MAR05529_r,-1.0,-1.0,-1.0,-1.0
MAR05530_r,-1.0,-1.0,-1.0,-1.0
MAR05531_r,-1.0,-1.0,-1.0,-1.0
MAR05532_r,-1.0,-1.0,-1.0,-1.0
MAR05533_r,-1.0,-1.0,-1.0,-1.0
MAR05534_r,-1.0,-1.0,-1.0,-1.0
MAR05535_r,-1.0,-1.0,-1.0,-1.0
MAR05536_r,-1.0,-1.0,-1.0,-1.0
MAR05537_r,-1.0,-1.0,-1.0,-1.0
MAR05538_r,-1.0,-1.0,-1.0,-1.0
MAR05539_r,-1.0,-1.0,-1.0,-1.0
MAR05540_r,-1.0,-1.0,-1.0,-1.0
MAR05541_r,-1.0,-1.0,-1.0,-1.0
MAR05542_r,-1.0,-1.0,-1.0,-1.0
MAR05543_r,-1.0,-1.0,-1.0,-1.0
MAR05544_r,-1.0,-1.0,-1.0,-1.0
MAR05545_r,-1.0,-1.0,-1.0,-1.0
MAR05546_r,-1.0,-1.0,-1.0,-1.0
MAR05547_r,-1.0,-1.0,-1.0,-1.0
MAR05548_r,-1.0,-1.0,-1.0,-1.0
MAR05549_r,-1.0,-1.0,-1.0,-1.0
MAR05551_r,-1.0,-1.0,-1.0,-1.0
MAR05552_r,-1.0,-1.0,-1.0,-1.0
MAR05553_r,-1.0,-1.0,-1.0,-1.0
MAR05554_r,-1.0,-1.0,-1.0,-1.0
MAR05555_r,-1.0,-1.0,-1.0,-1.0
MAR05556_r,-1.0,-1.0,-1.0,-1.0
MAR05557_r,-1.0,-1.0,-1.0,-1.0
MAR05558_r,-1.0,-1.0,-1.0,-1.0
MAR05559_r,-1.0,-1.0,-1.0,-1.0
MAR05560_r,-1.0,-1.0,-1.0,-1.0
MAR05561_r,-1.0,-1.0,-1.0,-1.0
MAR05562_r,-1.0,-1.0,-1.0,-1.0
MAR05563_r,-1.0,-1.0,-1.0,-1.0
MAR05564_r,-1.0,-1.0,-1.0,-1.0
MAR05565_r,-1.0,-1.0,-1.0,-1.0
MAR05566_r,-1.0,-1.0,-1.0,-1.0
MAR05567_r,-1.0,-1.0,-1.0,-1.0
MAR05568_r,-1.0,-1.0,-1.0,-1.0
MAR05569_r,-1.0,-1.0,-1.0,-1.0
MAR05570_r,-1.0,-1.0,-1.0,-1.0
MAR05571_r,-1.0,-1.0,-1.0,-1.0
MAR05572_r,-1.0,-1.0,-1.0,-1.0
MAR05573_r,-1.0,-1.0,-1.0,-1.0
MAR05574_r,-1.0,-1.0,-1.0,-1.0
MAR05575_r,-1.0,-1.0,-1.0,-1.0
MAR05576_r,-1.0,-1.0,-1.0,-1.0
MAR05577_r,-1.0,-1.0,-1.0,-1.0
MAR05578_r,54.5,24.6,25.9,126.2
MAR05579_r,-1.0,-1.0,-1.0,-1.0
MAR05580_r,-1.0,-1.0,-1.0,-1.0
MAR05581_r,-1.0,-1.0,-1.0,-1.0
MAR05582_r,-1.0,-1.0,-1.0,-1.0
MAR05583_r,-1.0,-1.0,-1.0,-1.0
MAR05584_r,-1.0,-1.0,-1.0,-1.0
MAR05585_r,-1.0,-1.0,-1.0,-1.0
MAR05586_r,-1.0,-1.0,-1.0,-1.0
MAR05998_r,118.6,15.299999999999999,10.6,2.4
MAR06000_r,118.6,15.299999999999999,10.6,2.4
MAR06001_r,118.6,15.299999999999999,10.6,2.4
MAR06002_r,118.6,15.299999999999999,10.6,2.4
MAR06003_r,118.6,15.299999999999999,10.6,2.4
MAR06004_r,118.6,15.299999999999999,10.6,2.4
MAR06005_r,118.6,15.299999999999999,10.6,2.4
MAR06006_r,118.6,15.299999999999999,10.6,2.4
MAR06007_r,118.6,15.299999999999999,10.6,2.4
MAR06008_r,118.6,15.299999999999999,10.6,2.4
MAR06009_r,118.6,15.299999999999999,10.6,2.4
MAR06010_r,118.6,15.299999999999999,10.6,2.4
MAR06011_r,118.6,15.299999999999999,10.6,2.4
MAR06012_r,118.6,15.299999999999999,10.6,2.4
MAR06013_r,118.6,15.299999999999999,10.6,2.4
MAR06014_r,118.6,15.299999999999999,10.6,2.4
MAR06015_r,118.6,15.299999999999999,10.6,2.4
MAR06016_r,118.6,15.299999999999999,10.6,2.4
MAR06017_r,118.6,15.299999999999999,10.6,2.4
MAR06018_r,118.6,15.299999999999999,10.6,2.4
MAR06019_r,118.6,15.299999999999999,10.6,2.4
MAR06020_r,118.6,15.299999999999999,10.6,2.4
MAR06021_r,118.6,15.299999999999999,10.6,2.4
MAR06022_r,118.6,15.299999999999999,10.6,2.4
MAR06023_r,118.6,15.299999999999999,10.6,2.4
MAR06024_r,118.6,15.299999999999999,10.6,2.4
MAR06025_r,118.6,15.299999999999999,10.6,2.4
MAR06026_r,118.6,15.299999999999999,10.6,2.4
MAR06027_r,118.6,15.299999999999999,10.6,2.4
MAR06028_r,118.6,15.299999999999999,10.6,2.4
MAR06029_r,118.6,15.299999999999999,10.6,2.4
MAR06030_r,118.6,15.299999999999999,10.6,2.4
MAR06031_r,118.6,15.299999999999999,10.6,2.4
MAR06032_r,118.6,15.299999999999999,10.6,2.4
MAR06033_r,118.6,15.299999999999999,10.6,2.4
MAR06034_r,118.6,15.299999999999999,10.6,2.4
MAR06035_r,118.6,15.299999999999999,10.6,2.4
MAR06036_r,118.6,15.299999999999999,10.6,2.4
MAR06037_r,118.6,15.299999999999999,10.6,2.4
MAR06038_r,118.6,15.299999999999999,10.6,2.4
MAR06039_r,118.6,15.299999999999999,10.6,2.4
MAR06040_r,118.6,15.299999999999999,10.6,2.4
MAR06041_r,118.6,15.299999999999999,10.6,2.4
MAR06042_r,118.6,15.299999999999999,10.6,2.4
MAR06043_r,118.6,15.299999999999999,10.6,2.4
MAR06044_r,118.6,15.299999999999999,10.6,2.4
MAR06045_r,118.6,15.299999999999999,10.6,2.4
MAR06046_r,118.6,15.299999999999999,10.6,2.4
MAR06047_r,118.6,15.299999999999999,10.6,2.4
MAR06048_r,118.6,15.299999999999999,10.6,2.4
MAR06049_r,118.6,15.299999999999999,10.6,2.4
MAR06050_r,118.6,15.299999999999999,10.6,2.4
MAR06051_r,118.6,15.299999999999999,10.6,2.4
MAR06052_r,118.6,15.299999999999999,10.6,2.4
MAR06053_r,118.6,15.299999999999999,10.6,2.4
MAR06054_r,118.6,15.299999999999999,10.6,2.4
MAR06055_r,42.8,3.1,1.9,0.3
MAR06056_r,-1.0,-1.0,-1.0,-1.0
MAR06060_r,-1.0,-1.0,-1.0,-1.0
MAR06061_r,-1.0,-1.0,-1.0,-1.0
MAR06062_r,-1.0,-1.0,-1.0,-1.0
MAR06063_r,-1.0,-1.0,-1.0,-1.0
MAR06064_r,-1.0,-1.0,-1.0,-1.0
MAR06065_r,-1.0,-1.0,-1.0,-1.0
MAR06066_r,-1.0,-1.0,-1.0,-1.0
MAR06067_r,-1.0,-1.0,-1.0,-1.0
MAR06068_r,-1.0,-1.0,-1.0,-1.0
MAR06069_r,-1.0,-1.0,-1.0,-1.0
MAR06070_r,-1.0,-1.0,-1.0,-1.0
MAR06071_r,-1.0,-1.0,-1.0,-1.0
MAR06072_r,-1.0,-1.0,-1.0,-1.0
MAR06073_r,-1.0,-1.0,-1.0,-1.0
MAR06074_r,-1.0,-1.0,-1.0,-1.0
MAR06075_r,-1.0,-1.0,-1.0,-1.0
MAR06076_r,-1.0,-1.0,-1.0,-1.0
MAR06077_r,-1.0,-1.0,-1.0,-1.0
MAR06078_r,-1.0,-1.0,-1.0,-1.0
MAR06079_r,-1.0,-1.0,-1.0,-1.0
MAR06080_r,-1.0,-1.0,-1.0,-1.0
MAR06081_r,-1.0,-1.0,-1.0,-1.0
MAR06082_r,-1.0,-1.0,-1.0,-1.0
MAR06083_r,-1.0,-1.0,-1.0,-1.0
MAR06084_r,-1.0,-1.0,-1.0,-1.0
MAR06085_r,-1.0,-1.0,-1.0,-1.0
MAR06086_r,-1.0,-1.0,-1.0,-1.0
MAR06087_r,-1.0,-1.0,-1.0,-1.0
MAR06088_r,-1.0,-1.0,-1.0,-1.0
MAR06089_r,-1.0,-1.0,-1.0,-1.0
MAR06090_r,-1.0,-1.0,-1.0,-1.0
MAR06091_r,-1.0,-1.0,-1.0,-1.0
MAR06092_r,-1.0,-1.0,-1.0,-1.0
MAR06093_r,-1.0,-1.0,-1.0,-1.0
MAR06094_r,-1.0,-1.0,-1.0,-1.0
MAR06095_r,-1.0,-1.0,-1.0,-1.0
MAR06097_r,-1.0,-1.0,-1.0,-1.0
MAR06099_r,-1.0,-1.0,-1.0,-1.0
MAR06100_r,-1.0,-1.0,-1.0,-1.0
MAR06102_r,-1.0,-1.0,-1.0,-1.0
MAR06103_r,-1.0,-1.0,-1.0,-1.0
MAR06104_r,-1.0,-1.0,-1.0,-1.0
MAR06105_r,-1.0,-1.0,-1.0,-1.0
MAR06106_r,-1.0,-1.0,-1.0,-1.0
MAR06107_r,-1.0,-1.0,-1.0,-1.0
MAR06108_r,-1.0,-1.0,-1.0,-1.0
MAR06109_r,-1.0,-1.0,-1.0,-1.0
MAR06110_r,-1.0,-1.0,-1.0,-1.0
MAR06111_r,-1.0,-1.0,-1.0,-1.0
MAR06112_r,-1.0,-1.0,-1.0,-1.0
MAR06113_r,-1.0,-1.0,-1.0,-1.0
MAR06114_r,-1.0,-1.0,-1.0,-1.0
MAR06115_r,-1.0,-1.0,-1.0,-1.0
MAR06116_r,-1.0,-1.0,-1.0,-1.0
MAR06117_r,-1.0,-1.0,-1.0,-1.0
MAR06118_r,-1.0,-1.0,-1.0,-1.0
MAR06119_r,-1.0,-1.0,-1.0,-1.0
MAR06120_r,-1.0,-1.0,-1.0,-1.0
MAR06121_r,-1.0,-1.0,-1.0,-1.0
MAR06122_r,-1.0,-1.0,-1.0,-1.0
MAR06123_r,-1.0,-1.0,-1.0,-1.0
MAR06124_r,-1.0,-1.0,-1.0,-1.0
MAR06125_r,-1.0,-1.0,-1.0,-1.0
MAR06126_r,-1.0,-1.0,-1.0,-1.0
MAR06127_r,-1.0,-1.0,-1.0,-1.0
MAR06128_r,-1.0,-1.0,-1.0,-1.0
MAR06130_r,-1.0,-1.0,-1.0,-1.0
MAR06131_r,-1.0,-1.0,-1.0,-1.0
MAR06132_r,-1.0,-1.0,-1.0,-1.0
MAR06133_r,-1.0,-1.0,-1.0,-1.0
MAR06134_r,-1.0,-1.0,-1.0,-1.0
MAR06135_r,-1.0,-1.0,-1.0,-1.0
MAR06136_r,-1.0,-1.0,-1.0,-1.0
MAR06137_r,-1.0,-1.0,-1.0,-1.0
MAR06138_r,-1.0,-1.0,-1.0,-1.0
MAR06139_r,-1.0,-1.0,-1.0,-1.0
MAR06140_r,-1.0,-1.0,-1.0,-1.0
MAR06141_r,-1.0,-1.0,-1.0,-1.0
MAR06145_r,-1.0,-1.0,-1.0,-1.0
MAR06146_r,-1.0,-1.0,-1.0,-1.0
MAR06147_r,-1.0,-1.0,-1.0,-1.0
MAR06148_r,-1.0,-1.0,-1.0,-1.0
MAR06149_r,-1.0,-1.0,-1.0,-1.0
MAR06150_r,-1.0,-1.0,-1.0,-1.0
MAR06151_r,-1.0,-1.0,-1.0,-1.0
MAR06152_r,-1.0,-1.0,-1.0,-1.0
MAR06153_r,-1.0,-1.0,-1.0,-1.0
MAR06154_r,-1.0,-1.0,-1.0,-1.0
MAR06155_r,-1.0,-1.0,-1.0,-1.0
MAR06156_r,-1.0,-1.0,-1.0,-1.0
MAR06157_r,-1.0,-1.0,-1.0,-1.0
MAR06158_r,-1.0,-1.0,-1.0,-1.0
MAR06159_r,-1.0,-1.0,-1.0,-1.0
MAR06160_r,-1.0,-1.0,-1.0,-1.0
MAR06161_r,-1.0,-1.0,-1.0,-1.0
MAR06162_r,-1.0,-1.0,-1.0,-1.0
MAR06163_r,-1.0,-1.0,-1.0,-1.0
MAR06164_r,-1.0,-1.0,-1.0,-1.0
MAR06165_r,-1.0,-1.0,-1.0,-1.0
MAR06166_r,-1.0,-1.0,-1.0,-1.0
MAR06167_r,-1.0,-1.0,-1.0,-1.0
MAR06168_r,-1.0,-1.0,-1.0,-1.0
MAR06169_r,-1.0,-1.0,-1.0,-1.0
MAR06170_r,-1.0,-1.0,-1.0,-1.0
MAR06171_r,-1.0,-1.0,-1.0,-1.0
MAR06172_r,-1.0,-1.0,-1.0,-1.0
MAR06173_r,-1.0,-1.0,-1.0,-1.0
MAR06174_r,-1.0,-1.0,-1.0,-1.0
MAR06175_r,-1.0,-1.0,-1.0,-1.0
MAR06176_r,-1.0,-1.0,-1.0,-1.0
MAR06177_r,-1.0,-1.0,-1.0,-1.0
MAR06178_r,-1.0,-1.0,-1.0,-1.0
MAR06179_r,-1.0,-1.0,-1.0,-1.0
MAR06180_r,-1.0,-1.0,-1.0,-1.0
MAR06181_r,-1.0,-1.0,-1.0,-1.0
MAR06182_r,-1.0,-1.0,-1.0,-1.0
MAR06183_r,-1.0,-1.0,-1.0,-1.0
MAR06184_r,-1.0,-1.0,-1.0,-1.0
MAR06185_r,-1.0,-1.0,-1.0,-1.0
MAR06186_r,-1.0,-1.0,-1.0,-1.0
MAR06187_r,-1.0,-1.0,-1.0,-1.0
MAR06188_r,-1.0,-1.0,-1.0,-1.0
MAR06189_r,-1.0,-1.0,-1.0,-1.0
MAR06190_r,-1.0,-1.0,-1.0,-1.0
MAR06191_r,-1.0,-1.0,-1.0,-1.0
MAR06192_r,-1.0,-1.0,-1.0,-1.0
MAR06193_r,-1.0,-1.0,-1.0,-1.0
MAR06194_r,-1.0,-1.0,-1.0,-1.0
MAR06195_r,-1.0,-1.0,-1.0,-1.0
MAR06196_r,-1.0,-1.0,-1.0,-1.0
MAR06197_r,-1.0,-1.0,-1.0,-1.0
MAR06198_r,-1.0,-1.0,-1.0,-1.0
MAR06199_r,-1.0,-1.0,-1.0,-1.0
MAR06200_r,-1.0,-1.0,-1.0,-1.0
MAR06201_r,-1.0,-1.0,-1.0,-1.0
MAR06202_r,-1.0,-1.0,-1.0,-1.0
MAR06203_r,-1.0,-1.0,-1.0,-1.0
MAR06204_r,-1.0,-1.0,-1.0,-1.0
MAR06205_r,-1.0,-1.0,-1.0,-1.0
MAR06206_r,-1.0,-1.0,-1.0,-1.0
MAR06207_r,-1.0,-1.0,-1.0,-1.0
MAR06208_r,-1.0,-1.0,-1.0,-1.0
MAR06209_r,-1.0,-1.0,-1.0,-1.0
MAR06210_r,-1.0,-1.0,-1.0,-1.0
MAR06211_r,-1.0,-1.0,-1.0,-1.0
MAR06212_r,-1.0,-1.0,-1.0,-1.0
MAR06213_r,-1.0,-1.0,-1.0,-1.0
MAR06214_r,-1.0,-1.0,-1.0,-1.0
MAR06215_r,-1.0,-1.0,-1.0,-1.0
MAR06216_r,-1.0,-1.0,-1.0,-1.0
MAR06217_r,-1.0,-1.0,-1.0,-1.0
MAR06218_r,-1.0,-1.0,-1.0,-1.0
MAR06219_r,-1.0,-1.0,-1.0,-1.0
MAR06221_r,-1.0,-1.0,-1.0,-1.0
MAR06222_r,-1.0,-1.0,-1.0,-1.0
MAR06223_r,-1.0,-1.0,-1.0,-1.0
MAR06224_r,-1.0,-1.0,-1.0,-1.0
MAR06225_r,-1.0,-1.0,-1.0,-1.0
MAR06226_r,-1.0,-1.0,-1.0,-1.0
MAR06227_r,-1.0,-1.0,-1.0,-1.0
MAR06228_r,-1.0,-1.0,-1.0,-1.0
MAR06229_r,-1.0,-1.0,-1.0,-1.0
MAR06230_r,-1.0,-1.0,-1.0,-1.0
MAR06231_r,-1.0,-1.0,-1.0,-1.0
MAR06232_r,-1.0,-1.0,-1.0,-1.0
MAR06233_r,-1.0,-1.0,-1.0,-1.0
MAR06234_r,-1.0,-1.0,-1.0,-1.0
MAR06235_r,-1.0,-1.0,-1.0,-1.0
MAR06236_r,-1.0,-1.0,-1.0,-1.0
MAR06237_r,-1.0,-1.0,-1.0,-1.0
MAR06238_r,-1.0,-1.0,-1.0,-1.0
MAR06239_r,-1.0,-1.0,-1.0,-1.0
MAR06240_r,-1.0,-1.0,-1.0,-1.0
MAR06241_r,1.9,3.1,53.6,1.7
MAR06243_r,1.9,3.1,53.6,1.7
MAR06245_r,1.9,3.1,53.6,1.7
MAR06250_r,-1.0,-1.0,-1.0,-1.0
MAR06251_r,-1.0,-1.0,-1.0,-1.0
MAR06253_r,-1.0,-1.0,-1.0,-1.0
MAR06254_r,-1.0,-1.0,-1.0,-1.0
MAR06255_r,-1.0,-1.0,-1.0,-1.0
MAR06256_r,-1.0,-1.0,-1.0,-1.0
MAR06257_r,-1.0,-1.0,-1.0,-1.0
MAR06258_r,-1.0,-1.0,-1.0,-1.0
MAR06259_r,-1.0,-1.0,-1.0,-1.0
MAR06260_r,-1.0,-1.0,-1.0,-1.0
MAR06261_r,-1.0,-1.0,-1.0,-1.0
MAR06262_r,-1.0,-1.0,-1.0,-1.0
MAR06263_r,-1.0,-1.0,-1.0,-1.0
MAR06264_r,-1.0,-1.0,-1.0,-1.0
MAR06265_r,-1.0,-1.0,-1.0,-1.0
MAR06267_r,-1.0,-1.0,-1.0,-1.0
MAR06269_r,-1.0,-1.0,-1.0,-1.0
MAR06270_r,-1.0,-1.0,-1.0,-1.0
MAR06271_r,-1.0,-1.0,-1.0,-1.0
MAR06272_r,-1.0,-1.0,-1.0,-1.0
MAR06273_r,-1.0,-1.0,-1.0,-1.0
MAR06274_r,-1.0,-1.0,-1.0,-1.0
MAR06366_r,23.4,12.2,14.5,1.4
MAR06367_r,23.4,12.2,14.5,1.4
MAR06368_r,23.4,12.2,14.5,1.4
MAR06380_r,-1.0,-1.0,-1.0,-1.0
MAR06424_r,-1.0,-1.0,-1.0,-1.0
MAR06462_r,-1.0,-1.0,-1.0,-1.0
MAR06474_r,3.9,6.1,148.8,2.7
MAR06505_r,-1.0,-1.0,-1.0,-1.0
MAR06512_r,363.8,796.1000000000001,445.2,1027.9
MAR06514_r,-1.0,-1.0,-1.0,-1.0
MAR06516_r,-1.0,-1.0,-1.0,-1.0
MAR06732_r,1.9,3.1,53.6,1.7
MAR06991_r,-1.0,-1.0,-1.0,-1.0
MAR07173_r,-1.0,-1.0,-1.0,-1.0
MAR07184_r,-1.0,-1.0,-1.0,-1.0
MAR07253_r,-1.0,-1.0,-1.0,-1.0
MAR07583_r,-1.0,-1.0,-1.0,-1.0
MAR07608_r,-1.0,-1.0,-1.0,-1.0
MAR07609_r,-1.0,-1.0,-1.0,-1.0
MAR07643_r,54.5,24.6,25.9,126.2
MAR07644_r,54.5,24.6,25.9,126.2
MAR07660_r,-1.0,-1.0,-1.0,-1.0
MAR07682_r,-1.0,-1.0,-1.0,-1.0
MAR07683_r,-1.0,-1.0,-1.0,-1.0
MAR07684_r,-1.0,-1.0,-1.0,-1.0
MAR07685_r,-1.0,-1.0,-1.0,-1.0
MAR07686_r,-1.0,-1.0,-1.0,-1.0
MAR07690_r,-1.0,-1.0,-1.0,-1.0
MAR07735_r,-1.0,-1.0,-1.0,-1.0
MAR07798_r,-1.0,-1.0,-1.0,-1.0
MAR07896_r,-1.0,-1.0,-1.0,-1.0
MAR07898_r,-1.0,-1.0,-1.0,-1.0
MAR07900_r,-1.0,-1.0,-1.0,-1.0
MAR07901_r,-1.0,-1.0,-1.0,-1.0
MAR07903_r,-1.0,-1.0,-1.0,-1.0
MAR07905_r,-1.0,-1.0,-1.0,-1.0
MAR07906_r,-1.0,-1.0,-1.0,-1.0
MAR07951_r,-1.0,-1.0,-1.0,-1.0
MAR07961_r,-1.0,-1.0,-1.0,-1.0
MAR07975_r,-1.0,-1.0,-1.0,-1.0
MAR07977_r,-1.0,-1.0,-1.0,-1.0
MAR07979_r,-1.0,-1.0,-1.0,-1.0
MAR07994_r,-1.0,-1.0,-1.0,-1.0
MAR07997_r,-1.0,-1.0,-1.0,-1.0
MAR08010_r,-1.0,-1.0,-1.0,-1.0
MAR08023_r,-1.0,-1.0,-1.0,-1.0
MAR08031_r,-1.0,-1.0,-1.0,-1.0
MAR08033_r,-1.0,-1.0,-1.0,-1.0
MAR08035_r,-1.0,-1.0,-1.0,-1.0
MAR08039_r,-1.0,-1.0,-1.0,-1.0
MAR08041_r,-1.0,-1.0,-1.0,-1.0
MAR08042_r,-1.0,-1.0,-1.0,-1.0
MAR08044_r,-1.0,-1.0,-1.0,-1.0
MAR08045_r,-1.0,-1.0,-1.0,-1.0
MAR08047_r,-1.0,-1.0,-1.0,-1.0
MAR08048_r,-1.0,-1.0,-1.0,-1.0
MAR08050_r,-1.0,-1.0,-1.0,-1.0
MAR08051_r,-1.0,-1.0,-1.0,-1.0
MAR08053_r,-1.0,-1.0,-1.0,-1.0
MAR08054_r,-1.0,-1.0,-1.0,-1.0
MAR08056_r,-1.0,-1.0,-1.0,-1.0
MAR08057_r,-1.0,-1.0,-1.0,-1.0
MAR08061_r,-1.0,-1.0,-1.0,-1.0
MAR08073_r,-1.0,-1.0,-1.0,-1.0
MAR08079_r,-1.0,-1.0,-1.0,-1.0
MAR08080_r,-1.0,-1.0,-1.0,-1.0
MAR08081_r,-1.0,-1.0,-1.0,-1.0
MAR08100_r,-1.0,-1.0,-1.0,-1.0
MAR08101_r,-1.0,-1.0,-1.0,-1.0
MAR08104_r,-1.0,-1.0,-1.0,-1.0
MAR08154_r,-1.0,-1.0,-1.0,-1.0
MAR08158_r,-1.0,-1.0,-1.0,-1.0
MAR08161_r,-1.0,-1.0,-1.0,-1.0
MAR08164_r,-1.0,-1.0,-1.0,-1.0
MAR08214_r,-1.0,-1.0,-1.0,-1.0
MAR08223_r,-1.0,-1.0,-1.0,-1.0
MAR08225_r,-1.0,-1.0,-1.0,-1.0
MAR08229_r,-1.0,-1.0,-1.0,-1.0
MAR08231_r,-1.0,-1.0,-1.0,-1.0
MAR08240_r,-1.0,-1.0,-1.0,-1.0
MAR08247_r,-1.0,-1.0,-1.0,-1.0
MAR08253_r,-1.0,-1.0,-1.0,-1.0
MAR08266_r,-1.0,-1.0,-1.0,-1.0
MAR08270_r,-1.0,-1.0,-1.0,-1.0
MAR08273_r,-1.0,-1.0,-1.0,-1.0
MAR08283_r,-1.0,-1.0,-1.0,-1.0
MAR08290_r,-1.0,-1.0,-1.0,-1.0
MAR08297_r,-1.0,-1.0,-1.0,-1.0
MAR08300_r,-1.0,-1.0,-1.0,-1.0
MAR08304_r,-1.0,-1.0,-1.0,-1.0
MAR08311_r,-1.0,-1.0,-1.0,-1.0
MAR08313_r,-1.0,-1.0,-1.0,-1.0
MAR08315_r,-1.0,-1.0,-1.0,-1.0
MAR08321_r,-1.0,-1.0,-1.0,-1.0
MAR08324_r,-1.0,-1.0,-1.0,-1.0
MAR08329_r,-1.0,-1.0,-1.0,-1.0
MAR08336_r,-1.0,-1.0,-1.0,-1.0
MAR08339_r,-1.0,-1.0,-1.0,-1.0
MAR08340_r,-1.0,-1.0,-1.0,-1.0
MAR08374_r,-1.0,-1.0,-1.0,-1.0
MAR08408_r,-1.0,-1.0,-1.0,-1.0
MAR08420_r,-1.0,-1.0,-1.0,-1.0
MAR08520_r,-1.0,-1.0,-1.0,-1.0
MAR08567_r,-1.0,-1.0,-1.0,-1.0
MAR08586_r,-1.0,-1.0,-1.0,-1.0
MAR08593_r,-1.0,-1.0,-1.0,-1.0
MAR08595_r,-1.0,-1.0,-1.0,-1.0
MAR08597_r,-1.0,-1.0,-1.0,-1.0
MAR08599_r,-1.0,-1.0,-1.0,-1.0
MAR08600_r,-1.0,-1.0,-1.0,-1.0
MAR08602_r,-1.0,-1.0,-1.0,-1.0
MAR08618_r,-1.0,-1.0,-1.0,-1.0
MAR08636_r,15.6,6.1,0.8,0.4
MAR08676_r,-1.0,-1.0,-1.0,-1.0
MAR08678_r,-1.0,-1.0,-1.0,-1.0
MAR08679_r,-1.0,-1.0,-1.0,-1.0
MAR08696_r,-1.0,-1.0,-1.0,-1.0
MAR08721_r,-1.0,-1.0,-1.0,-1.0
MAR08733_r,54.5,24.6,25.9,126.2
MAR08734_r,54.5,24.6,25.9,126.2
MAR08797_r,-1.0,-1.0,-1.0,-1.0
MAR08798_r,-1.0,-1.0,-1.0,-1.0
MAR08846_r,21.4,6.1,2.4,1.4
MAR08852_r,-1.0,-1.0,-1.0,-1.0
MAR08854_r,-1.0,-1.0,-1.0,-1.0
MAR08861_r,-1.0,-1.0,-1.0,-1.0
MAR08863_r,-1.0,-1.0,-1.0,-1.0
MAR08864_r,-1.0,-1.0,-1.0,-1.0
MAR08865_r,-1.0,-1.0,-1.0,-1.0
MAR08866_r,-1.0,-1.0,-1.0,-1.0
MAR08867_r,-1.0,-1.0,-1.0,-1.0
MAR08869_r,-1.0,-1.0,-1.0,-1.0
MAR08870_r,-1.0,-1.0,-1.0,-1.0
MAR08873_r,-1.0,-1.0,-1.0,-1.0
MAR08878_r,-1.0,-1.0,-1.0,-1.0
MAR08881_r,-1.0,-1.0,-1.0,-1.0
MAR08883_r,-1.0,-1.0,-1.0,-1.0
MAR08896_r,-1.0,-1.0,-1.0,-1.0
MAR08898_r,-1.0,-1.0,-1.0,-1.0
MAR08899_r,-1.0,-1.0,-1.0,-1.0
MAR08901_r,-1.0,-1.0,-1.0,-1.0
MAR08903_r,-1.0,-1.0,-1.0,-1.0
MAR08905_r,-1.0,-1.0,-1.0,-1.0
MAR08907_r,-1.0,-1.0,-1.0,-1.0
MAR08927_r,-1.0,-1.0,-1.0,-1.0
MAR08931_r,-1.0,-1.0,-1.0,-1.0
MAR09173_r,-1.0,-1.0,-1.0,-1.0
MAR09175_r,-1.0,-1.0,-1.0,-1.0
MAR09176_r,-1.0,-1.0,-1.0,-1.0
MAR09178_r,-1.0,-1.0,-1.0,-1.0
MAR09180_r,-1.0,-1.0,-1.0,-1.0
MAR09182_r,-1.0,-1.0,-1.0,-1.0
MAR09183_r,-1.0,-1.0,-1.0,-1.0
MAR09184_r,-1.0,-1.0,-1.0,-1.0
MAR09185_r,-1.0,-1.0,-1.0,-1.0
MAR09187_r,-1.0,-1.0,-1.0,-1.0
MAR09188_r,-1.0,-1.0,-1.0,-1.0
MAR09189_r,-1.0,-1.0,-1.0,-1.0
MAR09192_r,-1.0,-1.0,-1.0,-1.0
MAR09193_r,-1.0,-1.0,-1.0,-1.0
MAR09195_r,-1.0,-1.0,-1.0,-1.0
MAR09618_r,-1.0,-1.0,-1.0,-1.0
MAR09635_r,-1.0,-1.0,-1.0,-1.0
MAR09637_r,-1.0,-1.0,-1.0,-1.0
MAR09638_r,-1.0,-1.0,-1.0,-1.0
MAR09639_r,-1.0,-1.0,-1.0,-1.0
MAR09640_r,-1.0,-1.0,-1.0,-1.0
MAR09641_r,-1.0,-1.0,-1.0,-1.0
MAR09642_r,-1.0,-1.0,-1.0,-1.0
MAR09643_r,-1.0,-1.0,-1.0,-1.0
MAR09644_r,-1.0,-1.0,-1.0,-1.0
MAR09645_r,-1.0,-1.0,-1.0,-1.0
MAR09646_r,-1.0,-1.0,-1.0,-1.0
MAR09647_r,-1.0,-1.0,-1.0,-1.0
MAR09648_r,-1.0,-1.0,-1.0,-1.0
MAR09649_r,-1.0,-1.0,-1.0,-1.0
MAR09650_r,-1.0,-1.0,-1.0,-1.0
MAR09651_r,-1.0,-1.0,-1.0,-1.0
MAR09653_r,-1.0,-1.0,-1.0,-1.0
MAR09654_r,-1.0,-1.0,-1.0,-1.0
MAR09655_r,-1.0,-1.0,-1.0,-1.0
MAR09656_r,-1.0,-1.0,-1.0,-1.0
MAR09657_r,-1.0,-1.0,-1.0,-1.0
MAR09658_r,-1.0,-1.0,-1.0,-1.0
MAR09659_r,-1.0,-1.0,-1.0,-1.0
MAR09660_r,-1.0,-1.0,-1.0,-1.0
MAR09661_r,-1.0,-1.0,-1.0,-1.0
MAR09662_r,-1.0,-1.0,-1.0,-1.0
MAR09663_r,-1.0,-1.0,-1.0,-1.0
MAR09728_r,-1.0,-1.0,-1.0,-1.0
MAR09731_r,-1.0,-1.0,-1.0,-1.0
MAR04312_r,278.09999999999997,568.5,371.59999999999997,637.2
MAR08022_r,-1.0,-1.0,-1.0,-1.0
MAR00158_r,128.4,58.30000000000001,284.3,137.2
MAR00166_r,-1.0,-1.0,-1.0,-1.0
MAR00169_r,289.8,1204.8,2797.5,2856.1
MAR00172_r,-1.0,-1.0,-1.0,-1.0
MAR00175_r,-1.0,-1.0,-1.0,-1.0
MAR00178_r,-1.0,-1.0,-1.0,-1.0
MAR00182_r,-1.0,-1.0,-1.0,-1.0
MAR00185_r,-1.0,-1.0,-1.0,-1.0
MAR00446_r,-1.0,-1.0,-1.0,-1.0
MAR00587_r,-1.0,-1.0,-1.0,-1.0
MAR00962_r,-1.0,-1.0,-1.0,-1.0
MAR01145_r,-1.0,-1.0,-1.0,-1.0
MAR01173_r,-1.0,-1.0,-1.0,-1.0
MAR01187_r,-1.0,-1.0,-1.0,-1.0
MAR01215_r,-1.0,-1.0,-1.0,-1.0
MAR01243_r,-1.0,-1.0,-1.0,-1.0
MAR01284_r,-1.0,-1.0,-1.0,-1.0
MAR01572_r,-1.0,-1.0,-1.0,-1.0
MAR01602_r,-1.0,-1.0,-1.0,-1.0
MAR01915_r,-1.0,-1.0,-1.0,-1.0
MAR01925_r,-1.0,-1.0,-1.0,-1.0
MAR01936_r,-1.0,-1.0,-1.0,-1.0
MAR01997_r,-1.0,-1.0,-1.0,-1.0
MAR02065_r,-1.0,-1.0,-1.0,-1.0
MAR02080_r,-1.0,-1.0,-1.0,-1.0
MAR02105_r,-1.0,-1.0,-1.0,-1.0
MAR02127_r,-1.0,-1.0,-1.0,-1.0
MAR03746_r,-1.0,-1.0,-1.0,-1.0
MAR03762_r,-1.0,-1.0,-1.0,-1.0
MAR03789_r,-1.0,-1.0,-1.0,-1.0
MAR03818_r,-1.0,-1.0,-1.0,-1.0
MAR03863_r,27.299999999999997,49.199999999999996,153.2,83.3
MAR03921_r,-1.0,-1.0,-1.0,-1.0
MAR03946_r,-1.0,-1.0,-1.0,-1.0
MAR03950_r,-1.0,-1.0,-1.0,-1.0
MAR03952_r,-1.0,-1.0,-1.0,-1.0
MAR04237_r,-1.0,-1.0,-1.0,-1.0
MAR04266_r,-1.0,-1.0,-1.0,-1.0
MAR04367_r,-1.0,-1.0,-1.0,-1.0
MAR04692_r,-1.0,-1.0,-1.0,-1.0
MAR04720_r,-1.0,-1.0,-1.0,-1.0
MAR04729_r,-1.0,-1.0,-1.0,-1.0
MAR04738_r,-1.0,-1.0,-1.0,-1.0
MAR04743_r,-1.0,-1.0,-1.0,-1.0
MAR04756_r,-1.0,-1.0,-1.0,-1.0
MAR04760_r,-1.0,-1.0,-1.0,-1.0
MAR04843_r,107.0,6.1,0.1,0.7
MAR04851_r,9.7,15.4,34.8,67.5
MAR04852_r,58.3,156.7,67.9,190.1
MAR04854_r,9.7,15.4,34.8,67.5
MAR04855_r,58.3,156.7,67.9,190.1
MAR04863_r,9.7,15.4,34.8,67.5
MAR04864_r,9.7,15.4,34.8,67.5
MAR04867_r,9.7,15.4,34.8,67.5
MAR04868_r,9.7,15.4,34.8,67.5
MAR04871_r,9.7,15.4,34.8,67.5
MAR04872_r,9.7,15.4,34.8,67.5
MAR04874_r,-1.0,-1.0,-1.0,-1.0
MAR04888_r,-1.0,-1.0,-1.0,-1.0
MAR04898_r,-1.0,-1.0,-1.0,-1.0
MAR04914_r,21.4,15.299999999999999,87.0,54.0
MAR04922_r,-1.0,-1.0,-1.0,-1.0
MAR04944_r,-1.0,-1.0,-1.0,-1.0
MAR04951_r,-1.0,-1.0,-1.0,-1.0
MAR04953_r,-1.0,-1.0,-1.0,-1.0
MAR04959_r,-1.0,-1.0,-1.0,-1.0
MAR04971_r,33.1,30.7,199.4,107.5
MAR04972_r,33.1,30.7,199.4,107.5
MAR05022_r,17.5,24.6,10.8,0.4
MAR05031_r,7.8,6.1,13.7,1.0
MAR05033_r,7.8,6.1,13.7,1.0
MAR05046_r,15.6,3.1,12.9,9.4
MAR05124_r,29.2,21.5,26.5,30.7
MAR05227_r,-1.0,-1.0,-1.0,-1.0
MAR05292_r,21.4,24.6,2.1,78.4
MAR05304_r,-1.0,-1.0,-1.0,-1.0
MAR05361_r,-1.0,-1.0,-1.0,-1.0
MAR05411_r,-1.0,-1.0,-1.0,-1.0
MAR05426_r,-1.0,-1.0,-1.0,-1.0
MAR06276_r,33.1,30.7,199.4,107.5
MAR06277_r,33.1,30.7,199.4,107.5
MAR06297_r,33.1,30.7,199.4,107.5
MAR06298_r,33.1,30.7,199.4,107.5
MAR06328_r,597.1,3596.0,653.2,2862.2
MAR06391_r,58.3,156.7,67.9,190.1
MAR06438_r,-1.0,-1.0,-1.0,-1.0
MAR06513_r,-1.0,-1.0,-1.0,-1.0
MAR06517_r,-1.0,-1.0,-1.0,-1.0
MAR06521_r,9.7,15.4,34.8,67.5
MAR06522_r,9.7,15.4,34.8,67.5
MAR06781_r,-1.0,-1.0,-1.0,-1.0
MAR06890_r,-1.0,-1.0,-1.0,-1.0
MAR06902_r,-1.0,-1.0,-1.0,-1.0
MAR07708_r,-1.0,-1.0,-1.0,-1.0
MAR07719_r,7.8,6.1,13.7,1.0
MAR07723_r,7.8,6.1,13.7,1.0
MAR07769_r,17.5,30.7,40.9,55.8
MAR07804_r,7.8,3.1,2.8,6.3
MAR07806_r,7.8,3.1,2.8,6.3
MAR07808_r,7.8,3.1,2.8,6.3
MAR07810_r,7.8,3.1,2.8,6.3
MAR07812_r,7.8,3.1,2.8,6.3
MAR07814_r,7.8,3.1,2.8,6.3
MAR07818_r,7.8,3.1,2.8,6.3
MAR07820_r,7.8,3.1,2.8,6.3
MAR07822_r,7.8,3.1,2.8,6.3
MAR07824_r,7.8,3.1,2.8,6.3
MAR07897_r,-1.0,-1.0,-1.0,-1.0
MAR07899_r,-1.0,-1.0,-1.0,-1.0
MAR07995_r,-1.0,-1.0,-1.0,-1.0
MAR07998_r,-1.0,-1.0,-1.0,-1.0
MAR08009_r,-1.0,-1.0,-1.0,-1.0
MAR08356_r,-1.0,-1.0,-1.0,-1.0
MAR08411_r,-1.0,-1.0,-1.0,-1.0
MAR08438_r,-1.0,-1.0,-1.0,-1.0
MAR08475_r,23.4,12.2,14.5,1.4
MAR08505_r,-1.0,-1.0,-1.0,-1.0
MAR08510_r,-1.0,-1.0,-1.0,-1.0
MAR08513_r,-1.0,-1.0,-1.0,-1.0
MAR08528_r,-1.0,-1.0,-1.0,-1.0
MAR08532_r,-1.0,-1.0,-1.0,-1.0
MAR08562_r,-1.0,-1.0,-1.0,-1.0
MAR08657_r,-1.0,-1.0,-1.0,-1.0
MAR08680_r,-1.0,-1.0,-1.0,-1.0
MAR08731_r,-1.0,-1.0,-1.0,-1.0
MAR08741_r,9.7,15.4,34.8,67.5
MAR08742_r,9.7,15.4,34.8,67.5
MAR08745_r,-1.0,-1.0,-1.0,-1.0
MAR08776_r,-1.0,-1.0,-1.0,-1.0
MAR08785_r,-1.0,-1.0,-1.0,-1.0
MAR08890_r,-1.0,-1.0,-1.0,-1.0
MAR08910_r,7.8,6.1,13.7,1.0
MAR09174_r,-1.0,-1.0,-1.0,-1.0
MAR09194_r,-1.0,-1.0,-1.0,-1.0
MAR09675_r,-1.0,-1.0,-1.0,-1.0
MAR09676_r,-1.0,-1.0,-1.0,-1.0
MAR09677_r,-1.0,-1.0,-1.0,-1.0
MAR01104_r,-1.0,-1.0,-1.0,-1.0
MAR01135_r,-1.0,-1.0,-1.0,-1.0
MAR01144_r,-1.0,-1.0,-1.0,-1.0
MAR01172_r,-1.0,-1.0,-1.0,-1.0
MAR01188_r,-1.0,-1.0,-1.0,-1.0
MAR01214_r,-1.0,-1.0,-1.0,-1.0
MAR01242_r,-1.0,-1.0,-1.0,-1.0
MAR01283_r,-1.0,-1.0,-1.0,-1.0
MAR01443_r,-1.0,-1.0,-1.0,-1.0
MAR02067_r,-1.0,-1.0,-1.0,-1.0
MAR02082_r,-1.0,-1.0,-1.0,-1.0
MAR02093_r,-1.0,-1.0,-1.0,-1.0
MAR02104_r,-1.0,-1.0,-1.0,-1.0
MAR02407_r,-1.0,-1.0,-1.0,-1.0
MAR02509_r,-1.0,-1.0,-1.0,-1.0
MAR02547_r,-1.0,-1.0,-1.0,-1.0
MAR02575_r,-1.0,-1.0,-1.0,-1.0
MAR03007_r,-1.0,-1.0,-1.0,-1.0
MAR03018_r,-1.0,-1.0,-1.0,-1.0
MAR03019_r,-1.0,-1.0,-1.0,-1.0
MAR03021_r,-1.0,-1.0,-1.0,-1.0
MAR03022_r,-1.0,-1.0,-1.0,-1.0
MAR03024_r,-1.0,-1.0,-1.0,-1.0
MAR03025_r,-1.0,-1.0,-1.0,-1.0
MAR03026_r,-1.0,-1.0,-1.0,-1.0
MAR03848_r,-1.0,-1.0,-1.0,-1.0
MAR03850_r,-1.0,-1.0,-1.0,-1.0
MAR03867_r,-1.0,-1.0,-1.0,-1.0
MAR03947_r,-1.0,-1.0,-1.0,-1.0
MAR03948_r,-1.0,-1.0,-1.0,-1.0
MAR04393_r,-1.0,-1.0,-1.0,-1.0
MAR04468_r,-1.0,-1.0,-1.0,-1.0
MAR04469_r,-1.0,-1.0,-1.0,-1.0
MAR04647_r,-1.0,-1.0,-1.0,-1.0
MAR04790_r,-1.0,-1.0,-1.0,-1.0
MAR04890_r,-1.0,-1.0,-1.0,-1.0
MAR04900_r,-1.0,-1.0,-1.0,-1.0
MAR04908_r,272.3,439.5,410.9,537.4
MAR04915_r,-1.0,-1.0,-1.0,-1.0
MAR04924_r,-1.0,-1.0,-1.0,-1.0
MAR04930_r,118.6,15.299999999999999,10.6,2.4
MAR04945_r,-1.0,-1.0,-1.0,-1.0
MAR04986_r,-1.0,-1.0,-1.0,-1.0
MAR05344_r,-1.0,-1.0,-1.0,-1.0
MAR05346_r,-1.0,-1.0,-1.0,-1.0
MAR05362_r,-1.0,-1.0,-1.0,-1.0
MAR05414_r,-1.0,-1.0,-1.0,-1.0
MAR05452_r,-1.0,-1.0,-1.0,-1.0
MAR05453_r,-1.0,-1.0,-1.0,-1.0
MAR06928_r,-1.0,-1.0,-1.0,-1.0
MAR06937_r,-1.0,-1.0,-1.0,-1.0
MAR06986_r,-1.0,-1.0,-1.0,-1.0
MAR06987_r,-1.0,-1.0,-1.0,-1.0
MAR07590_r,-1.0,-1.0,-1.0,-1.0
MAR07596_r,-1.0,-1.0,-1.0,-1.0
MAR07640_r,-1.0,-1.0,-1.0,-1.0
MAR07707_r,-1.0,-1.0,-1.0,-1.0
MAR07782_r,-1.0,-1.0,-1.0,-1.0
MAR07783_r,-1.0,-1.0,-1.0,-1.0
MAR07785_r,-1.0,-1.0,-1.0,-1.0
MAR07788_r,-1.0,-1.0,-1.0,-1.0
MAR07790_r,-1.0,-1.0,-1.0,-1.0
MAR07797_r,-1.0,-1.0,-1.0,-1.0
MAR08020_r,-1.0,-1.0,-1.0,-1.0
MAR08359_r,-1.0,-1.0,-1.0,-1.0
MAR08414_r,-1.0,-1.0,-1.0,-1.0
MAR08756_r,-1.0,-1.0,-1.0,-1.0
MAR08926_r,-1.0,-1.0,-1.0,-1.0
MAR09179_r,-1.0,-1.0,-1.0,-1.0
MAR09181_r,-1.0,-1.0,-1.0,-1.0
MAR09679_r,-1.0,-1.0,-1.0,-1.0
MAR09680_r,-1.0,-1.0,-1.0,-1.0
MAR00984_r,-1.0,-1.0,-1.0,-1.0
MAR01089_r,-1.0,-1.0,-1.0,-1.0
MAR01090_r,-1.0,-1.0,-1.0,-1.0
MAR01094_r,-1.0,-1.0,-1.0,-1.0
MAR01095_r,-1.0,-1.0,-1.0,-1.0
MAR02564_r,-1.0,-1.0,-1.0,-1.0
MAR04274_r,-1.0,-1.0,-1.0,-1.0
MAR04275_r,-1.0,-1.0,-1.0,-1.0
MAR04277_r,-1.0,-1.0,-1.0,-1.0
MAR04535_r,13.6,9.2,18.9,11.0
MAR04538_r,-1.0,-1.0,-1.0,-1.0
MAR04893_r,-1.0,-1.0,-1.0,-1.0
MAR04904_r,-1.0,-1.0,-1.0,-1.0
MAR04916_r,-1.0,-1.0,-1.0,-1.0
MAR05422_r,-1.0,-1.0,-1.0,-1.0
MAR05423_r,-1.0,-1.0,-1.0,-1.0
MAR05424_r,-1.0,-1.0,-1.0,-1.0
MAR06617_r,-1.0,-1.0,-1.0,-1.0
MAR06619_r,-1.0,-1.0,-1.0,-1.0
MAR07653_r,-1.0,-1.0,-1.0,-1.0
MAR07664_r,-1.0,-1.0,-1.0,-1.0
MAR07665_r,-1.0,-1.0,-1.0,-1.0
MAR07712_r,-1.0,-1.0,-1.0,-1.0
MAR07763_r,-1.0,-1.0,-1.0,-1.0
MAR07764_r,-1.0,-1.0,-1.0,-1.0
MAR07765_r,-1.0,-1.0,-1.0,-1.0
MAR07767_r,-1.0,-1.0,-1.0,-1.0
MAR07773_r,-1.0,-1.0,-1.0,-1.0
MAR07786_r,-1.0,-1.0,-1.0,-1.0
MAR07792_r,-1.0,-1.0,-1.0,-1.0
MAR07795_r,-1.0,-1.0,-1.0,-1.0
MAR07796_r,169.3,126.0,132.5,147.70000000000002
MAR07855_r,-1.0,-1.0,-1.0,-1.0
MAR07856_r,-1.0,-1.0,-1.0,-1.0
MAR07857_r,-1.0,-1.0,-1.0,-1.0
MAR07858_r,-1.0,-1.0,-1.0,-1.0
MAR07859_r,-1.0,-1.0,-1.0,-1.0
MAR07860_r,-1.0,-1.0,-1.0,-1.0
MAR07861_r,-1.0,-1.0,-1.0,-1.0
MAR07862_r,-1.0,-1.0,-1.0,-1.0
MAR07877_r,-1.0,-1.0,-1.0,-1.0
MAR08024_r,-1.0,-1.0,-1.0,-1.0
MAR08082_r,-1.0,-1.0,-1.0,-1.0
MAR08361_r,-1.0,-1.0,-1.0,-1.0
MAR08363_r,-1.0,-1.0,-1.0,-1.0
MAR08412_r,-1.0,-1.0,-1.0,-1.0
MAR08447_r,-1.0,-1.0,-1.0,-1.0
MAR08476_r,23.4,12.2,14.5,1.4
MAR08789_r,-1.0,-1.0,-1.0,-1.0
MAR08828_r,-1.0,-1.0,-1.0,-1.0
MAR08837_r,-1.0,-1.0,-1.0,-1.0
MAR08838_r,-1.0,-1.0,-1.0,-1.0
MAR08839_r,-1.0,-1.0,-1.0,-1.0
MAR08840_r,-1.0,-1.0,-1.0,-1.0
MAR08841_r,-1.0,-1.0,-1.0,-1.0
MAR08842_r,-1.0,-1.0,-1.0,-1.0
MAR08843_r,-1.0,-1.0,-1.0,-1.0
MAR08844_r,-1.0,-1.0,-1.0,-1.0
MAR08845_r,-1.0,-1.0,-1.0,-1.0
MAR08862_r,-1.0,-1.0,-1.0,-1.0
MAR08868_r,-1.0,-1.0,-1.0,-1.0
MAR08871_r,-1.0,-1.0,-1.0,-1.0
MAR08894_r,-1.0,-1.0,-1.0,-1.0
MAR08909_r,-1.0,-1.0,-1.0,-1.0
MAR08918_r,-1.0,-1.0,-1.0,-1.0
MAR09673_r,-1.0,-1.0,-1.0,-1.0
MAR08638_r,-1.0,-1.0,-1.0,-1.0
MAR08642_r,-1.0,-1.0,-1.0,-1.0
MAR04314_r,278.09999999999997,568.5,371.59999999999997,637.2
MAR00769_r,-1.0,-1.0,-1.0,-1.0
MAR00791_r,-1.0,-1.0,-1.0,-1.0
MAR00796_r,-1.0,-1.0,-1.0,-1.0
MAR00798_r,-1.0,-1.0,-1.0,-1.0
MAR00802_r,-1.0,-1.0,-1.0,-1.0
MAR00831_r,-1.0,-1.0,-1.0,-1.0
MAR00913_r,-1.0,-1.0,-1.0,-1.0
MAR00929_r,-1.0,-1.0,-1.0,-1.0
MAR01917_r,83.6,104.5,183.8,106.6
MAR02040_r,-1.0,-1.0,-1.0,-1.0
MAR02087_r,-1.0,-1.0,-1.0,-1.0
MAR02090_r,-1.0,-1.0,-1.0,-1.0
MAR02101_r,-1.0,-1.0,-1.0,-1.0
MAR04903_r,-1.0,-1.0,-1.0,-1.0
MAR07196_r,44.7,3.1,28.6,28.9
MAR07199_r,-1.0,-1.0,-1.0,-1.0
MAR07283_r,-1.0,-1.0,-1.0,-1.0
MAR07470_r,-1.0,-1.0,-1.0,-1.0
MAR07710_r,-1.0,-1.0,-1.0,-1.0
MAR07711_r,-1.0,-1.0,-1.0,-1.0
MAR07714_r,-1.0,-1.0,-1.0,-1.0
MAR07715_r,-1.0,-1.0,-1.0,-1.0
MAR07718_r,-1.0,-1.0,-1.0,-1.0
MAR07720_r,-1.0,-1.0,-1.0,-1.0
MAR07722_r,-1.0,-1.0,-1.0,-1.0
MAR07724_r,-1.0,-1.0,-1.0,-1.0
MAR07726_r,-1.0,-1.0,-1.0,-1.0
MAR07727_r,-1.0,-1.0,-1.0,-1.0
MAR07729_r,-1.0,-1.0,-1.0,-1.0
MAR07730_r,-1.0,-1.0,-1.0,-1.0
MAR07732_r,-1.0,-1.0,-1.0,-1.0
MAR07762_r,-1.0,-1.0,-1.0,-1.0
MAR07770_r,-1.0,-1.0,-1.0,-1.0
MAR07927_r,-1.0,-1.0,-1.0,-1.0
MAR08131_r,-1.0,-1.0,-1.0,-1.0
MAR08134_r,-1.0,-1.0,-1.0,-1.0
MAR08196_r,-1.0,-1.0,-1.0,-1.0
MAR08200_r,-1.0,-1.0,-1.0,-1.0
MAR08202_r,-1.0,-1.0,-1.0,-1.0
MAR08203_r,-1.0,-1.0,-1.0,-1.0
MAR08208_r,-1.0,-1.0,-1.0,-1.0
MAR08216_r,-1.0,-1.0,-1.0,-1.0
MAR08244_r,-1.0,-1.0,-1.0,-1.0
MAR08355_r,-1.0,-1.0,-1.0,-1.0
MAR08490_r,-1.0,-1.0,-1.0,-1.0
MAR08491_r,-1.0,-1.0,-1.0,-1.0
MAR08492_r,-1.0,-1.0,-1.0,-1.0
MAR08531_r,-1.0,-1.0,-1.0,-1.0
MAR08588_r,-1.0,-1.0,-1.0,-1.0
MAR08590_r,-1.0,-1.0,-1.0,-1.0
MAR08688_r,-1.0,-1.0,-1.0,-1.0
MAR08753_r,-1.0,-1.0,-1.0,-1.0
MAR08763_r,-1.0,-1.0,-1.0,-1.0
MAR08858_r,-1.0,-1.0,-1.0,-1.0
MAR08887_r,44.7,3.1,28.6,28.9
MAR08908_r,44.7,3.1,28.6,28.9
MAR08928_r,-1.0,-1.0,-1.0,-1.0
MAR04961_r,-1.0,-1.0,-1.0,-1.0
MAR05045_r,-1.0,-1.0,-1.0,-1.0
MAR07198_r,-1.0,-1.0,-1.0,-1.0
MAR07284_r,-1.0,-1.0,-1.0,-1.0
MAR00652_r,-1.0,-1.0,-1.0,-1.0
MAR00717_r,-1.0,-1.0,-1.0,-1.0
MAR00732_r,-1.0,-1.0,-1.0,-1.0
MAR00734_r,-1.0,-1.0,-1.0,-1.0
MAR00918_r,71.9,18.4,100.30000000000001,55.3
MAR01916_r,83.6,104.5,183.8,106.6
MAR04125_r,1.9,6.1,12.0,11.8
MAR04892_r,-1.0,-1.0,-1.0,-1.0
MAR04902_r,-1.0,-1.0,-1.0,-1.0
MAR06577_r,-1.0,-1.0,-1.0,-1.0
MAR06578_r,278.09999999999997,568.5,371.59999999999997,637.2
MAR07204_r,-1.0,-1.0,-1.0,-1.0
MAR07331_r,-1.0,-1.0,-1.0,-1.0
MAR07431_r,-1.0,-1.0,-1.0,-1.0
MAR07433_r,15.6,3.1,14.0,8.0
MAR07434_r,17.5,9.2,44.6,23.4
MAR07675_r,21.4,6.1,2.4,1.4
MAR07693_r,13.6,9.2,18.9,11.0
MAR07694_r,-1.0,-1.0,-1.0,-1.0
MAR07695_r,-1.0,-1.0,-1.0,-1.0
MAR07733_r,-1.0,-1.0,-1.0,-1.0
MAR07740_r,21.4,9.2,14.8,10.9
MAR07743_r,72.0,18.5,85.4,48.1
MAR07759_r,5.8,6.1,0.8,13.0
MAR07761_r,-1.0,-1.0,-1.0,-1.0
MAR07793_r,-1.0,-1.0,-1.0,-1.0
MAR08084_r,-1.0,-1.0,-1.0,-1.0
MAR08086_r,-1.0,-1.0,-1.0,-1.0
MAR08145_r,-1.0,-1.0,-1.0,-1.0
MAR08146_r,15.6,21.5,19.9,21.4
MAR08153_r,-1.0,-1.0,-1.0,-1.0
MAR08157_r,-1.0,-1.0,-1.0,-1.0
MAR08160_r,-1.0,-1.0,-1.0,-1.0
MAR08163_r,-1.0,-1.0,-1.0,-1.0
MAR08193_r,-1.0,-1.0,-1.0,-1.0
MAR08195_r,-1.0,-1.0,-1.0,-1.0
MAR08199_r,-1.0,-1.0,-1.0,-1.0
MAR08205_r,-1.0,-1.0,-1.0,-1.0
MAR08207_r,-1.0,-1.0,-1.0,-1.0
MAR08213_r,-1.0,-1.0,-1.0,-1.0
MAR08215_r,-1.0,-1.0,-1.0,-1.0
MAR08222_r,-1.0,-1.0,-1.0,-1.0
MAR08230_r,-1.0,-1.0,-1.0,-1.0
MAR08232_r,-1.0,-1.0,-1.0,-1.0
MAR08241_r,-1.0,-1.0,-1.0,-1.0
MAR08243_r,-1.0,-1.0,-1.0,-1.0
MAR08252_r,-1.0,-1.0,-1.0,-1.0
MAR08259_r,-1.0,-1.0,-1.0,-1.0
MAR08265_r,-1.0,-1.0,-1.0,-1.0
MAR08269_r,-1.0,-1.0,-1.0,-1.0
MAR08272_r,-1.0,-1.0,-1.0,-1.0
MAR08282_r,-1.0,-1.0,-1.0,-1.0
MAR08289_r,-1.0,-1.0,-1.0,-1.0
MAR08296_r,-1.0,-1.0,-1.0,-1.0
MAR08299_r,-1.0,-1.0,-1.0,-1.0
MAR08303_r,-1.0,-1.0,-1.0,-1.0
MAR08310_r,-1.0,-1.0,-1.0,-1.0
MAR08312_r,-1.0,-1.0,-1.0,-1.0
MAR08314_r,-1.0,-1.0,-1.0,-1.0
MAR08320_r,-1.0,-1.0,-1.0,-1.0
MAR08323_r,-1.0,-1.0,-1.0,-1.0
MAR08328_r,-1.0,-1.0,-1.0,-1.0
MAR08335_r,-1.0,-1.0,-1.0,-1.0
MAR08338_r,-1.0,-1.0,-1.0,-1.0
MAR08496_r,21.4,24.6,2.1,78.4
MAR08524_r,-1.0,-1.0,-1.0,-1.0
MAR08527_r,-1.0,-1.0,-1.0,-1.0
MAR08673_r,-1.0,-1.0,-1.0,-1.0
MAR08857_r,71.9,18.4,100.30000000000001,55.3
MAR08874_r,-1.0,-1.0,-1.0,-1.0
MAR08880_r,-1.0,-1.0,-1.0,-1.0
MAR08882_r,-1.0,-1.0,-1.0,-1.0
MAR08895_r,-1.0,-1.0,-1.0,-1.0
MAR08897_r,-1.0,-1.0,-1.0,-1.0
MAR08900_r,-1.0,-1.0,-1.0,-1.0
MAR08902_r,-1.0,-1.0,-1.0,-1.0
MAR08904_r,-1.0,-1.0,-1.0,-1.0
MAR09665_r,-1.0,-1.0,-1.0,-1.0
MAR09667_r,-1.0,-1.0,-1.0,-1.0
MAR09668_r,-1.0,-1.0,-1.0,-1.0
MAR09669_r,-1.0,-1.0,-1.0,-1.0
MAR09670_r,-1.0,-1.0,-1.0,-1.0
MAR09671_r,-1.0,-1.0,-1.0,-1.0
MAR07432_r,-1.0,-1.0,-1.0,-1.0
MAR04313_r,278.09999999999997,568.5,371.59999999999997,637.2
MAR01809_r,-1.0,-1.0,-1.0,-1.0
MAR00020_r,-1.0,-1.0,-1.0,-1.0
MAR00461_r,9.7,6.1,74.6,29.3
MAR00462_r,-1.0,-1.0,-1.0,-1.0
MAR00466_r,-1.0,-1.0,-1.0,-1.0
MAR00467_r,-1.0,-1.0,-1.0,-1.0
MAR00664_r,-1.0,-1.0,-1.0,-1.0
MAR00730_r,68.1,67.7,74.89999999999999,83.2
MAR00771_r,-1.0,-1.0,-1.0,-1.0
MAR01035_r,-1.0,-1.0,-1.0,-1.0
MAR01143_r,-1.0,-1.0,-1.0,-1.0
MAR01189_r,-1.0,-1.0,-1.0,-1.0
MAR01252_r,-1.0,-1.0,-1.0,-1.0
MAR01306_r,-1.0,-1.0,-1.0,-1.0
MAR01309_r,-1.0,-1.0,-1.0,-1.0
MAR01311_r,-1.0,-1.0,-1.0,-1.0
MAR01316_r,-1.0,-1.0,-1.0,-1.0
MAR01331_r,-1.0,-1.0,-1.0,-1.0
MAR01392_r,-1.0,-1.0,-1.0,-1.0
MAR01530_r,-1.0,-1.0,-1.0,-1.0
MAR01672_r,-1.0,-1.0,-1.0,-1.0
MAR01937_r,-1.0,-1.0,-1.0,-1.0
MAR01998_r,-1.0,-1.0,-1.0,-1.0
MAR02039_r,-1.0,-1.0,-1.0,-1.0
MAR02066_r,-1.0,-1.0,-1.0,-1.0
MAR02081_r,-1.0,-1.0,-1.0,-1.0
MAR02092_r,-1.0,-1.0,-1.0,-1.0
MAR02103_r,-1.0,-1.0,-1.0,-1.0
MAR02554_r,-1.0,-1.0,-1.0,-1.0
MAR02569_r,-1.0,-1.0,-1.0,-1.0
MAR02777_r,-1.0,-1.0,-1.0,-1.0
MAR03953_r,-1.0,-1.0,-1.0,-1.0
MAR04123_r,-1.0,-1.0,-1.0,-1.0
MAR04765_r,-1.0,-1.0,-1.0,-1.0
MAR04846_r,-1.0,-1.0,-1.0,-1.0
MAR04856_r,-1.0,-1.0,-1.0,-1.0
MAR04876_r,-1.0,-1.0,-1.0,-1.0
MAR04877_r,-1.0,-1.0,-1.0,-1.0
MAR04878_r,-1.0,-1.0,-1.0,-1.0
MAR04879_r,-1.0,-1.0,-1.0,-1.0
MAR04880_r,7.8,3.1,98.6,8.9
MAR04883_r,-1.0,-1.0,-1.0,-1.0
MAR04894_r,-1.0,-1.0,-1.0,-1.0
MAR04913_r,-1.0,-1.0,-1.0,-1.0
MAR04917_r,-1.0,-1.0,-1.0,-1.0
MAR04941_r,-1.0,-1.0,-1.0,-1.0
MAR04942_r,-1.0,-1.0,-1.0,-1.0
MAR04960_r,-1.0,-1.0,-1.0,-1.0
MAR05004_r,-1.0,-1.0,-1.0,-1.0
MAR05027_r,21.4,6.1,2.4,1.4
MAR05342_r,-1.0,-1.0,-1.0,-1.0
MAR05347_r,-1.0,-1.0,-1.0,-1.0
MAR05354_r,-1.0,-1.0,-1.0,-1.0
MAR06387_r,-1.0,-1.0,-1.0,-1.0
MAR06388_r,-1.0,-1.0,-1.0,-1.0
MAR06425_r,-1.0,-1.0,-1.0,-1.0
MAR06440_r,-1.0,-1.0,-1.0,-1.0
MAR06463_r,-1.0,-1.0,-1.0,-1.0
MAR06468_r,-1.0,-1.0,-1.0,-1.0
MAR06475_r,-1.0,-1.0,-1.0,-1.0
MAR06629_r,-1.0,-1.0,-1.0,-1.0
MAR06797_r,-1.0,-1.0,-1.0,-1.0
MAR06990_r,-1.0,-1.0,-1.0,-1.0
MAR07649_r,-1.0,-1.0,-1.0,-1.0
MAR07766_r,-1.0,-1.0,-1.0,-1.0
MAR07768_r,-1.0,-1.0,-1.0,-1.0
MAR07784_r,-1.0,-1.0,-1.0,-1.0
MAR07929_r,-1.0,-1.0,-1.0,-1.0
MAR07933_r,-1.0,-1.0,-1.0,-1.0
MAR07944_r,-1.0,-1.0,-1.0,-1.0
MAR07947_r,-1.0,-1.0,-1.0,-1.0
MAR07949_r,-1.0,-1.0,-1.0,-1.0
MAR07953_r,-1.0,-1.0,-1.0,-1.0
MAR07956_r,-1.0,-1.0,-1.0,-1.0
MAR07960_r,-1.0,-1.0,-1.0,-1.0
MAR07963_r,-1.0,-1.0,-1.0,-1.0
MAR07966_r,-1.0,-1.0,-1.0,-1.0
MAR07969_r,-1.0,-1.0,-1.0,-1.0
MAR07981_r,-1.0,-1.0,-1.0,-1.0
MAR07983_r,-1.0,-1.0,-1.0,-1.0
MAR07985_r,-1.0,-1.0,-1.0,-1.0
MAR07988_r,-1.0,-1.0,-1.0,-1.0
MAR07989_r,-1.0,-1.0,-1.0,-1.0
MAR08058_r,-1.0,-1.0,-1.0,-1.0
MAR08060_r,-1.0,-1.0,-1.0,-1.0
MAR08234_r,-1.0,-1.0,-1.0,-1.0
MAR08236_r,-1.0,-1.0,-1.0,-1.0
MAR08239_r,-1.0,-1.0,-1.0,-1.0
MAR08350_r,-1.0,-1.0,-1.0,-1.0
MAR08358_r,-1.0,-1.0,-1.0,-1.0
MAR08369_r,7.8,3.1,98.6,8.9
MAR08526_r,-1.0,-1.0,-1.0,-1.0
MAR08553_r,-1.0,-1.0,-1.0,-1.0
MAR08594_r,-1.0,-1.0,-1.0,-1.0
MAR08651_r,-1.0,-1.0,-1.0,-1.0
MAR08681_r,-1.0,-1.0,-1.0,-1.0
MAR08737_r,-1.0,-1.0,-1.0,-1.0
MAR08851_r,-1.0,-1.0,-1.0,-1.0
MAR08855_r,-1.0,-1.0,-1.0,-1.0
MAR08859_r,-1.0,-1.0,-1.0,-1.0
MAR08888_r,-1.0,-1.0,-1.0,-1.0
MAR08906_r,-1.0,-1.0,-1.0,-1.0
MAR08914_r,-1.0,-1.0,-1.0,-1.0
MAR08915_r,-1.0,-1.0,-1.0,-1.0
MAR08921_r,-1.0,-1.0,-1.0,-1.0
MAR09177_r,-1.0,-1.0,-1.0,-1.0
MAR09200_r,-1.0,-1.0,-1.0,-1.0
MAR09626_r,-1.0,-1.0,-1.0,-1.0
MAR09627_r,-1.0,-1.0,-1.0,-1.0
MAR09628_r,-1.0,-1.0,-1.0,-1.0
MAR09629_r,-1.0,-1.0,-1.0,-1.0
MAR09630_r,-1.0,-1.0,-1.0,-1.0
MAR09631_r,-1.0,-1.0,-1.0,-1.0
MAR09632_r,-1.0,-1.0,-1.0,-1.0
MAR09633_r,-1.0,-1.0,-1.0,-1.0
MAR09634_r,-1.0,-1.0,-1.0,-1.0
MAR09716_r,-1.0,-1.0,-1.0,-1.0
MAR09732_r,-1.0,-1.0,-1.0,-1.0
MAR09725_r,-1.0,-1.0,-1.0,-1.0
MAR00038_r,-1.0,-1.0,-1.0,-1.0
MAR00044_r,-1.0,-1.0,-1.0,-1.0
MAR00049_r,-1.0,-1.0,-1.0,-1.0
MAR00050_r,-1.0,-1.0,-1.0,-1.0
MAR00053_r,-1.0,-1.0,-1.0,-1.0
MAR00054_r,-1.0,-1.0,-1.0,-1.0
MAR00056_r,-1.0,-1.0,-1.0,-1.0
MAR00057_r,-1.0,-1.0,-1.0,-1.0
MAR00060_r,-1.0,-1.0,-1.0,-1.0
MAR00061_r,-1.0,-1.0,-1.0,-1.0
MAR00063_r,-1.0,-1.0,-1.0,-1.0
MAR00064_r,-1.0,-1.0,-1.0,-1.0
MAR00066_r,-1.0,-1.0,-1.0,-1.0
MAR00075_r,-1.0,-1.0,-1.0,-1.0
MAR00076_r,-1.0,-1.0,-1.0,-1.0
MAR00077_r,-1.0,-1.0,-1.0,-1.0
MAR00078_r,-1.0,-1.0,-1.0,-1.0
MAR00079_r,5.8,21.5,153.3,8.5
MAR00089_r,-1.0,-1.0,-1.0,-1.0
MAR00090_r,-1.0,-1.0,-1.0,-1.0
MAR00093_r,-1.0,-1.0,-1.0,-1.0
MAR00097_r,-1.0,-1.0,-1.0,-1.0
MAR00099_r,-1.0,-1.0,-1.0,-1.0
MAR00100_r,-1.0,-1.0,-1.0,-1.0
MAR00102_r,-1.0,-1.0,-1.0,-1.0
MAR00103_r,25.3,12.3,89.1,9.6
MAR00104_r,11.7,33.8,86.4,35.5
MAR00105_r,-1.0,-1.0,-1.0,-1.0
MAR00106_r,-1.0,-1.0,-1.0,-1.0
MAR00107_r,-1.0,-1.0,-1.0,-1.0
MAR00108_r,25.3,12.3,89.1,9.6
MAR00109_r,11.7,33.8,86.4,35.5
MAR00110_r,-1.0,-1.0,-1.0,-1.0
MAR00111_r,-1.0,-1.0,-1.0,-1.0
MAR00112_r,-1.0,-1.0,-1.0,-1.0
MAR00120_r,-1.0,-1.0,-1.0,-1.0
MAR00123_r,-1.0,-1.0,-1.0,-1.0
MAR00124_r,5.8,21.5,153.3,8.5
MAR00125_r,33.1,30.7,199.4,107.5
MAR00127_r,-1.0,-1.0,-1.0,-1.0
MAR00128_r,-1.0,-1.0,-1.0,-1.0
MAR00130_r,-1.0,-1.0,-1.0,-1.0
MAR00136_r,-1.0,-1.0,-1.0,-1.0
MAR00138_r,-1.0,-1.0,-1.0,-1.0
MAR00139_r,54.5,21.5,91.8,65.1
MAR00141_r,9.7,9.2,5.8,19.0
MAR00142_r,-1.0,-1.0,-1.0,-1.0
MAR00143_r,-1.0,-1.0,-1.0,-1.0
MAR00219_r,-1.0,-1.0,-1.0,-1.0
MAR00220_r,-1.0,-1.0,-1.0,-1.0
MAR00221_r,-1.0,-1.0,-1.0,-1.0
MAR00229_r,-1.0,-1.0,-1.0,-1.0
MAR00252_r,-1.0,-1.0,-1.0,-1.0
MAR00286_r,-1.0,-1.0,-1.0,-1.0
MAR00315_r,-1.0,-1.0,-1.0,-1.0
MAR00333_r,-1.0,-1.0,-1.0,-1.0
MAR00447_r,-1.0,-1.0,-1.0,-1.0
MAR00451_r,-1.0,-1.0,-1.0,-1.0
MAR00452_r,25.3,12.3,89.1,9.6
MAR00455_r,11.7,33.8,86.4,35.5
MAR00465_r,-1.0,-1.0,-1.0,-1.0
MAR00723_r,-1.0,-1.0,-1.0,-1.0
MAR00724_r,-1.0,-1.0,-1.0,-1.0
MAR00725_r,-1.0,-1.0,-1.0,-1.0
MAR00726_r,-1.0,-1.0,-1.0,-1.0
MAR00727_r,-1.0,-1.0,-1.0,-1.0
MAR00728_r,-1.0,-1.0,-1.0,-1.0
MAR00729_r,-1.0,-1.0,-1.0,-1.0
MAR01038_r,93.4,236.7,3324.3,5339.9
MAR01047_r,-1.0,-1.0,-1.0,-1.0
MAR01051_r,-1.0,-1.0,-1.0,-1.0
MAR01052_r,-1.0,-1.0,-1.0,-1.0
MAR01056_r,-1.0,-1.0,-1.0,-1.0
MAR01060_r,-1.0,-1.0,-1.0,-1.0
MAR01076_r,-1.0,-1.0,-1.0,-1.0
MAR01078_r,-1.0,-1.0,-1.0,-1.0
MAR01340_r,-1.0,-1.0,-1.0,-1.0
MAR01348_r,-1.0,-1.0,-1.0,-1.0
MAR01349_r,-1.0,-1.0,-1.0,-1.0
MAR01354_r,-1.0,-1.0,-1.0,-1.0
MAR01368_r,-1.0,-1.0,-1.0,-1.0
MAR01369_r,-1.0,-1.0,-1.0,-1.0
MAR01378_r,-1.0,-1.0,-1.0,-1.0
MAR01386_r,-1.0,-1.0,-1.0,-1.0
MAR01438_r,-1.0,-1.0,-1.0,-1.0
MAR01439_r,11.7,33.8,86.4,35.5
MAR01441_r,-1.0,-1.0,-1.0,-1.0
MAR01447_r,-1.0,-1.0,-1.0,-1.0
MAR01452_r,-1.0,-1.0,-1.0,-1.0
MAR01455_r,-1.0,-1.0,-1.0,-1.0
MAR01461_r,-1.0,-1.0,-1.0,-1.0
MAR01462_r,-1.0,-1.0,-1.0,-1.0
MAR01463_r,-1.0,-1.0,-1.0,-1.0
MAR01464_r,-1.0,-1.0,-1.0,-1.0
MAR01466_r,-1.0,-1.0,-1.0,-1.0
MAR01468_r,38.9,86.1,313.5,53.8
MAR01469_r,-1.0,-1.0,-1.0,-1.0
MAR01480_r,-1.0,-1.0,-1.0,-1.0
MAR01481_r,11.7,33.8,86.4,35.5
MAR01482_r,-1.0,-1.0,-1.0,-1.0
MAR01486_r,-1.0,-1.0,-1.0,-1.0
MAR01487_r,-1.0,-1.0,-1.0,-1.0
MAR01488_r,25.3,12.3,89.1,9.6
MAR01489_r,11.7,33.8,86.4,35.5
MAR01491_r,-1.0,-1.0,-1.0,-1.0
MAR01492_r,-1.0,-1.0,-1.0,-1.0
MAR01499_r,-1.0,-1.0,-1.0,-1.0
MAR01514_r,-1.0,-1.0,-1.0,-1.0
MAR01517_r,15.6,27.7,20.6,91.3
MAR01525_r,-1.0,-1.0,-1.0,-1.0
MAR01527_r,5.8,6.1,9.3,12.1
MAR01528_r,-1.0,-1.0,-1.0,-1.0
MAR01529_r,-1.0,-1.0,-1.0,-1.0
MAR01534_r,17.5,24.6,10.8,0.4
MAR01537_r,-1.0,-1.0,-1.0,-1.0
MAR01541_r,-1.0,-1.0,-1.0,-1.0
MAR01556_r,11.7,33.8,86.4,35.5
MAR01559_r,-1.0,-1.0,-1.0,-1.0
MAR01561_r,-1.0,-1.0,-1.0,-1.0
MAR01562_r,-1.0,-1.0,-1.0,-1.0
MAR01563_r,-1.0,-1.0,-1.0,-1.0
MAR01564_r,-1.0,-1.0,-1.0,-1.0
MAR01578_r,-1.0,-1.0,-1.0,-1.0
MAR01579_r,-1.0,-1.0,-1.0,-1.0
MAR01580_r,-1.0,-1.0,-1.0,-1.0
MAR01582_r,-1.0,-1.0,-1.0,-1.0
MAR01588_r,-1.0,-1.0,-1.0,-1.0
MAR01597_r,-1.0,-1.0,-1.0,-1.0
MAR01601_r,-1.0,-1.0,-1.0,-1.0
MAR01607_r,-1.0,-1.0,-1.0,-1.0
MAR01616_r,40.8,58.4,167.1,61.0
MAR01621_r,-1.0,-1.0,-1.0,-1.0
MAR01626_r,-1.0,-1.0,-1.0,-1.0
MAR01633_r,-1.0,-1.0,-1.0,-1.0
MAR01645_r,-1.0,-1.0,-1.0,-1.0
MAR01647_r,-1.0,-1.0,-1.0,-1.0
MAR01648_r,-1.0,-1.0,-1.0,-1.0
MAR01650_r,-1.0,-1.0,-1.0,-1.0
MAR01657_r,-1.0,-1.0,-1.0,-1.0
MAR01669_r,-1.0,-1.0,-1.0,-1.0
MAR01671_r,-1.0,-1.0,-1.0,-1.0
MAR01680_r,-1.0,-1.0,-1.0,-1.0
MAR01683_r,-1.0,-1.0,-1.0,-1.0
MAR01686_r,-1.0,-1.0,-1.0,-1.0
MAR01688_r,-1.0,-1.0,-1.0,-1.0
MAR01712_r,-1.0,-1.0,-1.0,-1.0
MAR01719_r,-1.0,-1.0,-1.0,-1.0
MAR01721_r,-1.0,-1.0,-1.0,-1.0
MAR01728_r,-1.0,-1.0,-1.0,-1.0
MAR01731_r,-1.0,-1.0,-1.0,-1.0
MAR01732_r,-1.0,-1.0,-1.0,-1.0
MAR01733_r,-1.0,-1.0,-1.0,-1.0
MAR01734_r,-1.0,-1.0,-1.0,-1.0
MAR01736_r,11.7,33.8,86.4,35.5
MAR01755_r,-1.0,-1.0,-1.0,-1.0
MAR01757_r,11.7,33.8,86.4,35.5
MAR01763_r,-1.0,-1.0,-1.0,-1.0
MAR01773_r,11.7,33.8,86.4,35.5
MAR01775_r,-1.0,-1.0,-1.0,-1.0
MAR01779_r,-1.0,-1.0,-1.0,-1.0
MAR01780_r,-1.0,-1.0,-1.0,-1.0
MAR01782_r,-1.0,-1.0,-1.0,-1.0
MAR01788_r,-1.0,-1.0,-1.0,-1.0
MAR01795_r,-1.0,-1.0,-1.0,-1.0
MAR01799_r,-1.0,-1.0,-1.0,-1.0
MAR01814_r,-1.0,-1.0,-1.0,-1.0
MAR01820_r,-1.0,-1.0,-1.0,-1.0
MAR01821_r,-1.0,-1.0,-1.0,-1.0
MAR01822_r,-1.0,-1.0,-1.0,-1.0
MAR01824_r,-1.0,-1.0,-1.0,-1.0
MAR01825_r,-1.0,-1.0,-1.0,-1.0
MAR01826_r,-1.0,-1.0,-1.0,-1.0
MAR01827_r,-1.0,-1.0,-1.0,-1.0
MAR01828_r,-1.0,-1.0,-1.0,-1.0
MAR01829_r,-1.0,-1.0,-1.0,-1.0
MAR01849_r,-1.0,-1.0,-1.0,-1.0
MAR01851_r,-1.0,-1.0,-1.0,-1.0
MAR01856_r,-1.0,-1.0,-1.0,-1.0
MAR01858_r,-1.0,-1.0,-1.0,-1.0
MAR01860_r,-1.0,-1.0,-1.0,-1.0
MAR02028_r,44.7,61.4,113.6,122.9
MAR02121_r,11.7,12.3,86.4,9.6
MAR02124_r,1.9,3.1,0.7,0.1
MAR02125_r,1.9,3.1,0.7,0.1
MAR02146_r,-1.0,-1.0,-1.0,-1.0
MAR02148_r,44.7,61.4,113.6,122.9
MAR02149_r,44.7,61.4,113.6,122.9
MAR02183_r,44.7,61.4,113.6,122.9
MAR02184_r,9.7,9.2,57.6,42.9
MAR02186_r,-1.0,-1.0,-1.0,-1.0
MAR02187_r,44.7,61.4,113.6,122.9
MAR02188_r,107.0,6.1,0.1,0.7
MAR02192_r,107.0,6.1,0.1,0.7
MAR02196_r,107.0,6.1,0.1,0.7
MAR02198_r,27.2,61.5,102.9,116.6
MAR02206_r,-1.0,-1.0,-1.0,-1.0
MAR02207_r,44.7,61.4,113.6,122.9
MAR02216_r,33.1,30.7,199.4,107.5
MAR02220_r,33.1,30.7,199.4,107.5
MAR02225_r,-1.0,-1.0,-1.0,-1.0
MAR02226_r,-1.0,-1.0,-1.0,-1.0
MAR02275_r,-1.0,-1.0,-1.0,-1.0
MAR02278_r,-1.0,-1.0,-1.0,-1.0
MAR02291_r,-1.0,-1.0,-1.0,-1.0
MAR02301_r,11.7,3.1,41.8,9.1
MAR02303_r,33.1,30.7,199.4,107.5
MAR02331_r,-1.0,-1.0,-1.0,-1.0
MAR02337_r,-1.0,-1.0,-1.0,-1.0
MAR02339_r,44.7,24.6,634.0,71.0
MAR02340_r,-1.0,-1.0,-1.0,-1.0
MAR02346_r,-1.0,-1.0,-1.0,-1.0
MAR02377_r,-1.0,-1.0,-1.0,-1.0
MAR02379_r,-1.0,-1.0,-1.0,-1.0
MAR02396_r,-1.0,-1.0,-1.0,-1.0
MAR02398_r,-1.0,-1.0,-1.0,-1.0
MAR02400_r,-1.0,-1.0,-1.0,-1.0
MAR02402_r,-1.0,-1.0,-1.0,-1.0
MAR02404_r,-1.0,-1.0,-1.0,-1.0
MAR02405_r,33.1,30.7,199.4,107.5
MAR02406_r,33.1,30.7,199.4,107.5
MAR02413_r,33.1,30.7,199.4,107.5
MAR02414_r,33.1,30.7,199.4,107.5
MAR02416_r,33.1,30.7,199.4,107.5
MAR02418_r,33.1,30.7,199.4,107.5
MAR02420_r,33.1,30.7,199.4,107.5
MAR02422_r,33.1,30.7,199.4,107.5
MAR02427_r,-1.0,-1.0,-1.0,-1.0
MAR02429_r,-1.0,-1.0,-1.0,-1.0
MAR02431_r,-1.0,-1.0,-1.0,-1.0
MAR02432_r,-1.0,-1.0,-1.0,-1.0
MAR02471_r,-1.0,-1.0,-1.0,-1.0
MAR02476_r,-1.0,-1.0,-1.0,-1.0
MAR02479_r,-1.0,-1.0,-1.0,-1.0
MAR02481_r,-1.0,-1.0,-1.0,-1.0
MAR02487_r,13.6,30.8,42.8,285.4
MAR02488_r,27.2,55.4,55.5,125.19999999999999
MAR02492_r,-1.0,-1.0,-1.0,-1.0
MAR02496_r,19.4,49.2,53.7,81.0
MAR02500_r,13.6,30.8,42.8,285.4
MAR02502_r,27.2,55.4,55.5,125.19999999999999
MAR02504_r,13.6,30.8,42.8,285.4
MAR02506_r,27.2,55.4,55.5,125.19999999999999
MAR02507_r,13.6,30.8,42.8,285.4
MAR02508_r,27.2,55.4,55.5,125.19999999999999
MAR02521_r,44.7,9.2,13.8,20.0
MAR02523_r,9.7,24.6,19.1,18.6
MAR02525_r,182.8,516.3,547.0,526.2
MAR02527_r,-1.0,-1.0,-1.0,-1.0
MAR02529_r,-1.0,-1.0,-1.0,-1.0
MAR02531_r,260.6,713.0,1371.6,724.4
MAR02532_r,77.80000000000001,218.29999999999998,143.6,191.0
MAR02534_r,-1.0,-1.0,-1.0,-1.0
MAR02536_r,-1.0,-1.0,-1.0,-1.0
MAR02538_r,-1.0,-1.0,-1.0,-1.0
MAR02539_r,-1.0,-1.0,-1.0,-1.0
MAR02589_r,-1.0,-1.0,-1.0,-1.0
MAR02595_r,-1.0,-1.0,-1.0,-1.0
MAR02597_r,-1.0,-1.0,-1.0,-1.0
MAR02639_r,-1.0,-1.0,-1.0,-1.0
MAR02641_r,-1.0,-1.0,-1.0,-1.0
MAR02643_r,-1.0,-1.0,-1.0,-1.0
MAR02698_r,5.8,6.1,28.1,23.0
MAR02721_r,-1.0,-1.0,-1.0,-1.0
MAR02725_r,-1.0,-1.0,-1.0,-1.0
MAR02728_r,-1.0,-1.0,-1.0,-1.0
MAR02743_r,-1.0,-1.0,-1.0,-1.0
MAR02747_r,-1.0,-1.0,-1.0,-1.0
MAR02749_r,-1.0,-1.0,-1.0,-1.0
MAR02756_r,-1.0,-1.0,-1.0,-1.0
MAR02763_r,-1.0,-1.0,-1.0,-1.0
MAR02765_r,11.7,24.6,17.7,36.6
MAR02779_r,-1.0,-1.0,-1.0,-1.0
MAR02781_r,7.8,6.1,18.6,16.0
MAR02782_r,-1.0,-1.0,-1.0,-1.0
MAR02804_r,23.3,12.299999999999999,260.7,106.4
MAR02808_r,23.3,12.299999999999999,260.7,106.4
MAR02810_r,23.3,12.299999999999999,260.7,106.4
MAR02820_r,-1.0,-1.0,-1.0,-1.0
MAR02826_r,-1.0,-1.0,-1.0,-1.0
MAR02828_r,-1.0,-1.0,-1.0,-1.0
MAR02858_r,9.7,9.2,25.9,13.0
MAR02860_r,-1.0,-1.0,-1.0,-1.0
MAR02881_r,-1.0,-1.0,-1.0,-1.0
MAR02883_r,-1.0,-1.0,-1.0,-1.0
MAR02885_r,3.9,9.2,363.4,61.7
MAR02889_r,-1.0,-1.0,-1.0,-1.0
MAR02891_r,3.9,9.2,363.4,61.7
MAR02895_r,-1.0,-1.0,-1.0,-1.0
MAR02936_r,-1.0,-1.0,-1.0,-1.0
MAR02938_r,-1.0,-1.0,-1.0,-1.0
MAR02939_r,-1.0,-1.0,-1.0,-1.0
MAR02940_r,13.6,30.8,42.8,285.4
MAR02950_r,155.6,430.3,1183.6,827.7
MAR02958_r,31.1,36.9,33.8,76.6
MAR02995_r,97.2,307.3,331.2,594.4
MAR03010_r,21.4,24.6,100.7,18.4
MAR03012_r,21.4,24.6,100.7,18.4
MAR03016_r,-1.0,-1.0,-1.0,-1.0
MAR03036_r,-1.0,-1.0,-1.0,-1.0
MAR03041_r,-1.0,-1.0,-1.0,-1.0
MAR03042_r,-1.0,-1.0,-1.0,-1.0
MAR03043_r,-1.0,-1.0,-1.0,-1.0
MAR03044_r,13.6,3.1,66.3,39.5
MAR03045_r,-1.0,-1.0,-1.0,-1.0
MAR03046_r,97.2,307.3,331.2,594.4
MAR03047_r,-1.0,-1.0,-1.0,-1.0
MAR03048_r,-1.0,-1.0,-1.0,-1.0
MAR03049_r,-1.0,-1.0,-1.0,-1.0
MAR03050_r,-1.0,-1.0,-1.0,-1.0
MAR03061_r,23.3,6.1,128.9,2.9
MAR03119_r,-1.0,-1.0,-1.0,-1.0
MAR03124_r,155.5,476.3,5397.9,1792.4
MAR03126_r,-1.0,-1.0,-1.0,-1.0
MAR03127_r,-1.0,-1.0,-1.0,-1.0
MAR03131_r,-1.0,-1.0,-1.0,-1.0
MAR03140_r,-1.0,-1.0,-1.0,-1.0
MAR03141_r,260.6,713.0,1371.6,724.4
MAR03145_r,-1.0,-1.0,-1.0,-1.0
MAR03147_r,-1.0,-1.0,-1.0,-1.0
MAR03148_r,260.6,713.0,1371.6,724.4
MAR03152_r,-1.0,-1.0,-1.0,-1.0
MAR03154_r,97.2,307.3,331.2,594.4
MAR03155_r,97.2,307.3,331.2,594.4
MAR03159_r,97.2,307.3,331.2,594.4
MAR03161_r,97.2,307.3,331.2,594.4
MAR03162_r,11.7,6.1,0.2,107.5
MAR03165_r,25.3,3.1,60.5,18.6
MAR03168_r,-1.0,-1.0,-1.0,-1.0
MAR03209_r,3.9,9.2,363.4,61.7
MAR03210_r,-1.0,-1.0,-1.0,-1.0
MAR03214_r,3.9,9.2,363.4,61.7
MAR03217_r,-1.0,-1.0,-1.0,-1.0
MAR03259_r,-1.0,-1.0,-1.0,-1.0
MAR03263_r,-1.0,-1.0,-1.0,-1.0
MAR03266_r,-1.0,-1.0,-1.0,-1.0
MAR03267_r,-1.0,-1.0,-1.0,-1.0
MAR03268_r,-1.0,-1.0,-1.0,-1.0
MAR03269_r,352.1,949.6999999999999,1815.8,1273.3
MAR03270_r,52.5,64.5,512.4,184.1
MAR03276_r,23.3,12.299999999999999,260.7,106.4
MAR03289_r,23.3,12.299999999999999,260.7,106.4
MAR03291_r,104.89999999999999,301.2,1025.6,768.8000000000001
MAR03295_r,23.3,12.299999999999999,260.7,106.4
MAR03297_r,348.1,1005.0,2367.9,2613.8999999999996
MAR03299_r,19.4,6.1,276.9,125.5
MAR03374_r,116.69999999999999,553.2,732.3,834.0
MAR03376_r,136.1,396.5,661.2,773.5
MAR03377_r,68.1,344.2,338.1,459.7
MAR03378_r,116.69999999999999,553.2,732.3,834.0
MAR03379_r,348.1,1005.0,2367.9,2613.8999999999996
MAR03380_r,194.5,402.6,1348.8999999999999,817.5999999999999
MAR03381_r,206.2,749.8999999999999,1421.1,1042.6
MAR03382_r,-1.0,-1.0,-1.0,-1.0
MAR03383_r,-1.0,-1.0,-1.0,-1.0
MAR03385_r,9.7,6.1,26.4,28.5
MAR03386_r,35.0,92.2,169.1,286.3
MAR03394_r,44.7,9.2,13.8,20.0
MAR03395_r,44.7,9.2,13.8,20.0
MAR03400_r,-1.0,-1.0,-1.0,-1.0
MAR03401_r,44.7,9.2,13.8,20.0
MAR03402_r,44.7,9.2,13.8,20.0
MAR03403_r,44.7,9.2,13.8,20.0
MAR03405_r,44.7,9.2,13.8,20.0
MAR03410_r,44.7,9.2,13.8,20.0
MAR03412_r,44.7,9.2,13.8,20.0
MAR03417_r,44.7,9.2,13.8,20.0
MAR03418_r,44.7,9.2,13.8,20.0
MAR03419_r,-1.0,-1.0,-1.0,-1.0
MAR03420_r,48.6,6.1,181.3,59.0
MAR03434_r,48.6,6.1,181.3,59.0
MAR03437_r,-1.0,-1.0,-1.0,-1.0
MAR03438_r,44.7,9.2,13.8,20.0
MAR03442_r,44.7,9.2,13.8,20.0
MAR03451_r,44.7,9.2,13.8,20.0
MAR03465_r,44.7,9.2,13.8,20.0
MAR03474_r,44.7,9.2,13.8,20.0
MAR03479_r,44.7,9.2,13.8,20.0
MAR03483_r,58.3,92.2,782.2,523.2
MAR03487_r,44.7,9.2,13.8,20.0
MAR03490_r,44.7,9.2,13.8,20.0
MAR03492_r,44.7,9.2,13.8,20.0
MAR03495_r,44.7,9.2,13.8,20.0
MAR03496_r,44.7,9.2,13.8,20.0
MAR03497_r,44.7,9.2,13.8,20.0
MAR03499_r,44.7,9.2,13.8,20.0
MAR03502_r,44.7,9.2,13.8,20.0
MAR03504_r,44.7,9.2,13.8,20.0
MAR03507_r,44.7,9.2,13.8,20.0
MAR03518_r,44.7,9.2,13.8,20.0
MAR03535_r,44.7,9.2,13.8,20.0
MAR03536_r,-1.0,-1.0,-1.0,-1.0
MAR03599_r,-1.0,-1.0,-1.0,-1.0
MAR03600_r,-1.0,-1.0,-1.0,-1.0
MAR03601_r,-1.0,-1.0,-1.0,-1.0
MAR03602_r,-1.0,-1.0,-1.0,-1.0
MAR03603_r,-1.0,-1.0,-1.0,-1.0
MAR03607_r,44.7,9.2,13.8,20.0
MAR03608_r,44.7,9.2,13.8,20.0
MAR03609_r,44.7,9.2,13.8,20.0
MAR03610_r,44.7,9.2,13.8,20.0
MAR03611_r,44.7,9.2,13.8,20.0
MAR03612_r,44.7,9.2,13.8,20.0
MAR03615_r,44.7,9.2,13.8,20.0
MAR03616_r,44.7,9.2,13.8,20.0
MAR03617_r,44.7,9.2,13.8,20.0
MAR03620_r,-1.0,-1.0,-1.0,-1.0
MAR03621_r,44.7,9.2,13.8,20.0
MAR03623_r,-1.0,-1.0,-1.0,-1.0
MAR03624_r,44.7,9.2,13.8,20.0
MAR03745_r,-1.0,-1.0,-1.0,-1.0
MAR03749_r,44.7,9.2,13.8,20.0
MAR03756_r,19.4,6.1,276.9,125.5
MAR03758_r,-1.0,-1.0,-1.0,-1.0
MAR03764_r,52.5,64.5,512.4,184.1
MAR03774_r,-1.0,-1.0,-1.0,-1.0
MAR03776_r,-1.0,-1.0,-1.0,-1.0
MAR03808_r,108.9,230.5,525.7,383.3
MAR03810_r,-1.0,-1.0,-1.0,-1.0
MAR03812_r,108.9,230.5,525.7,383.3
MAR03814_r,-1.0,-1.0,-1.0,-1.0
MAR03815_r,42.8,83.0,159.1,166.7
MAR03821_r,25.3,33.8,134.8,97.4
MAR03826_r,11.7,6.1,0.2,107.5
MAR03828_r,25.3,3.1,60.5,18.6
MAR03834_r,-1.0,-1.0,-1.0,-1.0
MAR03836_r,-1.0,-1.0,-1.0,-1.0
MAR03844_r,-1.0,-1.0,-1.0,-1.0
MAR03876_r,108.9,230.5,525.7,383.3
MAR03886_r,95.3,608.5,332.7,284.0
MAR03887_r,15.6,76.8,78.1,264.1
MAR03888_r,15.6,76.8,78.1,264.1
MAR03894_r,15.6,76.8,78.1,264.1
MAR03896_r,15.6,76.8,78.1,264.1
MAR03898_r,-1.0,-1.0,-1.0,-1.0
MAR03914_r,-1.0,-1.0,-1.0,-1.0
MAR03918_r,777.9,1979.3,1908.4,4270.3
MAR03924_r,443.4,1407.6,955.2,2969.1
MAR03926_r,155.5,476.3,5397.9,1792.4
MAR03938_r,155.5,476.3,5397.9,1792.4
MAR03941_r,606.7,1118.7,5440.9,2495.8
MAR03942_r,155.5,476.3,5397.9,1792.4
MAR03943_r,606.7,1118.7,5440.9,2495.8
MAR03945_r,155.5,476.3,5397.9,1792.4
MAR03961_r,606.7,1118.7,5440.9,2495.8
MAR03962_r,-1.0,-1.0,-1.0,-1.0
MAR03963_r,155.5,476.3,5397.9,1792.4
MAR03973_r,606.7,1118.7,5440.9,2495.8
MAR03976_r,155.5,476.3,5397.9,1792.4
MAR03978_r,606.7,1118.7,5440.9,2495.8
MAR03981_r,-1.0,-1.0,-1.0,-1.0
MAR03983_r,108.9,230.5,525.7,383.3
MAR03985_r,186.7,307.3,193.3,330.9
MAR03990_r,15.6,76.8,78.1,264.1
MAR03994_r,15.6,76.8,78.1,264.1
MAR04005_r,108.9,230.5,525.7,383.3
MAR04007_r,-1.0,-1.0,-1.0,-1.0
MAR04438_r,289.8,1204.8,2797.5,2856.1
MAR04439_r,289.8,1204.8,2797.5,2856.1
MAR04443_r,-1.0,-1.0,-1.0,-1.0
MAR04445_r,50.6,18.4,33.0,19.5
MAR04457_r,25.3,12.3,89.1,9.6
MAR04462_r,25.3,12.3,89.1,9.6
MAR04475_r,25.3,12.3,89.1,9.6
MAR04479_r,-1.0,-1.0,-1.0,-1.0
MAR04491_r,25.3,12.3,89.1,9.6
MAR04504_r,25.3,12.3,89.1,9.6
MAR04508_r,25.3,12.3,89.1,9.6
MAR04515_r,-1.0,-1.0,-1.0,-1.0
MAR04522_r,25.3,12.3,89.1,9.6
MAR04566_r,289.8,1204.8,2797.5,2856.1
MAR04569_r,25.3,12.3,89.1,9.6
MAR04571_r,25.3,12.3,89.1,9.6
MAR04578_r,289.8,1204.8,2797.5,2856.1
MAR04581_r,25.3,12.3,89.1,9.6
MAR04598_r,25.3,12.3,89.1,9.6
MAR04610_r,25.3,12.3,89.1,9.6
MAR04613_r,25.3,12.3,89.1,9.6
MAR04616_r,289.8,1204.8,2797.5,2856.1
MAR04620_r,25.3,12.3,89.1,9.6
MAR04624_r,25.3,12.3,89.1,9.6
MAR04634_r,25.3,12.3,89.1,9.6
MAR04636_r,25.3,12.3,89.1,9.6
MAR04638_r,25.3,12.3,89.1,9.6
MAR04639_r,25.3,12.3,89.1,9.6
MAR04645_r,-1.0,-1.0,-1.0,-1.0
MAR04661_r,-1.0,-1.0,-1.0,-1.0
MAR04671_r,25.3,12.3,89.1,9.6
MAR04674_r,-1.0,-1.0,-1.0,-1.0
MAR04677_r,-1.0,-1.0,-1.0,-1.0
MAR04678_r,50.6,18.4,33.0,19.5
MAR04707_r,25.3,12.3,89.1,9.6
MAR04711_r,25.3,12.3,89.1,9.6
MAR04719_r,25.3,12.3,89.1,9.6
MAR04722_r,50.6,18.4,33.0,19.5
MAR04726_r,-1.0,-1.0,-1.0,-1.0
MAR04728_r,-1.0,-1.0,-1.0,-1.0
MAR04745_r,25.3,12.3,89.1,9.6
MAR04749_r,25.3,12.3,89.1,9.6
MAR04759_r,25.3,12.3,89.1,9.6
MAR04782_r,-1.0,-1.0,-1.0,-1.0
MAR04783_r,-1.0,-1.0,-1.0,-1.0
MAR04807_r,-1.0,-1.0,-1.0,-1.0
MAR04809_r,-1.0,-1.0,-1.0,-1.0
MAR04813_r,-1.0,-1.0,-1.0,-1.0
MAR05103_r,-1.0,-1.0,-1.0,-1.0
MAR05104_r,25.3,12.3,89.1,9.6
MAR05106_r,50.6,18.4,33.0,19.5
MAR05456_r,25.3,12.3,89.1,9.6
MAR05991_r,25.3,12.3,89.1,9.6
MAR06278_r,25.3,12.3,89.1,9.6
MAR06485_r,289.8,1204.8,2797.5,2856.1
MAR06487_r,289.8,1204.8,2797.5,2856.1
MAR06489_r,289.8,1204.8,2797.5,2856.1
MAR06491_r,289.8,1204.8,2797.5,2856.1
MAR06493_r,289.8,1204.8,2797.5,2856.1
MAR06498_r,-1.0,-1.0,-1.0,-1.0
MAR06499_r,289.8,1204.8,2797.5,2856.1
MAR06503_r,289.8,1204.8,2797.5,2856.1
MAR06528_r,289.8,1204.8,2797.5,2856.1
MAR06538_r,289.8,1204.8,2797.5,2856.1
MAR06586_r,289.8,1204.8,2797.5,2856.1
MAR06598_r,25.3,12.3,89.1,9.6
MAR06599_r,-1.0,-1.0,-1.0,-1.0
MAR06600_r,11.7,33.8,86.4,35.5
MAR06688_r,289.8,1204.8,2797.5,2856.1
MAR06689_r,-1.0,-1.0,-1.0,-1.0
MAR06696_r,25.3,12.3,89.1,9.6
MAR06698_r,11.7,33.8,86.4,35.5
MAR06724_r,-1.0,-1.0,-1.0,-1.0
MAR06769_r,-1.0,-1.0,-1.0,-1.0
MAR06773_r,-1.0,-1.0,-1.0,-1.0
MAR06805_r,-1.0,-1.0,-1.0,-1.0
MAR06809_r,50.6,18.4,33.0,19.5
MAR06821_r,-1.0,-1.0,-1.0,-1.0
MAR06825_r,-1.0,-1.0,-1.0,-1.0
MAR06832_r,50.6,18.4,33.0,19.5
MAR06847_r,50.6,18.4,33.0,19.5
MAR06861_r,120.6,141.4,114.5,436.2
MAR06887_r,-1.0,-1.0,-1.0,-1.0
MAR06898_r,120.6,141.4,114.5,436.2
MAR06915_r,13.6,3.1,66.3,39.5
MAR07107_r,31.1,89.1,8556.6,1516.7
MAR07149_r,37.0,92.2,102.9,263.7
MAR07155_r,31.1,89.1,8556.6,1516.7
MAR07178_r,31.1,89.1,8556.6,1516.7
MAR07190_r,31.1,89.1,8556.6,1516.7
MAR07193_r,66.1,98.3,196.4,986.7
MAR07751_r,-1.0,-1.0,-1.0,-1.0
MAR07805_r,-1.0,-1.0,-1.0,-1.0
MAR07809_r,-1.0,-1.0,-1.0,-1.0
MAR07819_r,-1.0,-1.0,-1.0,-1.0
MAR08970_r,-1.0,-1.0,-1.0,-1.0
MAR08976_r,-1.0,-1.0,-1.0,-1.0
MAR08979_r,-1.0,-1.0,-1.0,-1.0
MAR08980_r,-1.0,-1.0,-1.0,-1.0
MAR08981_r,-1.0,-1.0,-1.0,-1.0
MAR08982_r,-1.0,-1.0,-1.0,-1.0
MAR08987_r,-1.0,-1.0,-1.0,-1.0
MAR08988_r,-1.0,-1.0,-1.0,-1.0
MAR08989_r,-1.0,-1.0,-1.0,-1.0
MAR08991_r,-1.0,-1.0,-1.0,-1.0
MAR08993_r,-1.0,-1.0,-1.0,-1.0
MAR08994_r,-1.0,-1.0,-1.0,-1.0
MAR08997_r,-1.0,-1.0,-1.0,-1.0
MAR08998_r,-1.0,-1.0,-1.0,-1.0
MAR08999_r,-1.0,-1.0,-1.0,-1.0
MAR09000_r,-1.0,-1.0,-1.0,-1.0
MAR09001_r,-1.0,-1.0,-1.0,-1.0
MAR09002_r,-1.0,-1.0,-1.0,-1.0
MAR09003_r,-1.0,-1.0,-1.0,-1.0
MAR09004_r,-1.0,-1.0,-1.0,-1.0
MAR09005_r,-1.0,-1.0,-1.0,-1.0
MAR09006_r,-1.0,-1.0,-1.0,-1.0
MAR09007_r,-1.0,-1.0,-1.0,-1.0
MAR09008_r,-1.0,-1.0,-1.0,-1.0
MAR09009_r,-1.0,-1.0,-1.0,-1.0
MAR09030_r,-1.0,-1.0,-1.0,-1.0
MAR09031_r,-1.0,-1.0,-1.0,-1.0
MAR09057_r,-1.0,-1.0,-1.0,-1.0
MAR09059_r,-1.0,-1.0,-1.0,-1.0
MAR09060_r,-1.0,-1.0,-1.0,-1.0
MAR09112_r,-1.0,-1.0,-1.0,-1.0
MAR09186_r,-1.0,-1.0,-1.0,-1.0
MAR09274_r,27.2,9.2,0.7,19.7
MAR09402_r,13.6,9.2,1.5,87.8
MAR09403_r,-1.0,-1.0,-1.0,-1.0
MAR09459_r,-1.0,-1.0,-1.0,-1.0
MAR09526_r,-1.0,-1.0,-1.0,-1.0
MAR09533_r,-1.0,-1.0,-1.0,-1.0
MAR09576_r,-1.0,-1.0,-1.0,-1.0
MAR09589_r,-1.0,-1.0,-1.0,-1.0
MAR09723_r,-1.0,-1.0,-1.0,-1.0
MAR09736_r,-1.0,-1.0,-1.0,-1.0
MAR09819_r,-1.0,-1.0,-1.0,-1.0
MAR09820_r,-1.0,-1.0,-1.0,-1.0
MAR09821_r,-1.0,-1.0,-1.0,-1.0
MAR09822_r,-1.0,-1.0,-1.0,-1.0
MAR09823_r,-1.0,-1.0,-1.0,-1.0
MAR09824_r,-1.0,-1.0,-1.0,-1.0
MAR09825_r,-1.0,-1.0,-1.0,-1.0
MAR09826_r,-1.0,-1.0,-1.0,-1.0
MAR09827_r,-1.0,-1.0,-1.0,-1.0
MAR09828_r,-1.0,-1.0,-1.0,-1.0
MAR09829_r,-1.0,-1.0,-1.0,-1.0
MAR09830_r,-1.0,-1.0,-1.0,-1.0
MAR09831_r,-1.0,-1.0,-1.0,-1.0
MAR09832_r,-1.0,-1.0,-1.0,-1.0
MAR09833_r,-1.0,-1.0,-1.0,-1.0
MAR09834_r,-1.0,-1.0,-1.0,-1.0
MAR09835_r,-1.0,-1.0,-1.0,-1.0
MAR09836_r,-1.0,-1.0,-1.0,-1.0
MAR09837_r,-1.0,-1.0,-1.0,-1.0
MAR09838_r,-1.0,-1.0,-1.0,-1.0
MAR09839_r,-1.0,-1.0,-1.0,-1.0
MAR09840_r,-1.0,-1.0,-1.0,-1.0
MAR09841_r,-1.0,-1.0,-1.0,-1.0
MAR09873_r,-1.0,-1.0,-1.0,-1.0
MAR09874_r,-1.0,-1.0,-1.0,-1.0
MAR09878_r,-1.0,-1.0,-1.0,-1.0
MAR09883_r,-1.0,-1.0,-1.0,-1.0
MAR09884_r,1.9,3.1,0.1,34.9
MAR09885_r,-1.0,-1.0,-1.0,-1.0
MAR09886_r,-1.0,-1.0,-1.0,-1.0
MAR09889_r,-1.0,-1.0,-1.0,-1.0
MAR09890_r,-1.0,-1.0,-1.0,-1.0
MAR09896_r,-1.0,-1.0,-1.0,-1.0
MAR09900_r,-1.0,-1.0,-1.0,-1.0
MAR09902_r,-1.0,-1.0,-1.0,-1.0
MAR09905_r,-1.0,-1.0,-1.0,-1.0
MAR09912_r,-1.0,-1.0,-1.0,-1.0
MAR09927_r,-1.0,-1.0,-1.0,-1.0
MAR09928_r,-1.0,-1.0,-1.0,-1.0
MAR09929_r,-1.0,-1.0,-1.0,-1.0
MAR09930_r,-1.0,-1.0,-1.0,-1.0
MAR09934_r,23.3,18.4,277.8,80.8
MAR09935_r,-1.0,-1.0,-1.0,-1.0
MAR09936_r,-1.0,-1.0,-1.0,-1.0
MAR09939_r,-1.0,-1.0,-1.0,-1.0
MAR09940_r,-1.0,-1.0,-1.0,-1.0
MAR09949_r,-1.0,-1.0,-1.0,-1.0
MAR09952_r,-1.0,-1.0,-1.0,-1.0
MAR09953_r,-1.0,-1.0,-1.0,-1.0
MAR09957_r,-1.0,-1.0,-1.0,-1.0
MAR09958_r,-1.0,-1.0,-1.0,-1.0
MAR09959_r,-1.0,-1.0,-1.0,-1.0
MAR09960_r,-1.0,-1.0,-1.0,-1.0
MAR09961_r,-1.0,-1.0,-1.0,-1.0
MAR09964_r,-1.0,-1.0,-1.0,-1.0
MAR09966_r,-1.0,-1.0,-1.0,-1.0
MAR09967_r,-1.0,-1.0,-1.0,-1.0
MAR09968_r,-1.0,-1.0,-1.0,-1.0
MAR09969_r,-1.0,-1.0,-1.0,-1.0
MAR09970_r,-1.0,-1.0,-1.0,-1.0
MAR09972_r,-1.0,-1.0,-1.0,-1.0
MAR09973_r,-1.0,-1.0,-1.0,-1.0
MAR09974_r,-1.0,-1.0,-1.0,-1.0
MAR09975_r,-1.0,-1.0,-1.0,-1.0
MAR09976_r,-1.0,-1.0,-1.0,-1.0
MAR09977_r,-1.0,-1.0,-1.0,-1.0
MAR09978_r,-1.0,-1.0,-1.0,-1.0
MAR09979_r,-1.0,-1.0,-1.0,-1.0
MAR09980_r,-1.0,-1.0,-1.0,-1.0
MAR09981_r,-1.0,-1.0,-1.0,-1.0
MAR09982_r,-1.0,-1.0,-1.0,-1.0
MAR09983_r,-1.0,-1.0,-1.0,-1.0
MAR09984_r,-1.0,-1.0,-1.0,-1.0
MAR09985_r,-1.0,-1.0,-1.0,-1.0
MAR09987_r,-1.0,-1.0,-1.0,-1.0
MAR09989_r,-1.0,-1.0,-1.0,-1.0
MAR09990_r,-1.0,-1.0,-1.0,-1.0
MAR09991_r,-1.0,-1.0,-1.0,-1.0
MAR09992_r,-1.0,-1.0,-1.0,-1.0
MAR09993_r,-1.0,-1.0,-1.0,-1.0
MAR09994_r,-1.0,-1.0,-1.0,-1.0
MAR09995_r,-1.0,-1.0,-1.0,-1.0
MAR09996_r,-1.0,-1.0,-1.0,-1.0
MAR09997_r,-1.0,-1.0,-1.0,-1.0
MAR09998_r,-1.0,-1.0,-1.0,-1.0
MAR09999_r,-1.0,-1.0,-1.0,-1.0
MAR10000_r,-1.0,-1.0,-1.0,-1.0
MAR10001_r,-1.0,-1.0,-1.0,-1.0
MAR10002_r,-1.0,-1.0,-1.0,-1.0
MAR10003_r,-1.0,-1.0,-1.0,-1.0
MAR10004_r,-1.0,-1.0,-1.0,-1.0
MAR10005_r,-1.0,-1.0,-1.0,-1.0
MAR10006_r,-1.0,-1.0,-1.0,-1.0
MAR10007_r,-1.0,-1.0,-1.0,-1.0
MAR10008_r,5.8,3.1,17.8,183.6
MAR10009_r,-1.0,-1.0,-1.0,-1.0
MAR10011_r,-1.0,-1.0,-1.0,-1.0
MAR10012_r,-1.0,-1.0,-1.0,-1.0
MAR10013_r,-1.0,-1.0,-1.0,-1.0
MAR10015_r,-1.0,-1.0,-1.0,-1.0
MAR10017_r,-1.0,-1.0,-1.0,-1.0
MAR10019_r,-1.0,-1.0,-1.0,-1.0
MAR10021_r,-1.0,-1.0,-1.0,-1.0
MAR10022_r,-1.0,-1.0,-1.0,-1.0
MAR10032_r,-1.0,-1.0,-1.0,-1.0
MAR10133_r,-1.0,-1.0,-1.0,-1.0
MAR10134_r,-1.0,-1.0,-1.0,-1.0
MAR10135_r,-1.0,-1.0,-1.0,-1.0
MAR10136_r,-1.0,-1.0,-1.0,-1.0
MAR10137_r,-1.0,-1.0,-1.0,-1.0
MAR10138_r,-1.0,-1.0,-1.0,-1.0
MAR10139_r,-1.0,-1.0,-1.0,-1.0
MAR10140_r,-1.0,-1.0,-1.0,-1.0
MAR10142_r,-1.0,-1.0,-1.0,-1.0
MAR10143_r,-1.0,-1.0,-1.0,-1.0
MAR10149_r,-1.0,-1.0,-1.0,-1.0
MAR10151_r,-1.0,-1.0,-1.0,-1.0
MAR10152_r,-1.0,-1.0,-1.0,-1.0
MAR10153_r,-1.0,-1.0,-1.0,-1.0
MAR10156_r,-1.0,-1.0,-1.0,-1.0
MAR10158_r,-1.0,-1.0,-1.0,-1.0
MAR10159_r,-1.0,-1.0,-1.0,-1.0
MAR10160_r,-1.0,-1.0,-1.0,-1.0
MAR10161_r,-1.0,-1.0,-1.0,-1.0
MAR10162_r,-1.0,-1.0,-1.0,-1.0
MAR10167_r,-1.0,-1.0,-1.0,-1.0
MAR10168_r,-1.0,-1.0,-1.0,-1.0
MAR10169_r,-1.0,-1.0,-1.0,-1.0
MAR10174_r,-1.0,-1.0,-1.0,-1.0
MAR10175_r,-1.0,-1.0,-1.0,-1.0
MAR10177_r,-1.0,-1.0,-1.0,-1.0
MAR10178_r,-1.0,-1.0,-1.0,-1.0
MAR10355_r,-1.0,-1.0,-1.0,-1.0
MAR10356_r,-1.0,-1.0,-1.0,-1.0
MAR10359_r,-1.0,-1.0,-1.0,-1.0
MAR10360_r,-1.0,-1.0,-1.0,-1.0
MAR10361_r,-1.0,-1.0,-1.0,-1.0
MAR10362_r,-1.0,-1.0,-1.0,-1.0
MAR10363_r,-1.0,-1.0,-1.0,-1.0
MAR10364_r,-1.0,-1.0,-1.0,-1.0
MAR10365_r,-1.0,-1.0,-1.0,-1.0
MAR10366_r,-1.0,-1.0,-1.0,-1.0
MAR10367_r,-1.0,-1.0,-1.0,-1.0
MAR10369_r,-1.0,-1.0,-1.0,-1.0
MAR10370_r,-1.0,-1.0,-1.0,-1.0
MAR10371_r,-1.0,-1.0,-1.0,-1.0
MAR10372_r,-1.0,-1.0,-1.0,-1.0
MAR10373_r,-1.0,-1.0,-1.0,-1.0
MAR10375_r,-1.0,-1.0,-1.0,-1.0
MAR10376_r,-1.0,-1.0,-1.0,-1.0
MAR10377_r,-1.0,-1.0,-1.0,-1.0
MAR10378_r,-1.0,-1.0,-1.0,-1.0
MAR10379_r,-1.0,-1.0,-1.0,-1.0
MAR10383_r,-1.0,-1.0,-1.0,-1.0
MAR10384_r,-1.0,-1.0,-1.0,-1.0
MAR10385_r,-1.0,-1.0,-1.0,-1.0
MAR10387_r,-1.0,-1.0,-1.0,-1.0
MAR10388_r,-1.0,-1.0,-1.0,-1.0
MAR10389_r,-1.0,-1.0,-1.0,-1.0
MAR10390_r,-1.0,-1.0,-1.0,-1.0
MAR10391_r,-1.0,-1.0,-1.0,-1.0
MAR10392_r,-1.0,-1.0,-1.0,-1.0
MAR10393_r,-1.0,-1.0,-1.0,-1.0
MAR10394_r,-1.0,-1.0,-1.0,-1.0
MAR10395_r,-1.0,-1.0,-1.0,-1.0
MAR10396_r,-1.0,-1.0,-1.0,-1.0
MAR10397_r,-1.0,-1.0,-1.0,-1.0
MAR10398_r,-1.0,-1.0,-1.0,-1.0
MAR10399_r,-1.0,-1.0,-1.0,-1.0
MAR10400_r,-1.0,-1.0,-1.0,-1.0
MAR10402_r,-1.0,-1.0,-1.0,-1.0
MAR10405_r,-1.0,-1.0,-1.0,-1.0
MAR10406_r,-1.0,-1.0,-1.0,-1.0
MAR10408_r,-1.0,-1.0,-1.0,-1.0
MAR10413_r,-1.0,-1.0,-1.0,-1.0
MAR10414_r,-1.0,-1.0,-1.0,-1.0
MAR10417_r,-1.0,-1.0,-1.0,-1.0
MAR10418_r,-1.0,-1.0,-1.0,-1.0
MAR10420_r,-1.0,-1.0,-1.0,-1.0
MAR10421_r,-1.0,-1.0,-1.0,-1.0
MAR10423_r,-1.0,-1.0,-1.0,-1.0
MAR10455_r,-1.0,-1.0,-1.0,-1.0
MAR10456_r,-1.0,-1.0,-1.0,-1.0
MAR10459_r,13.6,73.8,453.8,1018.6
MAR10466_r,-1.0,-1.0,-1.0,-1.0
MAR10468_r,-1.0,-1.0,-1.0,-1.0
MAR10470_r,-1.0,-1.0,-1.0,-1.0
MAR10479_r,-1.0,-1.0,-1.0,-1.0
MAR10480_r,-1.0,-1.0,-1.0,-1.0
MAR10481_r,-1.0,-1.0,-1.0,-1.0
MAR10482_r,-1.0,-1.0,-1.0,-1.0
MAR10483_r,-1.0,-1.0,-1.0,-1.0
MAR10484_r,-1.0,-1.0,-1.0,-1.0
MAR10485_r,-1.0,-1.0,-1.0,-1.0
MAR10486_r,-1.0,-1.0,-1.0,-1.0
MAR10487_r,-1.0,-1.0,-1.0,-1.0
MAR10488_r,-1.0,-1.0,-1.0,-1.0
MAR10489_r,-1.0,-1.0,-1.0,-1.0
MAR10739_r,9.7,6.1,0.1,1.7
MAR10740_r,9.7,6.1,0.1,1.7
MAR10741_r,9.7,6.1,0.1,1.7
MAR10742_r,9.7,6.1,0.1,1.7
MAR10743_r,9.7,6.1,0.1,1.7
MAR10744_r,9.7,6.1,0.1,1.7
MAR10745_r,9.7,6.1,0.1,1.7
MAR10746_r,9.7,6.1,0.1,1.7
MAR10747_r,9.7,6.1,0.1,1.7
MAR10748_r,9.7,6.1,0.1,1.7
MAR10749_r,9.7,6.1,0.1,1.7
MAR10750_r,9.7,6.1,0.1,1.7
MAR10751_r,9.7,6.1,0.1,1.7
MAR10752_r,9.7,6.1,0.1,1.7
MAR10753_r,9.7,6.1,0.1,1.7
MAR10754_r,9.7,6.1,0.1,1.7
MAR10755_r,9.7,6.1,0.1,1.7
MAR10756_r,9.7,6.1,0.1,1.7
MAR10757_r,9.7,6.1,0.1,1.7
MAR10758_r,9.7,6.1,0.1,1.7
MAR10759_r,9.7,6.1,0.1,1.7
MAR10760_r,9.7,6.1,0.1,1.7
MAR10761_r,9.7,6.1,0.1,1.7
MAR10762_r,9.7,6.1,0.1,1.7
MAR10763_r,9.7,6.1,0.1,1.7
MAR10764_r,9.7,6.1,0.1,1.7
MAR10765_r,9.7,6.1,0.1,1.7
MAR10766_r,9.7,6.1,0.1,1.7
MAR10767_r,9.7,6.1,0.1,1.7
MAR10768_r,9.7,6.1,0.1,1.7
MAR10769_r,9.7,6.1,0.1,1.7
MAR10770_r,9.7,6.1,0.1,1.7
MAR10771_r,9.7,6.1,0.1,1.7
MAR10772_r,9.7,6.1,0.1,1.7
MAR10773_r,9.7,6.1,0.1,1.7
MAR10774_r,9.7,6.1,0.1,1.7
MAR10775_r,9.7,6.1,0.1,1.7
MAR10776_r,9.7,6.1,0.1,1.7
MAR10777_r,9.7,6.1,0.1,1.7
MAR10778_r,9.7,6.1,0.1,1.7
MAR10779_r,9.7,6.1,0.1,1.7
MAR10780_r,9.7,6.1,0.1,1.7
MAR10781_r,9.7,6.1,0.1,1.7
MAR10782_r,9.7,6.1,0.1,1.7
MAR10783_r,9.7,6.1,0.1,1.7
MAR10784_r,9.7,6.1,0.1,1.7
MAR10785_r,9.7,6.1,0.1,1.7
MAR10786_r,9.7,6.1,0.1,1.7
MAR10787_r,9.7,6.1,0.1,1.7
MAR10788_r,9.7,6.1,0.1,1.7
MAR10789_r,9.7,6.1,0.1,1.7
MAR10790_r,9.7,6.1,0.1,1.7
MAR10791_r,9.7,6.1,0.1,1.7
MAR10792_r,9.7,6.1,0.1,1.7
MAR10793_r,9.7,6.1,0.1,1.7
MAR10794_r,9.7,6.1,0.1,1.7
MAR10795_r,9.7,6.1,0.1,1.7
MAR10796_r,9.7,6.1,0.1,1.7
MAR10797_r,9.7,6.1,0.1,1.7
MAR10798_r,9.7,6.1,0.1,1.7
MAR10799_r,9.7,6.1,0.1,1.7
MAR10800_r,9.7,6.1,0.1,1.7
MAR10801_r,9.7,6.1,0.1,1.7
MAR10802_r,9.7,6.1,0.1,1.7
MAR10803_r,9.7,6.1,0.1,1.7
MAR10804_r,9.7,6.1,0.1,1.7
MAR10805_r,9.7,6.1,0.1,1.7
MAR10806_r,9.7,6.1,0.1,1.7
MAR10807_r,9.7,6.1,0.1,1.7
MAR10808_r,9.7,6.1,0.1,1.7
MAR10809_r,9.7,6.1,0.1,1.7
MAR10810_r,9.7,6.1,0.1,1.7
MAR10811_r,9.7,6.1,0.1,1.7
MAR10812_r,9.7,6.1,0.1,1.7
MAR10813_r,9.7,6.1,0.1,1.7
MAR10814_r,9.7,6.1,0.1,1.7
MAR10815_r,9.7,6.1,0.1,1.7
MAR10816_r,9.7,6.1,0.1,1.7
MAR10817_r,9.7,6.1,0.1,1.7
MAR10818_r,9.7,6.1,0.1,1.7
MAR10819_r,9.7,6.1,0.1,1.7
MAR10820_r,9.7,6.1,0.1,1.7
MAR10821_r,9.7,6.1,0.1,1.7
MAR10822_r,9.7,6.1,0.1,1.7
MAR10823_r,9.7,6.1,0.1,1.7
MAR10824_r,9.7,6.1,0.1,1.7
MAR10825_r,9.7,6.1,0.1,1.7
MAR10826_r,9.7,6.1,0.1,1.7
MAR10827_r,9.7,6.1,0.1,1.7
MAR10828_r,9.7,6.1,0.1,1.7
MAR10829_r,9.7,6.1,0.1,1.7
MAR10830_r,9.7,6.1,0.1,1.7
MAR10831_r,9.7,6.1,0.1,1.7
MAR10832_r,9.7,6.1,0.1,1.7
MAR10833_r,9.7,6.1,0.1,1.7
MAR10834_r,9.7,6.1,0.1,1.7
MAR10835_r,9.7,6.1,0.1,1.7
MAR10836_r,9.7,6.1,0.1,1.7
MAR10837_r,9.7,6.1,0.1,1.7
MAR10838_r,9.7,6.1,0.1,1.7
MAR10839_r,9.7,6.1,0.1,1.7
MAR10840_r,9.7,6.1,0.1,1.7
MAR10841_r,9.7,6.1,0.1,1.7
MAR10842_r,9.7,6.1,0.1,1.7
MAR10843_r,9.7,6.1,0.1,1.7
MAR10844_r,9.7,6.1,0.1,1.7
MAR10845_r,9.7,6.1,0.1,1.7
MAR10846_r,9.7,6.1,0.1,1.7
MAR10847_r,9.7,6.1,0.1,1.7
MAR10848_r,9.7,6.1,0.1,1.7
MAR10849_r,9.7,6.1,0.1,1.7
MAR10850_r,9.7,6.1,0.1,1.7
MAR10851_r,9.7,6.1,0.1,1.7
MAR10852_r,9.7,6.1,0.1,1.7
MAR10853_r,9.7,6.1,0.1,1.7
MAR10854_r,9.7,6.1,0.1,1.7
MAR10855_r,9.7,6.1,0.1,1.7
MAR10856_r,9.7,6.1,0.1,1.7
MAR10857_r,9.7,6.1,0.1,1.7
MAR10858_r,9.7,6.1,0.1,1.7
MAR10859_r,9.7,6.1,0.1,1.7
MAR10860_r,9.7,6.1,0.1,1.7
MAR10861_r,9.7,6.1,0.1,1.7
MAR10862_r,9.7,6.1,0.1,1.7
MAR10863_r,9.7,6.1,0.1,1.7
MAR10864_r,9.7,6.1,0.1,1.7
MAR10865_r,9.7,6.1,0.1,1.7
MAR10866_r,9.7,6.1,0.1,1.7
MAR10867_r,9.7,6.1,0.1,1.7
MAR10868_r,9.7,6.1,0.1,1.7
MAR10869_r,9.7,6.1,0.1,1.7
MAR10870_r,9.7,6.1,0.1,1.7
MAR10871_r,9.7,6.1,0.1,1.7
MAR10872_r,9.7,6.1,0.1,1.7
MAR10873_r,9.7,6.1,0.1,1.7
MAR10874_r,9.7,6.1,0.1,1.7
MAR10875_r,9.7,6.1,0.1,1.7
MAR10876_r,9.7,6.1,0.1,1.7
MAR10877_r,9.7,6.1,0.1,1.7
MAR10878_r,9.7,6.1,0.1,1.7
MAR10879_r,9.7,6.1,0.1,1.7
MAR10880_r,9.7,6.1,0.1,1.7
MAR10881_r,9.7,6.1,0.1,1.7
MAR10882_r,9.7,6.1,0.1,1.7
MAR10883_r,9.7,6.1,0.1,1.7
MAR10884_r,9.7,6.1,0.1,1.7
MAR10885_r,9.7,6.1,0.1,1.7
MAR10886_r,9.7,6.1,0.1,1.7
MAR10887_r,9.7,6.1,0.1,1.7
MAR10888_r,9.7,6.1,0.1,1.7
MAR10889_r,9.7,6.1,0.1,1.7
MAR10890_r,9.7,6.1,0.1,1.7
MAR10891_r,9.7,6.1,0.1,1.7
MAR10892_r,9.7,6.1,0.1,1.7
MAR10893_r,9.7,6.1,0.1,1.7
MAR10894_r,9.7,6.1,0.1,1.7
MAR10895_r,9.7,6.1,0.1,1.7
MAR10896_r,9.7,6.1,0.1,1.7
MAR10897_r,9.7,6.1,0.1,1.7
MAR10898_r,9.7,6.1,0.1,1.7
MAR10899_r,9.7,6.1,0.1,1.7
MAR10900_r,9.7,6.1,0.1,1.7
MAR10901_r,9.7,6.1,0.1,1.7
MAR10902_r,9.7,6.1,0.1,1.7
MAR10903_r,9.7,6.1,0.1,1.7
MAR10904_r,9.7,6.1,0.1,1.7
MAR10905_r,9.7,6.1,0.1,1.7
MAR10906_r,9.7,6.1,0.1,1.7
MAR10907_r,9.7,6.1,0.1,1.7
MAR10908_r,9.7,6.1,0.1,1.7
MAR10909_r,9.7,6.1,0.1,1.7
MAR10910_r,9.7,6.1,0.1,1.7
MAR10911_r,9.7,6.1,0.1,1.7
MAR10912_r,9.7,6.1,0.1,1.7
MAR10913_r,9.7,6.1,0.1,1.7
MAR10914_r,9.7,6.1,0.1,1.7
MAR10915_r,9.7,6.1,0.1,1.7
MAR10916_r,9.7,6.1,0.1,1.7
MAR10917_r,9.7,6.1,0.1,1.7
MAR10918_r,9.7,6.1,0.1,1.7
MAR10919_r,9.7,6.1,0.1,1.7
MAR10920_r,9.7,6.1,0.1,1.7
MAR10921_r,9.7,6.1,0.1,1.7
MAR10922_r,9.7,6.1,0.1,1.7
MAR10923_r,9.7,6.1,0.1,1.7
MAR10924_r,9.7,6.1,0.1,1.7
MAR10925_r,9.7,6.1,0.1,1.7
MAR10926_r,9.7,6.1,0.1,1.7
MAR10927_r,9.7,6.1,0.1,1.7
MAR10928_r,9.7,6.1,0.1,1.7
MAR10929_r,9.7,6.1,0.1,1.7
MAR10930_r,9.7,6.1,0.1,1.7
MAR10931_r,9.7,6.1,0.1,1.7
MAR10932_r,9.7,6.1,0.1,1.7
MAR10933_r,9.7,6.1,0.1,1.7
MAR10934_r,9.7,6.1,0.1,1.7
MAR10935_r,9.7,6.1,0.1,1.7
MAR10936_r,9.7,6.1,0.1,1.7
MAR10937_r,9.7,6.1,0.1,1.7
MAR10938_r,9.7,6.1,0.1,1.7
MAR10939_r,9.7,6.1,0.1,1.7
MAR10940_r,9.7,6.1,0.1,1.7
MAR10941_r,9.7,6.1,0.1,1.7
MAR10942_r,9.7,6.1,0.1,1.7
MAR10943_r,9.7,6.1,0.1,1.7
MAR10944_r,9.7,6.1,0.1,1.7
MAR10945_r,9.7,6.1,0.1,1.7
MAR10946_r,9.7,6.1,0.1,1.7
MAR10947_r,9.7,6.1,0.1,1.7
MAR10948_r,9.7,6.1,0.1,1.7
MAR10949_r,9.7,6.1,0.1,1.7
MAR10950_r,9.7,6.1,0.1,1.7
MAR10951_r,9.7,6.1,0.1,1.7
MAR10952_r,9.7,6.1,0.1,1.7
MAR10953_r,9.7,6.1,0.1,1.7
MAR10954_r,9.7,6.1,0.1,1.7
MAR10955_r,9.7,6.1,0.1,1.7
MAR10956_r,9.7,6.1,0.1,1.7
MAR10957_r,9.7,6.1,0.1,1.7
MAR10958_r,9.7,6.1,0.1,1.7
MAR10959_r,9.7,6.1,0.1,1.7
MAR10960_r,9.7,6.1,0.1,1.7
MAR10961_r,9.7,6.1,0.1,1.7
MAR10962_r,9.7,6.1,0.1,1.7
MAR10963_r,9.7,6.1,0.1,1.7
MAR10964_r,9.7,6.1,0.1,1.7
MAR10965_r,9.7,6.1,0.1,1.7
MAR10966_r,9.7,6.1,0.1,1.7
MAR10967_r,9.7,6.1,0.1,1.7
MAR10968_r,9.7,6.1,0.1,1.7
MAR10969_r,9.7,6.1,0.1,1.7
MAR10970_r,9.7,6.1,0.1,1.7
MAR10971_r,9.7,6.1,0.1,1.7
MAR10972_r,9.7,6.1,0.1,1.7
MAR10973_r,9.7,6.1,0.1,1.7
MAR10974_r,9.7,6.1,0.1,1.7
MAR10975_r,9.7,6.1,0.1,1.7
MAR10976_r,9.7,6.1,0.1,1.7
MAR10977_r,9.7,6.1,0.1,1.7
MAR10978_r,9.7,6.1,0.1,1.7
MAR10979_r,9.7,6.1,0.1,1.7
MAR10980_r,9.7,6.1,0.1,1.7
MAR10981_r,-1.0,-1.0,-1.0,-1.0
MAR10982_r,-1.0,-1.0,-1.0,-1.0
MAR10983_r,-1.0,-1.0,-1.0,-1.0
MAR10984_r,-1.0,-1.0,-1.0,-1.0
MAR10985_r,-1.0,-1.0,-1.0,-1.0
MAR10986_r,-1.0,-1.0,-1.0,-1.0
MAR10987_r,-1.0,-1.0,-1.0,-1.0
MAR10988_r,-1.0,-1.0,-1.0,-1.0
MAR10989_r,-1.0,-1.0,-1.0,-1.0
MAR10990_r,-1.0,-1.0,-1.0,-1.0
MAR10991_r,-1.0,-1.0,-1.0,-1.0
MAR10992_r,-1.0,-1.0,-1.0,-1.0
MAR10993_r,-1.0,-1.0,-1.0,-1.0
MAR10994_r,-1.0,-1.0,-1.0,-1.0
MAR10995_r,-1.0,-1.0,-1.0,-1.0
MAR10996_r,-1.0,-1.0,-1.0,-1.0
MAR10997_r,-1.0,-1.0,-1.0,-1.0
MAR10998_r,-1.0,-1.0,-1.0,-1.0
MAR10999_r,-1.0,-1.0,-1.0,-1.0
MAR11000_r,-1.0,-1.0,-1.0,-1.0
MAR11001_r,-1.0,-1.0,-1.0,-1.0
MAR11002_r,-1.0,-1.0,-1.0,-1.0
MAR11003_r,-1.0,-1.0,-1.0,-1.0
MAR11004_r,-1.0,-1.0,-1.0,-1.0
MAR11005_r,-1.0,-1.0,-1.0,-1.0
MAR11006_r,-1.0,-1.0,-1.0,-1.0
MAR11007_r,-1.0,-1.0,-1.0,-1.0
MAR11008_r,-1.0,-1.0,-1.0,-1.0
MAR11009_r,-1.0,-1.0,-1.0,-1.0
MAR11010_r,-1.0,-1.0,-1.0,-1.0
MAR11011_r,-1.0,-1.0,-1.0,-1.0
MAR11012_r,-1.0,-1.0,-1.0,-1.0
MAR11013_r,-1.0,-1.0,-1.0,-1.0
MAR11014_r,-1.0,-1.0,-1.0,-1.0
MAR11015_r,-1.0,-1.0,-1.0,-1.0
MAR11016_r,-1.0,-1.0,-1.0,-1.0
MAR11017_r,-1.0,-1.0,-1.0,-1.0
MAR11018_r,-1.0,-1.0,-1.0,-1.0
MAR11019_r,-1.0,-1.0,-1.0,-1.0
MAR11020_r,-1.0,-1.0,-1.0,-1.0
MAR11021_r,-1.0,-1.0,-1.0,-1.0
MAR11022_r,-1.0,-1.0,-1.0,-1.0
MAR11023_r,-1.0,-1.0,-1.0,-1.0
MAR11024_r,-1.0,-1.0,-1.0,-1.0
MAR11025_r,-1.0,-1.0,-1.0,-1.0
MAR11026_r,-1.0,-1.0,-1.0,-1.0
MAR11027_r,-1.0,-1.0,-1.0,-1.0
MAR11028_r,-1.0,-1.0,-1.0,-1.0
MAR11029_r,-1.0,-1.0,-1.0,-1.0
MAR11030_r,-1.0,-1.0,-1.0,-1.0
MAR11031_r,-1.0,-1.0,-1.0,-1.0
MAR11032_r,-1.0,-1.0,-1.0,-1.0
MAR11033_r,-1.0,-1.0,-1.0,-1.0
MAR11034_r,-1.0,-1.0,-1.0,-1.0
MAR11035_r,-1.0,-1.0,-1.0,-1.0
MAR11036_r,-1.0,-1.0,-1.0,-1.0
MAR11037_r,-1.0,-1.0,-1.0,-1.0
MAR11038_r,-1.0,-1.0,-1.0,-1.0
MAR11039_r,-1.0,-1.0,-1.0,-1.0
MAR11040_r,-1.0,-1.0,-1.0,-1.0
MAR11041_r,-1.0,-1.0,-1.0,-1.0
MAR11042_r,-1.0,-1.0,-1.0,-1.0
MAR11043_r,-1.0,-1.0,-1.0,-1.0
MAR11044_r,-1.0,-1.0,-1.0,-1.0
MAR11045_r,-1.0,-1.0,-1.0,-1.0
MAR11046_r,-1.0,-1.0,-1.0,-1.0
MAR11047_r,-1.0,-1.0,-1.0,-1.0
MAR11048_r,-1.0,-1.0,-1.0,-1.0
MAR11049_r,-1.0,-1.0,-1.0,-1.0
MAR11050_r,-1.0,-1.0,-1.0,-1.0
MAR11051_r,-1.0,-1.0,-1.0,-1.0
MAR11052_r,-1.0,-1.0,-1.0,-1.0
MAR11053_r,-1.0,-1.0,-1.0,-1.0
MAR11054_r,-1.0,-1.0,-1.0,-1.0
MAR11055_r,-1.0,-1.0,-1.0,-1.0
MAR11056_r,-1.0,-1.0,-1.0,-1.0
MAR11057_r,-1.0,-1.0,-1.0,-1.0
MAR11058_r,-1.0,-1.0,-1.0,-1.0
MAR11059_r,-1.0,-1.0,-1.0,-1.0
MAR11060_r,-1.0,-1.0,-1.0,-1.0
MAR11061_r,-1.0,-1.0,-1.0,-1.0
MAR11062_r,-1.0,-1.0,-1.0,-1.0
MAR11063_r,-1.0,-1.0,-1.0,-1.0
MAR11064_r,-1.0,-1.0,-1.0,-1.0
MAR11065_r,-1.0,-1.0,-1.0,-1.0
MAR11066_r,-1.0,-1.0,-1.0,-1.0
MAR11067_r,-1.0,-1.0,-1.0,-1.0
MAR11068_r,-1.0,-1.0,-1.0,-1.0
MAR11069_r,-1.0,-1.0,-1.0,-1.0
MAR11070_r,-1.0,-1.0,-1.0,-1.0
MAR11071_r,-1.0,-1.0,-1.0,-1.0
MAR11072_r,-1.0,-1.0,-1.0,-1.0
MAR11073_r,-1.0,-1.0,-1.0,-1.0
MAR11074_r,-1.0,-1.0,-1.0,-1.0
MAR11075_r,-1.0,-1.0,-1.0,-1.0
MAR11076_r,-1.0,-1.0,-1.0,-1.0
MAR11077_r,-1.0,-1.0,-1.0,-1.0
MAR11078_r,-1.0,-1.0,-1.0,-1.0
MAR11079_r,-1.0,-1.0,-1.0,-1.0
MAR11080_r,-1.0,-1.0,-1.0,-1.0
MAR11081_r,-1.0,-1.0,-1.0,-1.0
MAR11082_r,-1.0,-1.0,-1.0,-1.0
MAR11083_r,-1.0,-1.0,-1.0,-1.0
MAR11084_r,-1.0,-1.0,-1.0,-1.0
MAR11085_r,-1.0,-1.0,-1.0,-1.0
MAR11086_r,-1.0,-1.0,-1.0,-1.0
MAR11087_r,-1.0,-1.0,-1.0,-1.0
MAR11088_r,-1.0,-1.0,-1.0,-1.0
MAR11089_r,-1.0,-1.0,-1.0,-1.0
MAR11090_r,-1.0,-1.0,-1.0,-1.0
MAR11091_r,-1.0,-1.0,-1.0,-1.0
MAR11092_r,-1.0,-1.0,-1.0,-1.0
MAR11093_r,-1.0,-1.0,-1.0,-1.0
MAR11094_r,-1.0,-1.0,-1.0,-1.0
MAR11095_r,-1.0,-1.0,-1.0,-1.0
MAR11096_r,-1.0,-1.0,-1.0,-1.0
MAR11097_r,-1.0,-1.0,-1.0,-1.0
MAR11098_r,-1.0,-1.0,-1.0,-1.0
MAR11099_r,-1.0,-1.0,-1.0,-1.0
MAR11100_r,-1.0,-1.0,-1.0,-1.0
MAR11101_r,-1.0,-1.0,-1.0,-1.0
MAR11102_r,-1.0,-1.0,-1.0,-1.0
MAR11103_r,-1.0,-1.0,-1.0,-1.0
MAR11104_r,-1.0,-1.0,-1.0,-1.0
MAR11105_r,-1.0,-1.0,-1.0,-1.0
MAR11106_r,-1.0,-1.0,-1.0,-1.0
MAR11107_r,-1.0,-1.0,-1.0,-1.0
MAR11108_r,-1.0,-1.0,-1.0,-1.0
MAR11109_r,-1.0,-1.0,-1.0,-1.0
MAR11110_r,-1.0,-1.0,-1.0,-1.0
MAR11111_r,-1.0,-1.0,-1.0,-1.0
MAR11112_r,-1.0,-1.0,-1.0,-1.0
MAR11113_r,-1.0,-1.0,-1.0,-1.0
MAR11114_r,-1.0,-1.0,-1.0,-1.0
MAR11115_r,-1.0,-1.0,-1.0,-1.0
MAR11116_r,-1.0,-1.0,-1.0,-1.0
MAR11117_r,-1.0,-1.0,-1.0,-1.0
MAR11118_r,-1.0,-1.0,-1.0,-1.0
MAR11119_r,-1.0,-1.0,-1.0,-1.0
MAR11120_r,-1.0,-1.0,-1.0,-1.0
MAR11121_r,-1.0,-1.0,-1.0,-1.0
MAR11122_r,-1.0,-1.0,-1.0,-1.0
MAR11123_r,-1.0,-1.0,-1.0,-1.0
MAR11124_r,-1.0,-1.0,-1.0,-1.0
MAR11125_r,-1.0,-1.0,-1.0,-1.0
MAR11126_r,-1.0,-1.0,-1.0,-1.0
MAR11127_r,-1.0,-1.0,-1.0,-1.0
MAR11128_r,-1.0,-1.0,-1.0,-1.0
MAR11129_r,-1.0,-1.0,-1.0,-1.0
MAR11130_r,-1.0,-1.0,-1.0,-1.0
MAR11131_r,-1.0,-1.0,-1.0,-1.0
MAR11132_r,-1.0,-1.0,-1.0,-1.0
MAR11133_r,-1.0,-1.0,-1.0,-1.0
MAR11134_r,-1.0,-1.0,-1.0,-1.0
MAR11135_r,-1.0,-1.0,-1.0,-1.0
MAR11136_r,-1.0,-1.0,-1.0,-1.0
MAR11137_r,-1.0,-1.0,-1.0,-1.0
MAR11138_r,-1.0,-1.0,-1.0,-1.0
MAR11139_r,-1.0,-1.0,-1.0,-1.0
MAR11140_r,-1.0,-1.0,-1.0,-1.0
MAR11141_r,-1.0,-1.0,-1.0,-1.0
MAR11142_r,-1.0,-1.0,-1.0,-1.0
MAR11143_r,-1.0,-1.0,-1.0,-1.0
MAR11144_r,-1.0,-1.0,-1.0,-1.0
MAR11145_r,-1.0,-1.0,-1.0,-1.0
MAR11146_r,-1.0,-1.0,-1.0,-1.0
MAR11147_r,-1.0,-1.0,-1.0,-1.0
MAR11148_r,-1.0,-1.0,-1.0,-1.0
MAR11149_r,-1.0,-1.0,-1.0,-1.0
MAR11150_r,-1.0,-1.0,-1.0,-1.0
MAR11151_r,-1.0,-1.0,-1.0,-1.0
MAR11152_r,-1.0,-1.0,-1.0,-1.0
MAR11153_r,-1.0,-1.0,-1.0,-1.0
MAR11154_r,-1.0,-1.0,-1.0,-1.0
MAR11155_r,-1.0,-1.0,-1.0,-1.0
MAR11156_r,-1.0,-1.0,-1.0,-1.0
MAR11157_r,-1.0,-1.0,-1.0,-1.0
MAR11158_r,-1.0,-1.0,-1.0,-1.0
MAR11159_r,-1.0,-1.0,-1.0,-1.0
MAR11160_r,-1.0,-1.0,-1.0,-1.0
MAR11161_r,-1.0,-1.0,-1.0,-1.0
MAR11162_r,-1.0,-1.0,-1.0,-1.0
MAR11163_r,-1.0,-1.0,-1.0,-1.0
MAR11164_r,-1.0,-1.0,-1.0,-1.0
MAR11165_r,-1.0,-1.0,-1.0,-1.0
MAR11166_r,-1.0,-1.0,-1.0,-1.0
MAR11167_r,-1.0,-1.0,-1.0,-1.0
MAR11168_r,-1.0,-1.0,-1.0,-1.0
MAR11169_r,-1.0,-1.0,-1.0,-1.0
MAR11170_r,-1.0,-1.0,-1.0,-1.0
MAR11171_r,-1.0,-1.0,-1.0,-1.0
MAR11172_r,-1.0,-1.0,-1.0,-1.0
MAR11173_r,-1.0,-1.0,-1.0,-1.0
MAR11174_r,-1.0,-1.0,-1.0,-1.0
MAR11175_r,-1.0,-1.0,-1.0,-1.0
MAR11176_r,-1.0,-1.0,-1.0,-1.0
MAR11177_r,-1.0,-1.0,-1.0,-1.0
MAR11178_r,-1.0,-1.0,-1.0,-1.0
MAR11179_r,-1.0,-1.0,-1.0,-1.0
MAR11180_r,-1.0,-1.0,-1.0,-1.0
MAR11181_r,-1.0,-1.0,-1.0,-1.0
MAR11182_r,-1.0,-1.0,-1.0,-1.0
MAR11183_r,-1.0,-1.0,-1.0,-1.0
MAR11184_r,-1.0,-1.0,-1.0,-1.0
MAR11185_r,-1.0,-1.0,-1.0,-1.0
MAR11186_r,-1.0,-1.0,-1.0,-1.0
MAR11187_r,-1.0,-1.0,-1.0,-1.0
MAR11188_r,-1.0,-1.0,-1.0,-1.0
MAR11189_r,-1.0,-1.0,-1.0,-1.0
MAR11190_r,-1.0,-1.0,-1.0,-1.0
MAR11191_r,-1.0,-1.0,-1.0,-1.0
MAR11192_r,-1.0,-1.0,-1.0,-1.0
MAR11193_r,-1.0,-1.0,-1.0,-1.0
MAR11194_r,-1.0,-1.0,-1.0,-1.0
MAR11195_r,-1.0,-1.0,-1.0,-1.0
MAR11196_r,-1.0,-1.0,-1.0,-1.0
MAR11197_r,-1.0,-1.0,-1.0,-1.0
MAR11198_r,-1.0,-1.0,-1.0,-1.0
MAR11199_r,-1.0,-1.0,-1.0,-1.0
MAR11200_r,-1.0,-1.0,-1.0,-1.0
MAR11201_r,-1.0,-1.0,-1.0,-1.0
MAR11202_r,-1.0,-1.0,-1.0,-1.0
MAR11203_r,-1.0,-1.0,-1.0,-1.0
MAR11204_r,-1.0,-1.0,-1.0,-1.0
MAR11205_r,-1.0,-1.0,-1.0,-1.0
MAR11206_r,-1.0,-1.0,-1.0,-1.0
MAR11207_r,-1.0,-1.0,-1.0,-1.0
MAR11208_r,-1.0,-1.0,-1.0,-1.0
MAR11209_r,-1.0,-1.0,-1.0,-1.0
MAR11210_r,-1.0,-1.0,-1.0,-1.0
MAR11211_r,-1.0,-1.0,-1.0,-1.0
MAR11212_r,-1.0,-1.0,-1.0,-1.0
MAR11213_r,-1.0,-1.0,-1.0,-1.0
MAR11214_r,-1.0,-1.0,-1.0,-1.0
MAR11215_r,-1.0,-1.0,-1.0,-1.0
MAR11216_r,-1.0,-1.0,-1.0,-1.0
MAR11217_r,-1.0,-1.0,-1.0,-1.0
MAR11218_r,-1.0,-1.0,-1.0,-1.0
MAR11219_r,-1.0,-1.0,-1.0,-1.0
MAR11220_r,-1.0,-1.0,-1.0,-1.0
MAR11221_r,-1.0,-1.0,-1.0,-1.0
MAR11222_r,-1.0,-1.0,-1.0,-1.0
MAR11223_r,-1.0,-1.0,-1.0,-1.0
MAR11226_r,-1.0,-1.0,-1.0,-1.0
MAR11227_r,-1.0,-1.0,-1.0,-1.0
MAR11228_r,-1.0,-1.0,-1.0,-1.0
MAR11229_r,-1.0,-1.0,-1.0,-1.0
MAR11230_r,-1.0,-1.0,-1.0,-1.0
MAR11231_r,-1.0,-1.0,-1.0,-1.0
MAR11232_r,-1.0,-1.0,-1.0,-1.0
MAR11233_r,-1.0,-1.0,-1.0,-1.0
MAR11234_r,-1.0,-1.0,-1.0,-1.0
MAR11235_r,-1.0,-1.0,-1.0,-1.0
MAR11236_r,-1.0,-1.0,-1.0,-1.0
MAR11237_r,-1.0,-1.0,-1.0,-1.0
MAR11238_r,-1.0,-1.0,-1.0,-1.0
MAR11239_r,-1.0,-1.0,-1.0,-1.0
MAR11240_r,-1.0,-1.0,-1.0,-1.0
MAR11241_r,-1.0,-1.0,-1.0,-1.0
MAR11242_r,-1.0,-1.0,-1.0,-1.0
MAR11243_r,-1.0,-1.0,-1.0,-1.0
MAR11244_r,-1.0,-1.0,-1.0,-1.0
MAR11245_r,-1.0,-1.0,-1.0,-1.0
MAR11246_r,-1.0,-1.0,-1.0,-1.0
MAR11247_r,-1.0,-1.0,-1.0,-1.0
MAR11248_r,-1.0,-1.0,-1.0,-1.0
MAR11249_r,-1.0,-1.0,-1.0,-1.0
MAR11250_r,-1.0,-1.0,-1.0,-1.0
MAR11251_r,-1.0,-1.0,-1.0,-1.0
MAR11252_r,-1.0,-1.0,-1.0,-1.0
MAR11253_r,-1.0,-1.0,-1.0,-1.0
MAR11254_r,-1.0,-1.0,-1.0,-1.0
MAR11255_r,-1.0,-1.0,-1.0,-1.0
MAR11256_r,-1.0,-1.0,-1.0,-1.0
MAR11257_r,-1.0,-1.0,-1.0,-1.0
MAR11258_r,-1.0,-1.0,-1.0,-1.0
MAR11259_r,-1.0,-1.0,-1.0,-1.0
MAR11260_r,-1.0,-1.0,-1.0,-1.0
MAR11261_r,-1.0,-1.0,-1.0,-1.0
MAR11262_r,-1.0,-1.0,-1.0,-1.0
MAR11263_r,-1.0,-1.0,-1.0,-1.0
MAR11264_r,-1.0,-1.0,-1.0,-1.0
MAR11265_r,-1.0,-1.0,-1.0,-1.0
MAR11266_r,-1.0,-1.0,-1.0,-1.0
MAR11267_r,-1.0,-1.0,-1.0,-1.0
MAR11268_r,-1.0,-1.0,-1.0,-1.0
MAR11270_r,-1.0,-1.0,-1.0,-1.0
MAR11271_r,-1.0,-1.0,-1.0,-1.0
MAR11272_r,-1.0,-1.0,-1.0,-1.0
MAR11274_r,-1.0,-1.0,-1.0,-1.0
MAR11276_r,-1.0,-1.0,-1.0,-1.0
MAR11277_r,-1.0,-1.0,-1.0,-1.0
MAR11278_r,-1.0,-1.0,-1.0,-1.0
MAR11279_r,-1.0,-1.0,-1.0,-1.0
MAR11280_r,-1.0,-1.0,-1.0,-1.0
MAR11282_r,-1.0,-1.0,-1.0,-1.0
MAR11283_r,-1.0,-1.0,-1.0,-1.0
MAR11284_r,-1.0,-1.0,-1.0,-1.0
MAR11285_r,-1.0,-1.0,-1.0,-1.0
MAR11286_r,-1.0,-1.0,-1.0,-1.0
MAR11287_r,-1.0,-1.0,-1.0,-1.0
MAR11288_r,-1.0,-1.0,-1.0,-1.0
MAR11289_r,-1.0,-1.0,-1.0,-1.0
MAR11290_r,-1.0,-1.0,-1.0,-1.0
MAR11291_r,-1.0,-1.0,-1.0,-1.0
MAR11292_r,-1.0,-1.0,-1.0,-1.0
MAR11296_r,-1.0,-1.0,-1.0,-1.0
MAR11297_r,-1.0,-1.0,-1.0,-1.0
MAR11298_r,-1.0,-1.0,-1.0,-1.0
MAR11299_r,-1.0,-1.0,-1.0,-1.0
MAR11300_r,-1.0,-1.0,-1.0,-1.0
MAR11302_r,-1.0,-1.0,-1.0,-1.0
MAR11303_r,-1.0,-1.0,-1.0,-1.0
MAR11304_r,-1.0,-1.0,-1.0,-1.0
MAR11309_r,-1.0,-1.0,-1.0,-1.0
MAR11311_r,-1.0,-1.0,-1.0,-1.0
MAR11313_r,-1.0,-1.0,-1.0,-1.0
MAR11317_r,-1.0,-1.0,-1.0,-1.0
MAR11318_r,-1.0,-1.0,-1.0,-1.0
MAR11319_r,-1.0,-1.0,-1.0,-1.0
MAR11320_r,-1.0,-1.0,-1.0,-1.0
MAR11321_r,-1.0,-1.0,-1.0,-1.0
MAR11329_r,-1.0,-1.0,-1.0,-1.0
MAR11330_r,-1.0,-1.0,-1.0,-1.0
MAR11331_r,-1.0,-1.0,-1.0,-1.0
MAR11332_r,-1.0,-1.0,-1.0,-1.0
MAR11333_r,-1.0,-1.0,-1.0,-1.0
MAR11334_r,-1.0,-1.0,-1.0,-1.0
MAR11346_r,-1.0,-1.0,-1.0,-1.0
MAR11354_r,-1.0,-1.0,-1.0,-1.0
MAR11355_r,-1.0,-1.0,-1.0,-1.0
MAR11356_r,-1.0,-1.0,-1.0,-1.0
MAR11357_r,-1.0,-1.0,-1.0,-1.0
MAR11359_r,-1.0,-1.0,-1.0,-1.0
MAR11360_r,-1.0,-1.0,-1.0,-1.0
MAR11362_r,-1.0,-1.0,-1.0,-1.0
MAR11363_r,-1.0,-1.0,-1.0,-1.0
MAR11364_r,-1.0,-1.0,-1.0,-1.0
MAR11365_r,-1.0,-1.0,-1.0,-1.0
MAR11366_r,-1.0,-1.0,-1.0,-1.0
MAR11367_r,-1.0,-1.0,-1.0,-1.0
MAR11370_r,-1.0,-1.0,-1.0,-1.0
MAR11371_r,-1.0,-1.0,-1.0,-1.0
MAR11372_r,-1.0,-1.0,-1.0,-1.0
MAR11375_r,-1.0,-1.0,-1.0,-1.0
MAR11378_r,-1.0,-1.0,-1.0,-1.0
MAR11381_r,-1.0,-1.0,-1.0,-1.0
MAR11384_r,-1.0,-1.0,-1.0,-1.0
MAR11389_r,-1.0,-1.0,-1.0,-1.0
MAR11395_r,-1.0,-1.0,-1.0,-1.0
MAR11396_r,-1.0,-1.0,-1.0,-1.0
MAR11397_r,-1.0,-1.0,-1.0,-1.0
MAR11410_r,-1.0,-1.0,-1.0,-1.0
MAR11411_r,120.6,141.4,114.5,436.2
MAR11413_r,-1.0,-1.0,-1.0,-1.0
MAR11414_r,66.1,98.3,196.4,986.7
MAR11415_r,-1.0,-1.0,-1.0,-1.0
MAR11417_r,-1.0,-1.0,-1.0,-1.0
MAR11418_r,-1.0,-1.0,-1.0,-1.0
MAR11429_r,-1.0,-1.0,-1.0,-1.0
MAR11433_r,1.9,3.1,10.6,3.2
MAR11435_r,-1.0,-1.0,-1.0,-1.0
MAR11442_r,35.0,6.1,9.6,0.4
MAR11443_r,105.0,682.3,458.0,517.6
MAR11450_r,-1.0,-1.0,-1.0,-1.0
MAR11453_r,-1.0,-1.0,-1.0,-1.0
MAR11456_r,-1.0,-1.0,-1.0,-1.0
MAR11467_r,19.4,33.8,294.4,180.0
MAR11468_r,-1.0,-1.0,-1.0,-1.0
MAR11476_r,735.1000000000001,2806.1,650.8,3434.8
MAR11477_r,-1.0,-1.0,-1.0,-1.0
MAR11479_r,735.1000000000001,2806.1,650.8,3434.8
MAR11480_r,-1.0,-1.0,-1.0,-1.0
MAR11486_r,97.2,556.3,776.1,1447.9
MAR11489_r,-1.0,-1.0,-1.0,-1.0
MAR11502_r,13.6,73.8,453.8,1018.6
MAR11509_r,13.6,73.8,453.8,1018.6
MAR11518_r,-1.0,-1.0,-1.0,-1.0
MAR11571_r,-1.0,-1.0,-1.0,-1.0
MAR11583_r,-1.0,-1.0,-1.0,-1.0
MAR11584_r,-1.0,-1.0,-1.0,-1.0
MAR11585_r,-1.0,-1.0,-1.0,-1.0
MAR11586_r,-1.0,-1.0,-1.0,-1.0
MAR11630_r,-1.0,-1.0,-1.0,-1.0
MAR11631_r,-1.0,-1.0,-1.0,-1.0
MAR11632_r,-1.0,-1.0,-1.0,-1.0
MAR11633_r,-1.0,-1.0,-1.0,-1.0
MAR11634_r,-1.0,-1.0,-1.0,-1.0
MAR11635_r,-1.0,-1.0,-1.0,-1.0
MAR11636_r,-1.0,-1.0,-1.0,-1.0
MAR11637_r,-1.0,-1.0,-1.0,-1.0
MAR11638_r,-1.0,-1.0,-1.0,-1.0
MAR11639_r,-1.0,-1.0,-1.0,-1.0
MAR11640_r,-1.0,-1.0,-1.0,-1.0
MAR11641_r,-1.0,-1.0,-1.0,-1.0
MAR11642_r,-1.0,-1.0,-1.0,-1.0
MAR11643_r,-1.0,-1.0,-1.0,-1.0
MAR11644_r,-1.0,-1.0,-1.0,-1.0
MAR11645_r,-1.0,-1.0,-1.0,-1.0
MAR11646_r,-1.0,-1.0,-1.0,-1.0
MAR11647_r,-1.0,-1.0,-1.0,-1.0
MAR11728_r,-1.0,-1.0,-1.0,-1.0
MAR11731_r,-1.0,-1.0,-1.0,-1.0
MAR11734_r,-1.0,-1.0,-1.0,-1.0
MAR11756_r,1.9,3.1,0.1,34.9
MAR11775_r,-1.0,-1.0,-1.0,-1.0
MAR11779_r,-1.0,-1.0,-1.0,-1.0
MAR11780_r,-1.0,-1.0,-1.0,-1.0
MAR11781_r,-1.0,-1.0,-1.0,-1.0
MAR11782_r,1.9,3.1,53.6,1.7
MAR11783_r,-1.0,-1.0,-1.0,-1.0
MAR11784_r,-1.0,-1.0,-1.0,-1.0
MAR11785_r,35.0,6.1,9.6,0.4
MAR11788_r,-1.0,-1.0,-1.0,-1.0
MAR11789_r,-1.0,-1.0,-1.0,-1.0
MAR11790_r,-1.0,-1.0,-1.0,-1.0
MAR11801_r,23.4,12.2,14.5,1.4
MAR11803_r,17.5,24.6,10.8,0.4
MAR11805_r,-1.0,-1.0,-1.0,-1.0
MAR11806_r,1.9,3.1,53.6,1.7
MAR11807_r,1.9,3.1,53.6,1.7
MAR11811_r,-1.0,-1.0,-1.0,-1.0
MAR11812_r,-1.0,-1.0,-1.0,-1.0
MAR11813_r,-1.0,-1.0,-1.0,-1.0
MAR11814_r,-1.0,-1.0,-1.0,-1.0
MAR11819_r,-1.0,-1.0,-1.0,-1.0
MAR11820_r,-1.0,-1.0,-1.0,-1.0
MAR11822_r,-1.0,-1.0,-1.0,-1.0
MAR11825_r,-1.0,-1.0,-1.0,-1.0
MAR11826_r,-1.0,-1.0,-1.0,-1.0
MAR11831_r,-1.0,-1.0,-1.0,-1.0
MAR11832_r,-1.0,-1.0,-1.0,-1.0
MAR11843_r,-1.0,-1.0,-1.0,-1.0
MAR11844_r,-1.0,-1.0,-1.0,-1.0
MAR11845_r,-1.0,-1.0,-1.0,-1.0
MAR11846_r,-1.0,-1.0,-1.0,-1.0
MAR11890_r,-1.0,-1.0,-1.0,-1.0
MAR11892_r,-1.0,-1.0,-1.0,-1.0
MAR11894_r,-1.0,-1.0,-1.0,-1.0
MAR11896_r,-1.0,-1.0,-1.0,-1.0
MAR11900_r,-1.0,-1.0,-1.0,-1.0
MAR11903_r,-1.0,-1.0,-1.0,-1.0
MAR11905_r,-1.0,-1.0,-1.0,-1.0
MAR11913_r,-1.0,-1.0,-1.0,-1.0
MAR11924_r,-1.0,-1.0,-1.0,-1.0
MAR11928_r,-1.0,-1.0,-1.0,-1.0
MAR11931_r,-1.0,-1.0,-1.0,-1.0
MAR11935_r,-1.0,-1.0,-1.0,-1.0
MAR11937_r,-1.0,-1.0,-1.0,-1.0
MAR11939_r,-1.0,-1.0,-1.0,-1.0
MAR11941_r,-1.0,-1.0,-1.0,-1.0
MAR11943_r,-1.0,-1.0,-1.0,-1.0
MAR11944_r,-1.0,-1.0,-1.0,-1.0
MAR11946_r,-1.0,-1.0,-1.0,-1.0
MAR11948_r,-1.0,-1.0,-1.0,-1.0
MAR11950_r,-1.0,-1.0,-1.0,-1.0
MAR11955_r,-1.0,-1.0,-1.0,-1.0
MAR11958_r,-1.0,-1.0,-1.0,-1.0
MAR11960_r,-1.0,-1.0,-1.0,-1.0
MAR11963_r,-1.0,-1.0,-1.0,-1.0
MAR11973_r,-1.0,-1.0,-1.0,-1.0
MAR11976_r,-1.0,-1.0,-1.0,-1.0
MAR11977_r,-1.0,-1.0,-1.0,-1.0
MAR11979_r,-1.0,-1.0,-1.0,-1.0
MAR11980_r,-1.0,-1.0,-1.0,-1.0
MAR11986_r,-1.0,-1.0,-1.0,-1.0
MAR11989_r,-1.0,-1.0,-1.0,-1.0
MAR11992_r,-1.0,-1.0,-1.0,-1.0
MAR11995_r,-1.0,-1.0,-1.0,-1.0
MAR11998_r,-1.0,-1.0,-1.0,-1.0
MAR12014_r,-1.0,-1.0,-1.0,-1.0
MAR12016_r,-1.0,-1.0,-1.0,-1.0
MAR12022_r,-1.0,-1.0,-1.0,-1.0
MAR12023_r,3.9,3.1,1.0,1.5
MAR12027_r,-1.0,-1.0,-1.0,-1.0
MAR12031_r,-1.0,-1.0,-1.0,-1.0
MAR12033_r,-1.0,-1.0,-1.0,-1.0
MAR12040_r,-1.0,-1.0,-1.0,-1.0
MAR12088_r,-1.0,-1.0,-1.0,-1.0
MAR12089_r,-1.0,-1.0,-1.0,-1.0
MAR12090_r,-1.0,-1.0,-1.0,-1.0
MAR12093_r,-1.0,-1.0,-1.0,-1.0
MAR12094_r,-1.0,-1.0,-1.0,-1.0
MAR12095_r,-1.0,-1.0,-1.0,-1.0
MAR12096_r,-1.0,-1.0,-1.0,-1.0
MAR12097_r,-1.0,-1.0,-1.0,-1.0
MAR12100_r,-1.0,-1.0,-1.0,-1.0
MAR12101_r,-1.0,-1.0,-1.0,-1.0
MAR12102_r,-1.0,-1.0,-1.0,-1.0
MAR12103_r,-1.0,-1.0,-1.0,-1.0
MAR12113_r,-1.0,-1.0,-1.0,-1.0
MAR12115_r,-1.0,-1.0,-1.0,-1.0
MAR12116_r,-1.0,-1.0,-1.0,-1.0
MAR12117_r,-1.0,-1.0,-1.0,-1.0
MAR12121_r,-1.0,-1.0,-1.0,-1.0
MAR12126_r,-1.0,-1.0,-1.0,-1.0
MAR12143_r,-1.0,-1.0,-1.0,-1.0
MAR12148_r,-1.0,-1.0,-1.0,-1.0
MAR12151_r,-1.0,-1.0,-1.0,-1.0
MAR12155_r,-1.0,-1.0,-1.0,-1.0
MAR12159_r,-1.0,-1.0,-1.0,-1.0
MAR12162_r,-1.0,-1.0,-1.0,-1.0
MAR12165_r,-1.0,-1.0,-1.0,-1.0
MAR12170_r,-1.0,-1.0,-1.0,-1.0
MAR12172_r,-1.0,-1.0,-1.0,-1.0
MAR12177_r,-1.0,-1.0,-1.0,-1.0
MAR12181_r,-1.0,-1.0,-1.0,-1.0
MAR12182_r,-1.0,-1.0,-1.0,-1.0
MAR12185_r,-1.0,-1.0,-1.0,-1.0
MAR12190_r,-1.0,-1.0,-1.0,-1.0
MAR12194_r,-1.0,-1.0,-1.0,-1.0
MAR12196_r,-1.0,-1.0,-1.0,-1.0
MAR12235_r,-1.0,-1.0,-1.0,-1.0
MAR12238_r,-1.0,-1.0,-1.0,-1.0
MAR12241_r,-1.0,-1.0,-1.0,-1.0
MAR12244_r,-1.0,-1.0,-1.0,-1.0
MAR12249_r,-1.0,-1.0,-1.0,-1.0
MAR12253_r,-1.0,-1.0,-1.0,-1.0
MAR12257_r,-1.0,-1.0,-1.0,-1.0
MAR12261_r,-1.0,-1.0,-1.0,-1.0
MAR12263_r,-1.0,-1.0,-1.0,-1.0
MAR12265_r,-1.0,-1.0,-1.0,-1.0
MAR12267_r,-1.0,-1.0,-1.0,-1.0
MAR12270_r,-1.0,-1.0,-1.0,-1.0
MAR12275_r,-1.0,-1.0,-1.0,-1.0
MAR12279_r,-1.0,-1.0,-1.0,-1.0
MAR12281_r,-1.0,-1.0,-1.0,-1.0
MAR12283_r,-1.0,-1.0,-1.0,-1.0
MAR12285_r,-1.0,-1.0,-1.0,-1.0
MAR12288_r,-1.0,-1.0,-1.0,-1.0
MAR12292_r,-1.0,-1.0,-1.0,-1.0
MAR12295_r,-1.0,-1.0,-1.0,-1.0
MAR12298_r,-1.0,-1.0,-1.0,-1.0
MAR12301_r,-1.0,-1.0,-1.0,-1.0
MAR12304_r,-1.0,-1.0,-1.0,-1.0
MAR12306_r,-1.0,-1.0,-1.0,-1.0
MAR12310_r,-1.0,-1.0,-1.0,-1.0
MAR12317_r,-1.0,-1.0,-1.0,-1.0
MAR12320_r,-1.0,-1.0,-1.0,-1.0
MAR12324_r,-1.0,-1.0,-1.0,-1.0
MAR12331_r,-1.0,-1.0,-1.0,-1.0
MAR12332_r,-1.0,-1.0,-1.0,-1.0
MAR12334_r,-1.0,-1.0,-1.0,-1.0
MAR12336_r,-1.0,-1.0,-1.0,-1.0
MAR12338_r,-1.0,-1.0,-1.0,-1.0
MAR12345_r,-1.0,-1.0,-1.0,-1.0
MAR12346_r,-1.0,-1.0,-1.0,-1.0
MAR12351_r,-1.0,-1.0,-1.0,-1.0
MAR12352_r,-1.0,-1.0,-1.0,-1.0
MAR12353_r,-1.0,-1.0,-1.0,-1.0
MAR12354_r,-1.0,-1.0,-1.0,-1.0
MAR12356_r,-1.0,-1.0,-1.0,-1.0
MAR12359_r,-1.0,-1.0,-1.0,-1.0
MAR12361_r,-1.0,-1.0,-1.0,-1.0
MAR12362_r,-1.0,-1.0,-1.0,-1.0
MAR12365_r,-1.0,-1.0,-1.0,-1.0
MAR12366_r,-1.0,-1.0,-1.0,-1.0
MAR12368_r,-1.0,-1.0,-1.0,-1.0
MAR12374_r,-1.0,-1.0,-1.0,-1.0
MAR12377_r,-1.0,-1.0,-1.0,-1.0
MAR12378_r,-1.0,-1.0,-1.0,-1.0
MAR12384_r,-1.0,-1.0,-1.0,-1.0
MAR12385_r,-1.0,-1.0,-1.0,-1.0
MAR12391_r,-1.0,-1.0,-1.0,-1.0
MAR12395_r,-1.0,-1.0,-1.0,-1.0
MAR12396_r,-1.0,-1.0,-1.0,-1.0
MAR12400_r,-1.0,-1.0,-1.0,-1.0
MAR12401_r,-1.0,-1.0,-1.0,-1.0
MAR12402_r,-1.0,-1.0,-1.0,-1.0
MAR12405_r,-1.0,-1.0,-1.0,-1.0
MAR12408_r,-1.0,-1.0,-1.0,-1.0
MAR12411_r,-1.0,-1.0,-1.0,-1.0
MAR12413_r,-1.0,-1.0,-1.0,-1.0
MAR12418_r,-1.0,-1.0,-1.0,-1.0
MAR12422_r,-1.0,-1.0,-1.0,-1.0
MAR12424_r,-1.0,-1.0,-1.0,-1.0
MAR12429_r,-1.0,-1.0,-1.0,-1.0
MAR12431_r,-1.0,-1.0,-1.0,-1.0
MAR12433_r,-1.0,-1.0,-1.0,-1.0
MAR12442_r,-1.0,-1.0,-1.0,-1.0
MAR12445_r,-1.0,-1.0,-1.0,-1.0
MAR12450_r,-1.0,-1.0,-1.0,-1.0
MAR12454_r,-1.0,-1.0,-1.0,-1.0
MAR12456_r,-1.0,-1.0,-1.0,-1.0
MAR12459_r,-1.0,-1.0,-1.0,-1.0
MAR12463_r,-1.0,-1.0,-1.0,-1.0
MAR12469_r,-1.0,-1.0,-1.0,-1.0
MAR12473_r,-1.0,-1.0,-1.0,-1.0
MAR12480_r,-1.0,-1.0,-1.0,-1.0
MAR12483_r,-1.0,-1.0,-1.0,-1.0
MAR12486_r,-1.0,-1.0,-1.0,-1.0
MAR12491_r,-1.0,-1.0,-1.0,-1.0
MAR12494_r,-1.0,-1.0,-1.0,-1.0
MAR12498_r,-1.0,-1.0,-1.0,-1.0
MAR12501_r,-1.0,-1.0,-1.0,-1.0
MAR12505_r,-1.0,-1.0,-1.0,-1.0
MAR12508_r,-1.0,-1.0,-1.0,-1.0
MAR12509_r,-1.0,-1.0,-1.0,-1.0
MAR12510_r,-1.0,-1.0,-1.0,-1.0
MAR12513_r,-1.0,-1.0,-1.0,-1.0
MAR12518_r,-1.0,-1.0,-1.0,-1.0
MAR12522_r,-1.0,-1.0,-1.0,-1.0
MAR12524_r,-1.0,-1.0,-1.0,-1.0
MAR12526_r,-1.0,-1.0,-1.0,-1.0
MAR12527_r,-1.0,-1.0,-1.0,-1.0
MAR12529_r,-1.0,-1.0,-1.0,-1.0
MAR12532_r,-1.0,-1.0,-1.0,-1.0
MAR12534_r,-1.0,-1.0,-1.0,-1.0
MAR12546_r,-1.0,-1.0,-1.0,-1.0
MAR12548_r,-1.0,-1.0,-1.0,-1.0
MAR12550_r,-1.0,-1.0,-1.0,-1.0
MAR12551_r,-1.0,-1.0,-1.0,-1.0
MAR12554_r,-1.0,-1.0,-1.0,-1.0
MAR12555_r,-1.0,-1.0,-1.0,-1.0
MAR12563_r,-1.0,-1.0,-1.0,-1.0
MAR12568_r,-1.0,-1.0,-1.0,-1.0
MAR12571_r,-1.0,-1.0,-1.0,-1.0
MAR12722_r,-1.0,-1.0,-1.0,-1.0
MAR12723_r,-1.0,-1.0,-1.0,-1.0
MAR12726_r,-1.0,-1.0,-1.0,-1.0
MAR12727_r,-1.0,-1.0,-1.0,-1.0
MAR12731_r,-1.0,-1.0,-1.0,-1.0
MAR12734_r,-1.0,-1.0,-1.0,-1.0
MAR12741_r,-1.0,-1.0,-1.0,-1.0
MAR12742_r,-1.0,-1.0,-1.0,-1.0
MAR12743_r,-1.0,-1.0,-1.0,-1.0
MAR12751_r,-1.0,-1.0,-1.0,-1.0
MAR12752_r,-1.0,-1.0,-1.0,-1.0
MAR12755_r,-1.0,-1.0,-1.0,-1.0
MAR12757_r,-1.0,-1.0,-1.0,-1.0
MAR12759_r,-1.0,-1.0,-1.0,-1.0
MAR12762_r,-1.0,-1.0,-1.0,-1.0
MAR12764_r,-1.0,-1.0,-1.0,-1.0
MAR12766_r,-1.0,-1.0,-1.0,-1.0
MAR12768_r,-1.0,-1.0,-1.0,-1.0
MAR12769_r,-1.0,-1.0,-1.0,-1.0
MAR12771_r,-1.0,-1.0,-1.0,-1.0
MAR12772_r,-1.0,-1.0,-1.0,-1.0
MAR12773_r,-1.0,-1.0,-1.0,-1.0
MAR12783_r,-1.0,-1.0,-1.0,-1.0
MAR12784_r,-1.0,-1.0,-1.0,-1.0
MAR12785_r,-1.0,-1.0,-1.0,-1.0
MAR12791_r,-1.0,-1.0,-1.0,-1.0
MAR12795_r,-1.0,-1.0,-1.0,-1.0
MAR12797_r,-1.0,-1.0,-1.0,-1.0
MAR12798_r,-1.0,-1.0,-1.0,-1.0
MAR12799_r,-1.0,-1.0,-1.0,-1.0
MAR12800_r,-1.0,-1.0,-1.0,-1.0
MAR12804_r,-1.0,-1.0,-1.0,-1.0
MAR12805_r,-1.0,-1.0,-1.0,-1.0
MAR12806_r,-1.0,-1.0,-1.0,-1.0
MAR12807_r,-1.0,-1.0,-1.0,-1.0
MAR12810_r,-1.0,-1.0,-1.0,-1.0
MAR12814_r,-1.0,-1.0,-1.0,-1.0
MAR12819_r,-1.0,-1.0,-1.0,-1.0
MAR12820_r,-1.0,-1.0,-1.0,-1.0
MAR12824_r,-1.0,-1.0,-1.0,-1.0
MAR12825_r,-1.0,-1.0,-1.0,-1.0
MAR12826_r,-1.0,-1.0,-1.0,-1.0
MAR12827_r,-1.0,-1.0,-1.0,-1.0
MAR12834_r,-1.0,-1.0,-1.0,-1.0
MAR12835_r,-1.0,-1.0,-1.0,-1.0
MAR12840_r,-1.0,-1.0,-1.0,-1.0
MAR12846_r,-1.0,-1.0,-1.0,-1.0
MAR12847_r,-1.0,-1.0,-1.0,-1.0
MAR12851_r,-1.0,-1.0,-1.0,-1.0
MAR12853_r,-1.0,-1.0,-1.0,-1.0
MAR12855_r,-1.0,-1.0,-1.0,-1.0
MAR12858_r,-1.0,-1.0,-1.0,-1.0
MAR12859_r,-1.0,-1.0,-1.0,-1.0
MAR12861_r,-1.0,-1.0,-1.0,-1.0
MAR12863_r,-1.0,-1.0,-1.0,-1.0
MAR12865_r,-1.0,-1.0,-1.0,-1.0
MAR12866_r,-1.0,-1.0,-1.0,-1.0
MAR12867_r,-1.0,-1.0,-1.0,-1.0
MAR12868_r,-1.0,-1.0,-1.0,-1.0
MAR12871_r,-1.0,-1.0,-1.0,-1.0
MAR12876_r,-1.0,-1.0,-1.0,-1.0
MAR12877_r,-1.0,-1.0,-1.0,-1.0
MAR12878_r,-1.0,-1.0,-1.0,-1.0
MAR12879_r,-1.0,-1.0,-1.0,-1.0
MAR12880_r,-1.0,-1.0,-1.0,-1.0
MAR12881_r,-1.0,-1.0,-1.0,-1.0
MAR12882_r,-1.0,-1.0,-1.0,-1.0
MAR12883_r,-1.0,-1.0,-1.0,-1.0
MAR12884_r,-1.0,-1.0,-1.0,-1.0
MAR12885_r,-1.0,-1.0,-1.0,-1.0
MAR12886_r,-1.0,-1.0,-1.0,-1.0
MAR12887_r,-1.0,-1.0,-1.0,-1.0
MAR12888_r,-1.0,-1.0,-1.0,-1.0
MAR12889_r,-1.0,-1.0,-1.0,-1.0
MAR12890_r,-1.0,-1.0,-1.0,-1.0
MAR12891_r,-1.0,-1.0,-1.0,-1.0
MAR12892_r,-1.0,-1.0,-1.0,-1.0
MAR12893_r,-1.0,-1.0,-1.0,-1.0
MAR12894_r,-1.0,-1.0,-1.0,-1.0
MAR12895_r,-1.0,-1.0,-1.0,-1.0
MAR12896_r,-1.0,-1.0,-1.0,-1.0
MAR12897_r,-1.0,-1.0,-1.0,-1.0
MAR12898_r,-1.0,-1.0,-1.0,-1.0
MAR12899_r,-1.0,-1.0,-1.0,-1.0
MAR12900_r,-1.0,-1.0,-1.0,-1.0
MAR12901_r,-1.0,-1.0,-1.0,-1.0
MAR12902_r,-1.0,-1.0,-1.0,-1.0
MAR12903_r,-1.0,-1.0,-1.0,-1.0
MAR12904_r,-1.0,-1.0,-1.0,-1.0
MAR12905_r,-1.0,-1.0,-1.0,-1.0
MAR12906_r,-1.0,-1.0,-1.0,-1.0
MAR12907_r,-1.0,-1.0,-1.0,-1.0
MAR12908_r,-1.0,-1.0,-1.0,-1.0
MAR12909_r,-1.0,-1.0,-1.0,-1.0
MAR12910_r,-1.0,-1.0,-1.0,-1.0
MAR12911_r,-1.0,-1.0,-1.0,-1.0
MAR12912_r,-1.0,-1.0,-1.0,-1.0
MAR12913_r,-1.0,-1.0,-1.0,-1.0
MAR12914_r,-1.0,-1.0,-1.0,-1.0
MAR12915_r,-1.0,-1.0,-1.0,-1.0
MAR12916_r,-1.0,-1.0,-1.0,-1.0
MAR12917_r,-1.0,-1.0,-1.0,-1.0
MAR12918_r,-1.0,-1.0,-1.0,-1.0
MAR12919_r,-1.0,-1.0,-1.0,-1.0
MAR12920_r,-1.0,-1.0,-1.0,-1.0
MAR12921_r,-1.0,-1.0,-1.0,-1.0
MAR12922_r,-1.0,-1.0,-1.0,-1.0
MAR12923_r,-1.0,-1.0,-1.0,-1.0
MAR12924_r,-1.0,-1.0,-1.0,-1.0
MAR12925_r,-1.0,-1.0,-1.0,-1.0
MAR12926_r,-1.0,-1.0,-1.0,-1.0
MAR12927_r,-1.0,-1.0,-1.0,-1.0
MAR12928_r,-1.0,-1.0,-1.0,-1.0
MAR12929_r,-1.0,-1.0,-1.0,-1.0
MAR12930_r,-1.0,-1.0,-1.0,-1.0
MAR12931_r,-1.0,-1.0,-1.0,-1.0
MAR12932_r,-1.0,-1.0,-1.0,-1.0
MAR12933_r,-1.0,-1.0,-1.0,-1.0
MAR12934_r,-1.0,-1.0,-1.0,-1.0
MAR12935_r,-1.0,-1.0,-1.0,-1.0
MAR12936_r,-1.0,-1.0,-1.0,-1.0
MAR12937_r,-1.0,-1.0,-1.0,-1.0
MAR12938_r,-1.0,-1.0,-1.0,-1.0
MAR12939_r,-1.0,-1.0,-1.0,-1.0
MAR12940_r,-1.0,-1.0,-1.0,-1.0
MAR12941_r,-1.0,-1.0,-1.0,-1.0
MAR12942_r,-1.0,-1.0,-1.0,-1.0
MAR12943_r,-1.0,-1.0,-1.0,-1.0
MAR12944_r,-1.0,-1.0,-1.0,-1.0
MAR12945_r,-1.0,-1.0,-1.0,-1.0
MAR12946_r,-1.0,-1.0,-1.0,-1.0
MAR12947_r,-1.0,-1.0,-1.0,-1.0
MAR12948_r,-1.0,-1.0,-1.0,-1.0
MAR12949_r,-1.0,-1.0,-1.0,-1.0
MAR12950_r,-1.0,-1.0,-1.0,-1.0
MAR12951_r,-1.0,-1.0,-1.0,-1.0
MAR12952_r,-1.0,-1.0,-1.0,-1.0
MAR12953_r,-1.0,-1.0,-1.0,-1.0
MAR12954_r,-1.0,-1.0,-1.0,-1.0
MAR12955_r,-1.0,-1.0,-1.0,-1.0
MAR12956_r,-1.0,-1.0,-1.0,-1.0
MAR12957_r,-1.0,-1.0,-1.0,-1.0
MAR12958_r,-1.0,-1.0,-1.0,-1.0
MAR12959_r,-1.0,-1.0,-1.0,-1.0
MAR12960_r,-1.0,-1.0,-1.0,-1.0
MAR12961_r,-1.0,-1.0,-1.0,-1.0
MAR12962_r,-1.0,-1.0,-1.0,-1.0
MAR12963_r,-1.0,-1.0,-1.0,-1.0
MAR12964_r,-1.0,-1.0,-1.0,-1.0
MAR12965_r,-1.0,-1.0,-1.0,-1.0
MAR12967_r,-1.0,-1.0,-1.0,-1.0
MAR12968_r,-1.0,-1.0,-1.0,-1.0
MAR12969_r,-1.0,-1.0,-1.0,-1.0
MAR12970_r,-1.0,-1.0,-1.0,-1.0
MAR12971_r,-1.0,-1.0,-1.0,-1.0
MAR12972_r,-1.0,-1.0,-1.0,-1.0
MAR12973_r,-1.0,-1.0,-1.0,-1.0
MAR12974_r,-1.0,-1.0,-1.0,-1.0
MAR12975_r,-1.0,-1.0,-1.0,-1.0
MAR12976_r,-1.0,-1.0,-1.0,-1.0
MAR12978_r,-1.0,-1.0,-1.0,-1.0
MAR12979_r,-1.0,-1.0,-1.0,-1.0
MAR12980_r,-1.0,-1.0,-1.0,-1.0
MAR12981_r,-1.0,-1.0,-1.0,-1.0
MAR12982_r,-1.0,-1.0,-1.0,-1.0
MAR12983_r,-1.0,-1.0,-1.0,-1.0
MAR12984_r,-1.0,-1.0,-1.0,-1.0
MAR12985_r,-1.0,-1.0,-1.0,-1.0
MAR12986_r,-1.0,-1.0,-1.0,-1.0
MAR12987_r,-1.0,-1.0,-1.0,-1.0
MAR12988_r,-1.0,-1.0,-1.0,-1.0
MAR12989_r,-1.0,-1.0,-1.0,-1.0
MAR12990_r,-1.0,-1.0,-1.0,-1.0
MAR12997_r,-1.0,-1.0,-1.0,-1.0
MAR12998_r,-1.0,-1.0,-1.0,-1.0
MAR12999_r,-1.0,-1.0,-1.0,-1.0
MAR13000_r,-1.0,-1.0,-1.0,-1.0
MAR13002_r,-1.0,-1.0,-1.0,-1.0
MAR13004_r,-1.0,-1.0,-1.0,-1.0
MAR13005_r,-1.0,-1.0,-1.0,-1.0
MAR13006_r,-1.0,-1.0,-1.0,-1.0
MAR13007_r,-1.0,-1.0,-1.0,-1.0
MAR13008_r,-1.0,-1.0,-1.0,-1.0
MAR13009_r,-1.0,-1.0,-1.0,-1.0
MAR13010_r,-1.0,-1.0,-1.0,-1.0
MAR13011_r,-1.0,-1.0,-1.0,-1.0
MAR13012_r,-1.0,-1.0,-1.0,-1.0
MAR13013_r,-1.0,-1.0,-1.0,-1.0
MAR13014_r,-1.0,-1.0,-1.0,-1.0
MAR13015_r,-1.0,-1.0,-1.0,-1.0
MAR13016_r,-1.0,-1.0,-1.0,-1.0
MAR13017_r,-1.0,-1.0,-1.0,-1.0
MAR13018_r,-1.0,-1.0,-1.0,-1.0
MAR13019_r,-1.0,-1.0,-1.0,-1.0
MAR13020_r,-1.0,-1.0,-1.0,-1.0
MAR13021_r,-1.0,-1.0,-1.0,-1.0
MAR13022_r,-1.0,-1.0,-1.0,-1.0
MAR13023_r,-1.0,-1.0,-1.0,-1.0
MAR13024_r,-1.0,-1.0,-1.0,-1.0
MAR13025_r,-1.0,-1.0,-1.0,-1.0
MAR13026_r,-1.0,-1.0,-1.0,-1.0
MAR13027_r,-1.0,-1.0,-1.0,-1.0
MAR13028_r,-1.0,-1.0,-1.0,-1.0
MAR13029_r,-1.0,-1.0,-1.0,-1.0
MAR13075_r,-1.0,-1.0,-1.0,-1.0
MAR13076_r,-1.0,-1.0,-1.0,-1.0
MAR13077_r,-1.0,-1.0,-1.0,-1.0
MAR10033_r,-1.0,-1.0,-1.0,-1.0
MAR10034_r,-1.0,-1.0,-1.0,-1.0
MAR10035_r,-1.0,-1.0,-1.0,-1.0
MAR10036_r,-1.0,-1.0,-1.0,-1.0
MAR10037_r,-1.0,-1.0,-1.0,-1.0
MAR10038_r,-1.0,-1.0,-1.0,-1.0
MAR10039_r,-1.0,-1.0,-1.0,-1.0
MAR10040_r,-1.0,-1.0,-1.0,-1.0
MAR10041_r,-1.0,-1.0,-1.0,-1.0
MAR10043_r,-1.0,-1.0,-1.0,-1.0
MAR10044_r,-1.0,-1.0,-1.0,-1.0
MAR10045_r,-1.0,-1.0,-1.0,-1.0
MAR10048_r,-1.0,-1.0,-1.0,-1.0
MAR10049_r,-1.0,-1.0,-1.0,-1.0
MAR10052_r,-1.0,-1.0,-1.0,-1.0
MAR10053_r,-1.0,-1.0,-1.0,-1.0
MAR10054_r,-1.0,-1.0,-1.0,-1.0
MAR10055_r,-1.0,-1.0,-1.0,-1.0
MAR10056_r,-1.0,-1.0,-1.0,-1.0
MAR10057_r,-1.0,-1.0,-1.0,-1.0
MAR10058_r,-1.0,-1.0,-1.0,-1.0
MAR13084_r,-1.0,-1.0,-1.0,-1.0
MAR13085_r,-1.0,-1.0,-1.0,-1.0
MAR20113_r,-1.0,-1.0,-1.0,-1.0
